0.1	0.2	0.3	0.4	0.5	0.6	0.7	0.8	0.9	1
0.796	0.8	0.79	0.78	0.784	0.778	0.778	0.777	0.759	0.782
0.802	0.791	0.784	0.774	0.784	0.773	0.782	0.786	0.772	0.766
0.801	0.795	0.793	0.786	0.787	0.777	0.763	0.767	0.769	0.772
0.8	0.802	0.786	0.781	0.769	0.769	0.774	0.781	0.775	0.783
0.794	0.787	0.784	0.777	0.775	0.773	0.777	0.774	0.772	0.765
0.797	0.788	0.777	0.77	0.789	0.784	0.772	0.776	0.764	0.776
0.805	0.809	0.785	0.777	0.767	0.787	0.767	0.779	0.764	0.785
0.79	0.802	0.784	0.756	0.784	0.764	0.789	0.7715	0.768	0.7647
0.804	0.793	0.782	0.779	0.772	0.779	0.771	0.775	0.78037	0.776
0.803	0.7956	0.794	0.779	0.782	0.773	0.77864	0.782	0.776	0.78