0.01	0.02	0.03	0.04	0.05	0.06	0.07	0.08	0.09	0.1
0.8068	0.795	0.797	0.803	0.802	0.802	0.809	0.801	0.802	0.796
0.80559	0.811	0.809	0.794	0.808	0.791	0.802	0.796	0.797	0.802
0.802	0.808	0.802	0.804	0.798	0.796	0.797	0.808	0.795	0.801
0.805	0.807	0.798	0.799	0.796	0.798	0.8	0.8	0.789	0.8
0.811	0.798	0.806	0.801	0.791	0.804	0.79	0.793	0.792	0.794
0.811	0.804	0.799	0.8	0.793	0.798	0.797	0.796	0.8	0.797
0.808	0.803	0.802	0.804	0.801	0.806	0.801	0.804	0.797	0.805
0.803	0.796	0.801	0.786	0.807	0.809	0.809	0.81	0.803	0.79
0.806	0.804	0.799	0.797	0.797	0.797	0.798	0.805	0.801	0.804
0.803	0.807	0.8	0.804	0.803	0.801	0.807	0.808	0.791	0.803