geometric OFF RCP GRD BAT SAM1 SAM+ COL1 COL+
2 1.0 0.283 0.722 0.736 0.743 0.814 0.751 0.803
4 1.0 0.288 0.598 0.612 0.704 0.738 0.707 0.717
6 1.0 0.31 0.559 0.564 0.653 0.737 0.651 0.692
8 1.0 0.318 0.504 0.534 0.618 0.706 0.592 0.668
10 1.0 0.322 0.473 0.51 0.649 0.694 0.635 0.657
12 1.0 0.313 0.465 0.531 0.589 0.701 0.569 0.657
14 1.0 0.311 0.462 0.529 0.584 0.711 0.553 0.656
16 1.0 0.293 0.448 0.531 0.561 0.735 0.573 0.672
18 1.0 0.283 0.455 0.539 0.538 0.712 0.564 0.662
20 1.0 0.28 0.442 0.537 0.552 0.728 0.56 0.675