geometric OFF GRD HG BAT RCP SAM1 SAM+ COL1 COL+
2 1.0 0.682 0.546 0.572 0.254 0.73 0.762 0.717 0.767
4 1.0 0.643 0.439 0.52 0.269 0.723 0.74 0.69 0.733
6 1.0 0.564 0.43 0.501 0.251 0.709 0.751 0.702 0.723
8 1.0 0.516 0.371 0.539 0.253 0.7 0.778 0.691 0.765
10 1.0 0.492 0.339 0.493 0.309 0.659 0.698 0.641 0.698
12 1.0 0.461 0.332 0.542 0.29 0.631 0.791 0.632 0.771
14 1.0 0.449 0.322 0.56 0.296 0.643 0.778 0.616 0.768
16 1.0 0.495 0.364 0.549 0.309 0.594 0.766 0.585 0.76
18 1.0 0.472 0.337 0.535 0.259 0.59 0.779 0.583 0.767
20 1.0 0.43 0.291 0.524 0.234 0.612 0.76 0.611 0.748