poisson OFF RCP GRD BAT SAM1 SAM+ COL1 COL+
2 1.0 0.25 0.714 0.543 0.799 0.822 0.784 0.822
4 1.0 0.288 0.576 0.525 0.727 0.77 0.725 0.765
6 1.0 0.314 0.551 0.531 0.674 0.738 0.692 0.725
8 1.0 0.305 0.498 0.551 0.657 0.747 0.654 0.725
10 1.0 0.305 0.461 0.579 0.655 0.768 0.627 0.76
12 1.0 0.297 0.441 0.623 0.615 0.762 0.592 0.709
14 1.0 0.331 0.441 0.613 0.612 0.757 0.612 0.712
16 1.0 0.272 0.452 0.59 0.637 0.763 0.602 0.699
18 1.0 0.34 0.391 0.593 0.618 0.771 0.605 0.71
20 1.0 0.326 0.413 0.604 0.592 0.784 0.594 0.723