poisson OFF GRD HG BAT RCP SAM1 SAM+ COL1 COL+
2 1.0 0.79 0.49 0.52 0.235 0.832 0.849 0.829 0.848
4 1.0 0.666 0.413 0.504 0.243 0.747 0.777 0.748 0.77
6 1.0 0.586 0.385 0.538 0.254 0.737 0.757 0.759 0.754
8 1.0 0.59 0.389 0.541 0.237 0.689 0.766 0.68 0.754
10 1.0 0.568 0.389 0.555 0.292 0.677 0.809 0.686 0.793
12 1.0 0.521 0.34 0.593 0.271 0.643 0.793 0.625 0.779
14 1.0 0.499 0.302 0.619 0.282 0.632 0.794 0.637 0.774
16 1.0 0.495 0.35 0.664 0.29 0.632 0.85 0.664 0.844
18 1.0 0.495 0.314 0.638 0.271 0.633 0.799 0.639 0.789
20 1.0 0.495 0.329 0.611 0.289 0.652 0.828 0.67 0.817