sigma OFF RCP GRD BAT SAM+ COL+
0.25 1.0 0.39 0.737 0.731 0.703 0.664
0.5 1.0 0.349 0.607 0.633 0.751 0.714
0.75 1.0 0.351 0.554 0.596 0.765 0.723
1 1.0 0.332 0.505 0.594 0.769 0.727
1.25 1.0 0.334 0.494 0.601 0.772 0.727
1.5 1.0 0.319 0.492 0.581 0.771 0.731
1.75 1.0 0.345 0.481 0.582 0.777 0.75
2 1.0 0.345 0.477 0.583 0.791 0.751
2.25 1.0 0.324 0.47 0.585 0.778 0.744
2.5 1.0 0.31 0.478 0.565 0.766 0.742
2.75 1.0 0.309 0.474 0.577 0.773 0.751
3 1.0 0.318 0.47 0.583 0.762 0.742
3.25 1.0 0.343 0.459 0.584 0.776 0.738
3.5 1.0 0.327 0.467 0.566 0.778 0.742
3.75 1.0 0.344 0.475 0.567 0.775 0.745
4 1.0 0.301 0.478 0.56 0.784 0.758
4.25 1.0 0.308 0.47 0.577 0.776 0.75
4.5 1.0 0.311 0.447 0.576 0.774 0.744
4.75 1.0 0.338 0.461 0.568 0.786 0.756
5 1.0 0.33 0.465 0.572 0.782 0.759