sigma OFF RCP GRD BAT SAM+ COL+
0.25 1.0 0.404 0.774 0.771 0.636 0.589
0.5 1.0 0.374 0.659 0.654 0.674 0.638
0.75 1.0 0.343 0.585 0.581 0.677 0.639
1 1.0 0.358 0.541 0.555 0.687 0.639
1.25 1.0 0.337 0.521 0.542 0.697 0.662
1.5 1.0 0.328 0.533 0.555 0.682 0.645
1.75 1.0 0.345 0.5 0.546 0.697 0.653
2 1.0 0.329 0.519 0.534 0.701 0.661
2.25 1.0 0.315 0.519 0.53 0.703 0.663
2.5 1.0 0.341 0.502 0.528 0.697 0.661
2.75 1.0 0.337 0.484 0.524 0.705 0.662
3 1.0 0.31 0.506 0.536 0.702 0.661
3.25 1.0 0.318 0.487 0.527 0.707 0.664
3.5 1.0 0.317 0.479 0.52 0.697 0.663
3.75 1.0 0.315 0.484 0.526 0.699 0.66
4 1.0 0.327 0.493 0.524 0.694 0.645
4.25 1.0 0.309 0.492 0.537 0.69 0.66
4.5 1.0 0.32 0.482 0.524 0.693 0.652
4.75 1.0 0.321 0.489 0.528 0.697 0.648
5 1.0 0.309 0.514 0.541 0.689 0.659