sigma OFF RCP GRD BAT SAM+ COL+
0.25 1.0 0.417 0.728 0.687 0.687 0.651
0.5 1.0 0.378 0.599 0.634 0.73 0.696
0.75 1.0 0.363 0.552 0.639 0.733 0.705
1 1.0 0.321 0.494 0.592 0.733 0.711
1.25 1.0 0.344 0.499 0.585 0.749 0.71
1.5 1.0 0.329 0.505 0.59 0.744 0.716
1.75 1.0 0.322 0.501 0.631 0.77 0.732
2 1.0 0.323 0.476 0.601 0.743 0.718
2.25 1.0 0.342 0.493 0.625 0.757 0.715
2.5 1.0 0.332 0.477 0.607 0.761 0.737
2.75 1.0 0.335 0.475 0.621 0.75 0.726
3 1.0 0.31 0.481 0.578 0.742 0.709
3.25 1.0 0.301 0.485 0.595 0.748 0.715
3.5 1.0 0.313 0.459 0.531 0.744 0.711
3.75 1.0 0.34 0.47 0.58 0.734 0.701
4 1.0 0.308 0.492 0.557 0.739 0.714
4.25 1.0 0.301 0.485 0.576 0.772 0.736
4.5 1.0 0.309 0.458 0.534 0.74 0.717
4.75 1.0 0.299 0.494 0.576 0.75 0.723
5 1.0 0.31 0.462 0.578 0.762 0.731