sigma OFF RCP GRD BAT SAM1 SAM+ COL1 COL+
1 1.0 0.348 0.524 0.557 0.61 0.688 0.57 0.638
2 1.0 0.335 0.532 0.553 0.61 0.697 0.581 0.658
3 1.0 0.32 0.515 0.536 0.618 0.698 0.596 0.664
4 1.0 0.346 0.479 0.512 0.631 0.689 0.605 0.65
5 1.0 0.289 0.5 0.523 0.598 0.69 0.6 0.651
6 1.0 0.308 0.475 0.537 0.62 0.713 0.581 0.66
7 1.0 0.31 0.481 0.525 0.603 0.701 0.578 0.657
8 1.0 0.304 0.488 0.527 0.608 0.701 0.589 0.661
9 1.0 0.308 0.465 0.512 0.642 0.702 0.619 0.66
10 1.0 0.309 0.502 0.535 0.61 0.715 0.589 0.68