uniform OFF GRD HG BAT RCP SAM1 SAM+ COL1 COL+
2 1.0 0.704 0.476 0.612 0.232 0.741 0.852 0.772 0.848
4 1.0 0.681 0.435 0.606 0.23 0.756 0.817 0.77 0.81
6 1.0 0.576 0.389 0.533 0.231 0.748 0.777 0.745 0.776
8 1.0 0.602 0.374 0.601 0.301 0.719 0.79 0.713 0.766
10 1.0 0.556 0.382 0.597 0.299 0.687 0.75 0.658 0.713
12 1.0 0.557 0.357 0.624 0.271 0.698 0.766 0.672 0.741
14 1.0 0.559 0.339 0.519 0.259 0.665 0.767 0.637 0.759
16 1.0 0.528 0.314 0.58 0.249 0.684 0.793 0.689 0.778
18 1.0 0.557 0.313 0.579 0.236 0.635 0.783 0.645 0.777
20 1.0 0.505 0.287 0.586 0.263 0.609 0.846 0.619 0.832