uniform OFF RCP GRD BAT SAM1 SAM+ COL1 COL+
2 1.0 0.305 0.641 0.609 0.784 0.813 0.781 0.804
4 1.0 0.302 0.612 0.616 0.743 0.805 0.738 0.802
6 1.0 0.295 0.476 0.57 0.702 0.785 0.698 0.765
8 1.0 0.306 0.502 0.578 0.688 0.756 0.666 0.732
10 1.0 0.328 0.465 0.565 0.695 0.782 0.665 0.752
12 1.0 0.323 0.461 0.558 0.687 0.775 0.672 0.743
14 1.0 0.312 0.463 0.554 0.681 0.773 0.663 0.745
16 1.0 0.315 0.466 0.567 0.612 0.764 0.623 0.724
18 1.0 0.32 0.418 0.633 0.581 0.776 0.575 0.714
20 1.0 0.28 0.441 0.627 0.586 0.774 0.585 0.712