2024-06-26 11:37:26
density_geometric OFF RCP GRD SAM1 SAMC1 BAT
1.0 1.0 0.171 0.312 0.995 0.997 0.391
1.5 1.0 0.223 0.331 0.99 0.99 0.392
2.0 1.0 0.256 0.343 0.983 0.983 0.412
2.5 1.0 0.273 0.355 0.979 0.979 0.418
3.0 1.0 0.281 0.363 0.971 0.972 0.431
3.5 1.0 0.295 0.374 0.963 0.964 0.439
4.0 1.0 0.304 0.381 0.954 0.955 0.448
4.5 1.0 0.315 0.394 0.941 0.939 0.453
5.0 1.0 0.327 0.412 0.922 0.923 0.467
2024-06-26 14:02:41
density_single OFF RCP GRD SAM1 SAMC1 BAT
1.0 1.0 0.252 0.107 0.844 0.831 0.489
1.5 1.0 0.303 0.121 0.804 0.796 0.494
2.0 1.0 0.361 0.136 0.751 0.737 0.512
2.5 1.0 0.389 0.147 0.721 0.7 0.528
3.0 1.0 0.411 0.169 0.679 0.662 0.542
3.5 1.0 0.428 0.183 0.647 0.632 0.55
4.0 1.0 0.442 0.191 0.633 0.617 0.562
4.5 1.0 0.451 0.201 0.607 0.597 0.573
5.0 1.0 0.466 0.216 0.593 0.582 0.59
2024-06-26 16:19:17
density_poisson OFF RCP GRD SAM1 SAMC1 BAT
1.0 1.0 0.238 0.116 0.844 0.842 0.429
1.5 1.0 0.294 0.132 0.778 0.768 0.445
2.0 1.0 0.333 0.149 0.755 0.742 0.459
2.5 1.0 0.364 0.163 0.709 0.701 0.464
3.0 1.0 0.388 0.176 0.687 0.677 0.477
3.5 1.0 0.401 0.187 0.667 0.651 0.487
4.0 1.0 0.414 0.195 0.65 0.638 0.497
4.5 1.0 0.413 0.209 0.625 0.613 0.513
5.0 1.0 0.43 0.225 0.608 0.595 0.526
2024-09-18 22:04:50
density_single OFF RCP GRD SAM1 SAMC1 BAT
1.0 1.0 0.178 0.922 0.862 0.857 0.242
1.5 1.0 0.233 0.887 0.808 0.801 0.281
2.0 1.0 0.26 0.871 0.776 0.776 0.284
2.5 1.0 0.281 0.863 0.766 0.76 0.32
3.0 1.0 0.302 0.823 0.733 0.729 0.332
3.5 1.0 0.311 0.803 0.722 0.715 0.337
4.0 1.0 0.302 0.799 0.709 0.698 0.347
4.5 1.0 0.325 0.773 0.702 0.697 0.368
5.0 1.0 0.343 0.784 0.689 0.683 0.369
2024-09-18 22:10:32
density_poisson OFF RCP GRD SAM1 SAMC1 BAT
1.0 1.0 0.162 0.93 0.845 0.843 0.218
1.5 1.0 0.245 0.875 0.788 0.784 0.24
2.0 1.0 0.256 0.863 0.78 0.76 0.266
2.5 1.0 0.28 0.834 0.747 0.74 0.282
3.0 1.0 0.298 0.817 0.727 0.717 0.31
3.5 1.0 0.298 0.82 0.73 0.721 0.308
4.0 1.0 0.314 0.788 0.727 0.714 0.325
4.5 1.0 0.348 0.756 0.681 0.672 0.342
5.0 1.0 0.344 0.778 0.693 0.684 0.357
2024-09-18 22:13:06
density_geometric OFF RCP GRD SAM1 SAMC1 BAT
1.0 1.0 0.15 0.986 0.986 0.986 0.447
1.5 1.0 0.177 0.985 0.981 0.984 0.444
2.0 1.0 0.218 0.954 0.949 0.948 0.435
2.5 1.0 0.187 0.957 0.949 0.947 0.443
3.0 1.0 0.217 0.943 0.936 0.934 0.471
3.5 1.0 0.233 0.942 0.926 0.929 0.445
4.0 1.0 0.238 0.927 0.91 0.913 0.471
4.5 1.0 0.243 0.937 0.927 0.925 0.477
5.0 1.0 0.25 0.929 0.919 0.92 0.486
2024-09-18 22:22:21
samp use gamma=2
density_single OFF RCP GRD SAM1 SAMC1 BAT
1.0 1.0 0.183 0.918 0.904 0.895 0.246
1.5 1.0 0.226 0.879 0.851 0.826 0.275
2.0 1.0 0.242 0.876 0.827 0.806 0.28
2.5 1.0 0.291 0.854 0.807 0.79 0.325
3.0 1.0 0.303 0.83 0.795 0.772 0.336
3.5 1.0 0.303 0.804 0.789 0.759 0.34
4.0 1.0 0.313 0.804 0.774 0.748 0.355
4.5 1.0 0.336 0.771 0.774 0.74 0.378
5.0 1.0 0.333 0.781 0.74 0.715 0.381
2024-09-18 22:25:49
density_poisson OFF RCP GRD SAM1 SAMC1 BAT
1.0 1.0 0.158 0.909 0.891 0.868 0.239
1.5 1.0 0.222 0.875 0.844 0.817 0.259
2.0 1.0 0.265 0.862 0.837 0.795 0.272
2.5 1.0 0.276 0.832 0.797 0.777 0.266
3.0 1.0 0.3 0.819 0.799 0.764 0.314
3.5 1.0 0.313 0.809 0.789 0.758 0.321
4.0 1.0 0.307 0.783 0.79 0.75 0.329
4.5 1.0 0.35 0.753 0.758 0.721 0.343
5.0 1.0 0.332 0.77 0.741 0.72 0.358
2024-09-18 22:28:26
density_geometric OFF RCP GRD SAM1 SAMC1 BAT
1.0 1.0 0.15 0.986 0.986 0.986 0.447
1.5 1.0 0.177 0.985 0.981 0.984 0.444
2.0 1.0 0.218 0.954 0.949 0.948 0.435
2.5 1.0 0.187 0.957 0.949 0.947 0.443
3.0 1.0 0.217 0.943 0.936 0.934 0.471
3.5 1.0 0.233 0.942 0.926 0.929 0.445
4.0 1.0 0.225 0.93 0.917 0.919 0.474
4.5 1.0 0.243 0.937 0.927 0.925 0.477
5.0 1.0 0.241 0.928 0.916 0.916 0.491
2024-09-18 22:36:56
density_single OFF RCP GRD SAM1 SAMC1 BAT
1.0 1.0 0.139 0.891 0.856 0.795 0.194
1.5 1.0 0.247 0.856 0.803 0.744 0.215
2.0 1.0 0.267 0.827 0.781 0.722 0.223
2.5 1.0 0.291 0.81 0.768 0.702 0.195
3.0 1.0 0.322 0.798 0.743 0.681 0.252
3.5 1.0 0.331 0.75 0.74 0.682 0.226
4.0 1.0 0.348 0.733 0.729 0.689 0.279
4.5 1.0 0.378 0.734 0.731 0.68 0.293
5.0 1.0 0.393 0.733 0.724 0.668 0.333
2024-09-18 22:41:24
density_poisson OFF RCP GRD SAM1 SAMC1 BAT
1.0 1.0 0.18 0.899 0.837 0.771 0.169
1.5 1.0 0.229 0.847 0.802 0.704 0.209
2.0 1.0 0.271 0.827 0.768 0.708 0.213
2.5 1.0 0.265 0.792 0.776 0.716 0.214
3.0 1.0 0.324 0.779 0.742 0.686 0.258
3.5 1.0 0.33 0.775 0.745 0.685 0.279
4.0 1.0 0.346 0.732 0.755 0.714 0.288
4.5 1.0 0.377 0.706 0.717 0.656 0.302
5.0 1.0 0.394 0.725 0.727 0.675 0.314
2024-09-18 22:44:11
density_geometric OFF RCP GRD SAM1 SAMC1 BAT
1.0 1.0 0.15 0.986 0.986 0.986 0.447
1.5 1.0 0.177 0.985 0.981 0.984 0.444
2.0 1.0 0.218 0.954 0.949 0.948 0.435
2.5 1.0 0.187 0.957 0.949 0.947 0.443
3.0 1.0 0.217 0.943 0.936 0.934 0.471
3.5 1.0 0.233 0.942 0.926 0.929 0.445
4.0 1.0 0.225 0.93 0.917 0.919 0.474
4.5 1.0 0.243 0.937 0.927 0.925 0.477
5.0 1.0 0.241 0.928 0.916 0.916 0.491
2024-09-18 22:50:32
density_single OFF RCP GRD SAM1 SAMC1 BAT
5 1.0 0.343 0.784 0.689 0.683 0.369
10 1.0 0.413 0.675 0.612 0.607 0.48
15 1.0 0.443 0.64 0.59 0.578 0.571
20 1.0 0.479 0.589 0.567 0.561 0.648
2024-09-18 22:57:34 gamma = 2 for sam, D = 20
density_single OFF RCP GRD SAM1 SAMC1 BAT
5 1.0 0.329 0.778 0.76 0.692 0.376
10 1.0 0.401 0.678 0.686 0.604 0.488
15 1.0 0.434 0.645 0.647 0.58 0.578
20 1.0 0.486 0.606 0.635 0.56 0.64
2024-09-18 23:11:00
density_single OFF RCP GRD SAM1 SAMC1 BAT
5 1.0 0.392 0.721 0.747 0.686 0.34
10 1.0 0.48 0.631 0.704 0.636 0.452
15 1.0 0.499 0.604 0.698 0.622 0.551
20 1.0 0.544 0.582 0.694 0.631 0.512
2024-09-18 23:20:27
density_single OFF RCP GRD SAM1 SAMC1 BAT
5 1.0 0.404 0.723 0.588 0.573 0.347
10 1.0 0.477 0.629 0.55 0.549 0.464
15 1.0 0.502 0.596 0.53 0.528 0.542
20 1.0 0.545 0.581 0.531 0.528 0.508
2024-09-18 23:30:11 gamma  = 1
density_single OFF RCP GRD SAM1 SAMC1 BAT
5 1.0 0.404 0.723 0.588 0.573 0.347
10 1.0 0.477 0.629 0.55 0.549 0.464
15 1.0 0.502 0.596 0.53 0.528 0.542
20 1.0 0.545 0.581 0.531 0.528 0.508
2024-09-18 23:37:17
density_single OFF RCP GRD SAM1 SAMC1 BAT
5 1.0 0.388 0.747 0.601 0.599 0.328
10 1.0 0.488 0.646 0.549 0.549 0.448
15 1.0 0.503 0.589 0.55 0.527 0.52
20 1.0 0.54 0.565 0.519 0.525 0.596
2024-09-18 23:39:16
density_single OFF RCP GRD SAM1 SAMC1 BAT
5 1.0 0.306 0.778 0.687 0.683 0.339
10 1.0 0.418 0.698 0.619 0.596 0.465
15 1.0 0.417 0.626 0.578 0.567 0.516
20 1.0 0.436 0.606 0.574 0.559 0.619
2024-09-18 23:57:19
density_single OFF RCP GRD SAM1 SAM2 SAM3 SAMC1 BAT
0.1 1.0 0.277 0.81 0.625 0.749 0.794 0.613 0.237
0.2 1.0 0.4 0.75 0.586 0.715 0.751 0.6 0.345
0.3 1.0 0.407 0.66 0.552 0.667 0.691 0.55 0.387
0.4 1.0 0.511 0.649 0.543 0.681 0.726 0.554 0.449
0.5 1.0 0.489 0.612 0.549 0.691 0.729 0.541 0.501
2024-09-18 23:59:48
density_single OFF RCP GRD SAM1 SAM2 SAM3 SAMC1 BAT
0.1 1.0 0.291 0.853 0.775 0.841 0.85 0.761 0.313
0.2 1.0 0.314 0.77 0.688 0.739 0.747 0.677 0.344
0.3 1.0 0.4 0.719 0.627 0.692 0.707 0.616 0.436
0.4 1.0 0.403 0.701 0.62 0.693 0.712 0.597 0.455
0.5 1.0 0.458 0.652 0.581 0.674 0.692 0.569 0.545
2024-09-19 00:05:35
density_poisson OFF RCP GRD SAM1 SAM2 SAM3 SAMC1 BAT
0.1 1.0 0.316 0.81 0.653 0.787 0.82 0.642 0.239
0.2 1.0 0.367 0.737 0.596 0.716 0.743 0.57 0.322
0.3 1.0 0.422 0.688 0.543 0.676 0.711 0.526 0.402
0.4 1.0 0.505 0.636 0.541 0.697 0.739 0.52 0.441
0.5 1.0 0.497 0.606 0.538 0.694 0.737 0.526 0.508
2024-09-19 00:07:41
density_geometric OFF RCP GRD SAM1 SAM2 SAM3 SAMC1 BAT
0.1 1.0 0.238 0.947 0.936 0.939 0.936 0.938 0.439
0.2 1.0 0.254 0.923 0.914 0.914 0.914 0.913 0.479
0.3 1.0 0.288 0.904 0.899 0.897 0.896 0.9 0.542
0.4 1.0 0.275 0.879 0.879 0.877 0.875 0.877 0.557
0.5 1.0 0.309 0.869 0.866 0.871 0.873 0.863 0.612
2024-09-25 20:36:54
density_single OFF RCP GRD SAM1 SAM2 SAM3 SAMC1 BAT
0.1 1.0 0.295 0.805 0.813 0.862 0.864 0.812 0.428
0.2 1.0 0.252 0.738 0.711 0.749 0.764 0.727 0.464
0.3 1.0 0.326 0.646 0.634 0.727 0.739 0.641 0.561
0.4 1.0 0.334 0.604 0.641 0.701 0.718 0.643 0.605
0.5 1.0 0.366 0.57 0.632 0.703 0.716 0.643 0.653
2024-09-25 21:18:36
density_sin OFF RCP GRD SAM1 SAM2 SAM3 SAMC1 BAT
0.1 1.0 0.31 0.788 0.581 0.744 0.821 0.586 0.767
0.2 1.0 0.364 0.688 0.591 0.756 0.815 0.558 0.831
0.3 1.0 0.427 0.563 0.539 0.722 0.798 0.568 0.876
0.4 1.0 0.401 0.524 0.584 0.732 0.815 0.625 0.874
0.5 1.0 0.425 0.471 0.561 0.745 0.824 0.609 0.884
2024-09-25 21:19:24
density_single OFF RCP GRD SAM1 SAM2 SAM3 SAMC1 BAT
0.1 1.0 0.295 0.805 0.813 0.862 0.864 0.812 0.428
0.2 1.0 0.252 0.738 0.711 0.749 0.764 0.727 0.464
0.3 1.0 0.326 0.646 0.634 0.727 0.739 0.641 0.561
0.4 1.0 0.334 0.604 0.641 0.701 0.718 0.643 0.605
0.5 1.0 0.366 0.57 0.632 0.703 0.716 0.643 0.653
2024-09-25 21:23:51
density_poisson OFF RCP GRD SAM1 SAM2 SAM3 SAMC1 BAT
0.1 1.0 0.261 0.819 0.797 0.837 0.841 0.794 0.434
0.2 1.0 0.283 0.729 0.689 0.761 0.762 0.703 0.489
0.3 1.0 0.329 0.65 0.665 0.731 0.729 0.657 0.555
0.4 1.0 0.354 0.593 0.636 0.692 0.707 0.639 0.582
0.5 1.0 0.37 0.572 0.592 0.651 0.651 0.592 0.621
2024-09-25 21:25:35
density_poisson OFF RCP GRD SAM1 SAM2 SAM3 SAMC1 BAT
0.1 1.0 0.266 0.84 0.787 0.828 0.842 0.781 0.437
0.2 1.0 0.282 0.762 0.69 0.725 0.744 0.668 0.501
0.3 1.0 0.34 0.691 0.655 0.695 0.715 0.646 0.567
0.4 1.0 0.366 0.642 0.639 0.684 0.688 0.612 0.599
0.5 1.0 0.398 0.618 0.578 0.637 0.651 0.57 0.639
2024-09-25 21:27:39
density_poisson OFF RCP GRD SAM1 SAM2 SAM3 SAMC1 BAT
0.1 1.0 0.192 0.791 0.661 0.772 0.807 0.662 0.508
0.2 1.0 0.382 0.717 0.598 0.715 0.714 0.584 0.593
0.3 1.0 0.345 0.639 0.556 0.682 0.704 0.543 0.675
0.4 1.0 0.41 0.599 0.566 0.712 0.737 0.553 0.69
0.5 1.0 0.398 0.547 0.527 0.694 0.733 0.531 0.716
2024-09-25 21:39:49
density_geo_new OFF RCP GRD SAM1 SAM2 SAM3 SAMC1 BAT
0.1 1.0 0.306 0.806 0.774 0.792 0.812 0.741 0.362
0.2 1.0 0.316 0.722 0.67 0.719 0.728 0.642 0.425
0.3 1.0 0.342 0.659 0.597 0.67 0.68 0.585 0.463
0.4 1.0 0.325 0.639 0.601 0.657 0.663 0.583 0.501
0.5 1.0 0.373 0.596 0.58 0.625 0.643 0.568 0.522
2024-09-25 21:41:05
density_geo_new OFF RCP GRD SAM1 SAM2 SAM3 SAMC1 BAT
0.1 1.0 0.296 0.781 0.716 0.796 0.787 0.71 0.384
0.2 1.0 0.337 0.687 0.599 0.678 0.711 0.574 0.433
0.3 1.0 0.362 0.615 0.552 0.622 0.641 0.536 0.471
0.4 1.0 0.374 0.612 0.56 0.666 0.681 0.528 0.514
0.5 1.0 0.358 0.569 0.528 0.617 0.63 0.516 0.536
2024-09-25 21:45:46
density_geo_new OFF RCP GRD SAM1 SAM2 SAM3 SAMC1 BAT
0.1 1.0 0.264 0.767 0.676 0.763 0.792 0.653 0.386
0.2 1.0 0.345 0.676 0.586 0.671 0.685 0.561 0.458
0.3 1.0 0.336 0.611 0.526 0.633 0.63 0.508 0.498
0.4 1.0 0.386 0.598 0.555 0.655 0.685 0.515 0.532
0.5 1.0 0.309 0.553 0.508 0.627 0.659 0.505 0.556
2024-09-26 09:59:10 para = 50
density_geo_new OFF RCP GRD SAM1 SAM4 SAMC1 SAMC4 BAT
0.1 1.0 0.224 0.758 0.616 0.764 0.599 0.674 0.436
0.2 1.0 0.32 0.676 0.544 0.689 0.52 0.58 0.498
0.3 1.0 0.343 0.619 0.506 0.649 0.495 0.579 0.555
0.4 1.0 0.376 0.587 0.514 0.696 0.495 0.598 0.578
0.5 1.0 0.363 0.553 0.5 0.674 0.493 0.568 0.597
0.6 1.0 0.408 0.534 0.499 0.669 0.497 0.586 0.608
0.7 1.0 0.379 0.518 0.496 0.645 0.493 0.566 0.61
0.8 1.0 0.419 0.514 0.487 0.65 0.481 0.562 0.647
0.9 1.0 0.41 0.497 0.492 0.626 0.472 0.562 0.642
1.0 1.0 0.402 0.481 0.495 0.629 0.487 0.561 0.619
2024-09-26 10:22:32 para = 50
density_single OFF RCP GRD SAM1 SAM4 SAMC1 SAMC4 BAT
0.1 1.0 0.28 0.806 0.636 0.806 0.624 0.724 0.545
0.2 1.0 0.349 0.699 0.597 0.761 0.586 0.691 0.609
0.3 1.0 0.382 0.613 0.565 0.724 0.556 0.676 0.625
0.4 1.0 0.374 0.581 0.573 0.748 0.556 0.654 0.698
0.5 1.0 0.436 0.569 0.571 0.759 0.556 0.665 0.759
0.6 1.0 0.373 0.519 0.56 0.73 0.531 0.677 0.64
0.7 1.0 0.486 0.525 0.531 0.736 0.53 0.657 0.811
0.8 1.0 0.465 0.491 0.543 0.708 0.533 0.647 0.715
0.9 1.0 0.508 0.473 0.54 0.731 0.528 0.64 0.82
1.0 1.0 0.49 0.456 0.549 0.706 0.531 0.65 0.801
2024-09-26 11:40:50
density_geo_new OFF BAT_G
0.1 1.0 0.402
0.2 1.0 0.472
0.3 1.0 0.534
0.4 1.0 0.566
0.5 1.0 0.581
0.6 1.0 0.591
0.7 1.0 0.603
0.8 1.0 0.639
0.9 1.0 0.625
1.0 1.0 0.603
2024-09-26 11:44:37 para=20
density_geo_new OFF RCP GRD SAM1 SAM4 SAMC1 SAMC4 BAT BAT_G
0.1 1.0 0.257 0.806 0.771 0.821 0.744 0.776 0.383 0.367
0.2 1.0 0.304 0.718 0.617 0.697 0.609 0.663 0.445 0.427
0.3 1.0 0.367 0.701 0.592 0.679 0.574 0.625 0.491 0.482
0.4 1.0 0.342 0.634 0.583 0.65 0.571 0.612 0.507 0.497
0.5 1.0 0.368 0.617 0.57 0.644 0.556 0.612 0.541 0.535
0.6 1.0 0.380 0.592 0.559 0.647 0.547 0.6 0.549 0.538
0.7 1.0 0.394 0.569 0.552 0.636 0.544 0.588 0.573 0.565
0.8 1.0 0.387 0.56 0.537 0.625 0.52 0.559 0.6 0.589
0.9 1.0 0.390 0.547 0.539 0.613 0.531 0.563 0.59 0.582
1.0 1.0 0.406 0.528 0.544 0.609 0.536 0.581 0.578 0.574
2024-09-29 14:00:12
density_geo_new OFF RCP GRD SAM1 STH0.5 COL1 CTH0.5 BAT
0.1 1.0 0.201 0.725 0.622 0.659 0.614 0.652 0.392
0.2 1.0 0.316 0.639 0.547 0.576 0.54 0.583 0.467
0.3 1.0 0.324 0.574 0.526 0.577 0.506 0.541 0.525
0.4 1.0 0.342 0.541 0.511 0.567 0.519 0.537 0.537
0.5 1.0 0.357 0.491 0.538 0.566 0.509 0.544 0.575
0.6 1.0 0.37 0.455 0.507 0.555 0.517 0.549 0.571
0.7 1.0 0.378 0.472 0.507 0.528 0.514 0.535 0.586
0.8 1.0 0.397 0.443 0.499 0.522 0.479 0.521 0.609
0.9 1.0 0.401 0.435 0.513 0.555 0.501 0.521 0.608
1.0 1.0 0.351 0.418 0.495 0.546 0.493 0.518 0.586
2024-09-29 14:07:06
density_single OFF RCP GRD SAM1 STH0.5 COL1 CTH0.5 BAT
0.1 1.0 0.267 0.805 0.651 0.673 0.635 0.709 0.512
0.2 1.0 0.315 0.644 0.623 0.661 0.59 0.648 0.571
0.3 1.0 0.381 0.564 0.574 0.632 0.574 0.617 0.595
0.4 1.0 0.361 0.526 0.578 0.62 0.577 0.616 0.655
0.5 1.0 0.389 0.512 0.588 0.616 0.578 0.647 0.741
0.6 1.0 0.367 0.456 0.575 0.623 0.562 0.62 0.609
0.7 1.0 0.469 0.45 0.549 0.59 0.535 0.634 0.772
0.8 1.0 0.407 0.44 0.562 0.588 0.54 0.588 0.691
0.9 1.0 0.476 0.411 0.547 0.567 0.537 0.593 0.791
1.0 1.0 0.426 0.397 0.558 0.605 0.532 0.576 0.761
2024-09-29 14:10:18 sojourn time 50
density_poisson OFF RCP GRD SAM1 STH0.5 COL1 CTH0.5 BAT
0.1 1.0 0.251 0.777 0.655 0.699 0.643 0.7 0.504
0.2 1.0 0.35 0.685 0.584 0.631 0.568 0.614 0.579
0.3 1.0 0.351 0.595 0.569 0.617 0.556 0.606 0.656
0.4 1.0 0.415 0.544 0.568 0.596 0.562 0.592 0.685
0.5 1.0 0.345 0.492 0.555 0.612 0.561 0.6 0.702
0.6 1.0 0.447 0.479 0.555 0.61 0.549 0.6 0.719
0.7 1.0 0.419 0.46 0.555 0.609 0.568 0.604 0.709
0.8 1.0 0.451 0.45 0.551 0.571 0.543 0.593 0.736
0.9 1.0 0.417 0.43 0.563 0.596 0.556 0.605 0.737
1.0 1.0 0.397 0.388 0.555 0.618 0.557 0.591 0.675
2024-09-29 14:21:42 sojourn time 20
density_geo_new OFF RCP GRD SAM1 STH0.5 COL1 CTH0.5 BAT
0.1 1.0 0.254 0.776 0.775 0.796 0.753 0.769 0.376
0.2 1.0 0.271 0.68 0.654 0.673 0.645 0.662 0.413
0.3 1.0 0.319 0.629 0.611 0.651 0.612 0.633 0.454
0.4 1.0 0.323 0.602 0.616 0.645 0.601 0.633 0.489
0.5 1.0 0.335 0.552 0.582 0.614 0.572 0.589 0.515
0.6 1.0 0.348 0.54 0.557 0.562 0.554 0.575 0.531
0.7 1.0 0.362 0.513 0.557 0.599 0.553 0.582 0.537
0.8 1.0 0.378 0.506 0.567 0.596 0.545 0.564 0.562
0.9 1.0 0.356 0.496 0.585 0.6 0.571 0.583 0.566
1.0 1.0 0.389 0.465 0.575 0.592 0.563 0.581 0.542
2024-09-29 14:23:29 sojourn time 20
density_single OFF RCP GRD SAM1 STH0.5 COL1 CTH0.5 BAT
0.1 1.0 0.258 0.824 0.811 0.833 0.789 0.815 0.411
0.2 1.0 0.264 0.721 0.729 0.746 0.715 0.747 0.49
0.3 1.0 0.346 0.645 0.656 0.682 0.635 0.67 0.561
0.4 1.0 0.356 0.599 0.661 0.702 0.648 0.676 0.604
0.5 1.0 0.378 0.568 0.61 0.657 0.603 0.632 0.66
0.6 1.0 0.36 0.512 0.62 0.646 0.617 0.644 0.583
0.7 1.0 0.372 0.531 0.611 0.632 0.608 0.628 0.611
0.8 1.0 0.367 0.484 0.607 0.637 0.61 0.64 0.572
0.9 1.0 0.379 0.466 0.607 0.618 0.585 0.608 0.617
1.0 1.0 0.381 0.437 0.59 0.631 0.596 0.63 0.628
2024-09-29 14:25:21 sojourn time 20
density_poisson OFF RCP GRD SAM1 STH0.5 COL1 CTH0.5 BAT
0.1 1.0 0.264 0.836 0.81 0.828 0.798 0.817 0.443
0.2 1.0 0.32 0.717 0.689 0.708 0.7 0.707 0.495
0.3 1.0 0.341 0.672 0.642 0.699 0.64 0.669 0.569
0.4 1.0 0.365 0.602 0.658 0.678 0.651 0.676 0.603
0.5 1.0 0.365 0.574 0.618 0.654 0.605 0.634 0.615
0.6 1.0 0.382 0.536 0.6 0.626 0.59 0.621 0.639
0.7 1.0 0.391 0.495 0.624 0.66 0.608 0.62 0.636
0.8 1.0 0.411 0.491 0.593 0.621 0.586 0.605 0.658
0.9 1.0 0.377 0.487 0.617 0.649 0.61 0.63 0.641
1.0 1.0 0.395 0.423 0.605 0.632 0.591 0.63 0.611
2024-09-29 15:16:40
density_geo_new OFF RCP GRD SAM1 STH0.5 COL1 CTH0.5 BAT
0.1 1.0 0.274 0.747 0.749 0.753 0.753 0.753 0.371
0.2 1.0 0.295 0.663 0.707 0.725 0.708 0.711 0.39
0.3 1.0 0.325 0.616 0.659 0.672 0.654 0.666 0.45
0.4 1.0 0.349 0.571 0.642 0.663 0.637 0.652 0.462
0.5 1.0 0.354 0.546 0.633 0.648 0.63 0.643 0.46
0.6 1.0 0.359 0.503 0.618 0.624 0.607 0.618 0.497
0.7 1.0 0.366 0.495 0.602 0.613 0.595 0.608 0.499
0.8 1.0 0.358 0.478 0.585 0.61 0.586 0.592 0.527
0.9 1.0 0.359 0.468 0.586 0.596 0.581 0.581 0.529
1.0 1.0 0.385 0.44 0.58 0.591 0.575 0.585 0.558
2024-09-29 15:20:12
density_single OFF RCP GRD SAM1 STH0.5 COL1 CTH0.5 BAT
0.1 1.0 0.292 0.79 0.784 0.787 0.788 0.78 0.506
0.2 1.0 0.31 0.697 0.728 0.744 0.733 0.733 0.546
0.3 1.0 0.329 0.637 0.7 0.721 0.715 0.716 0.546
0.4 1.0 0.356 0.573 0.678 0.687 0.668 0.683 0.541
0.5 1.0 0.362 0.556 0.669 0.686 0.673 0.678 0.577
0.6 1.0 0.347 0.506 0.645 0.662 0.645 0.656 0.579
0.7 1.0 0.363 0.487 0.623 0.638 0.621 0.638 0.6
0.8 1.0 0.395 0.453 0.618 0.628 0.618 0.624 0.637
0.9 1.0 0.387 0.449 0.621 0.632 0.618 0.633 0.632
1.0 1.0 0.406 0.423 0.614 0.63 0.607 0.621 0.641
2024-09-29 15:23:48
density_poisson OFF RCP GRD SAM1 STH0.5 COL1 CTH0.5 BAT
0.1 1.0 0.293 0.786 0.776 0.794 0.787 0.787 0.452
0.2 1.0 0.324 0.701 0.717 0.711 0.715 0.714 0.466
0.3 1.0 0.35 0.621 0.678 0.697 0.686 0.694 0.537
0.4 1.0 0.352 0.581 0.659 0.682 0.661 0.671 0.554
0.5 1.0 0.335 0.547 0.654 0.684 0.651 0.672 0.535
0.6 1.0 0.364 0.496 0.647 0.655 0.635 0.641 0.581
0.7 1.0 0.35 0.482 0.634 0.646 0.623 0.639 0.568
0.8 1.0 0.383 0.46 0.607 0.617 0.603 0.615 0.617
0.9 1.0 0.371 0.448 0.62 0.637 0.614 0.626 0.593
1.0 1.0 0.406 0.417 0.626 0.627 0.615 0.622 0.64
2024-09-29 16:00:01
density_geo_new OFF RCP GRD SAM1 STH0.5 COL1 CTH0.5 BAT
0.1 1.0 0.254 0.776 0.775 0.796 0.753 0.769 0.376
0.2 1.0 0.271 0.68 0.654 0.673 0.645 0.662 0.413
0.3 1.0 0.319 0.629 0.611 0.651 0.612 0.633 0.454
0.4 1.0 0.323 0.602 0.616 0.645 0.601 0.633 0.489
0.5 1.0 0.335 0.552 0.582 0.614 0.572 0.589 0.515
0.6 1.0 0.348 0.54 0.557 0.562 0.554 0.575 0.531
0.7 1.0 0.362 0.513 0.557 0.599 0.553 0.582 0.537
0.8 1.0 0.378 0.506 0.567 0.596 0.545 0.564 0.562
0.9 1.0 0.356 0.496 0.585 0.6 0.571 0.583 0.566
1.0 1.0 0.389 0.465 0.575 0.592 0.563 0.581 0.542
2024-09-29 16:01:43
density_single OFF RCP GRD SAM1 STH0.5 COL1 CTH0.5 BAT
0.1 1.0 0.258 0.824 0.811 0.833 0.789 0.815 0.411
0.2 1.0 0.264 0.721 0.729 0.746 0.715 0.747 0.49
0.3 1.0 0.346 0.645 0.656 0.682 0.635 0.67 0.561
0.4 1.0 0.356 0.599 0.661 0.702 0.648 0.676 0.604
0.5 1.0 0.378 0.568 0.61 0.657 0.603 0.632 0.66
0.6 1.0 0.36 0.512 0.62 0.646 0.617 0.644 0.583
0.7 1.0 0.372 0.531 0.611 0.632 0.608 0.628 0.611
0.8 1.0 0.367 0.484 0.607 0.637 0.61 0.64 0.572
0.9 1.0 0.379 0.466 0.607 0.618 0.585 0.608 0.617
1.0 1.0 0.381 0.437 0.59 0.631 0.596 0.63 0.628
2024-09-29 16:03:31
density_poisson OFF RCP GRD SAM1 STH0.5 COL1 CTH0.5 BAT
0.1 1.0 0.264 0.836 0.81 0.828 0.798 0.817 0.443
0.2 1.0 0.32 0.717 0.689 0.708 0.7 0.707 0.495
0.3 1.0 0.341 0.672 0.642 0.699 0.64 0.669 0.569
0.4 1.0 0.365 0.602 0.658 0.678 0.651 0.676 0.603
0.5 1.0 0.365 0.574 0.618 0.654 0.605 0.634 0.615
0.6 1.0 0.382 0.536 0.6 0.626 0.59 0.621 0.639
0.7 1.0 0.391 0.495 0.624 0.66 0.608 0.62 0.636
0.8 1.0 0.411 0.491 0.593 0.621 0.586 0.605 0.658
0.9 1.0 0.377 0.487 0.617 0.649 0.61 0.63 0.641
1.0 1.0 0.395 0.423 0.605 0.632 0.591 0.63 0.611
2024-09-29 17:26:47
density_geo_new OFF RCP GRD SAM1 STH COL1 CTH BAT
0.1 1.0 0.269 0.8 0.78 0.823 0.747 0.774 0.367
0.2 1.0 0.274 0.697 0.644 0.745 0.646 0.698 0.415
0.3 1.0 0.342 0.63 0.609 0.705 0.602 0.66 0.466
0.4 1.0 0.313 0.595 0.606 0.672 0.59 0.653 0.478
0.5 1.0 0.336 0.567 0.576 0.664 0.562 0.628 0.503
0.6 1.0 0.348 0.529 0.567 0.669 0.559 0.606 0.524
0.7 1.0 0.362 0.5 0.58 0.645 0.564 0.614 0.541
0.8 1.0 0.37 0.506 0.545 0.622 0.536 0.583 0.565
0.9 1.0 0.357 0.483 0.562 0.641 0.555 0.605 0.558
1.0 1.0 0.372 0.464 0.574 0.648 0.549 0.599 0.557
