2024-10-12 00:23:22
density=1 type_number=20 gamma=1 w_std=5 r_min=0
gamma OFF SAM
0.1 1.0 0.11575
0.2 1.0 0.24119
0.3 1.0 0.33305
0.4 1.0 0.38572
0.5 1.0 0.47827
0.6 1.0 0.5008
0.7 1.0 0.55077
0.8 1.0 0.61834
0.9 1.0 0.69728
1.0 1.0 0.71017
2024-10-12 00:24:48
density=1 type_number=20 gamma=1 w_std=5 r_min=0
gamma OFF SAM
0.1 1.0 0.11575
0.2 1.0 0.24119
0.3 1.0 0.33305
0.4 1.0 0.38572
0.5 1.0 0.47827
0.6 1.0 0.5008
0.7 1.0 0.55077
0.8 1.0 0.61834
0.9 1.0 0.69728
1.0 1.0 0.71017
2025-05-06 16:59:26
density=1 type_number=20 gamma=1 w_std=5 r_min=0
gamma OFF SAM
1 1.0 0.71851
2 1.0 0.81545
3 1.0 0.82554
4 1.0 0.80242
5 1.0 0.82486
6 1.0 0.79624
7 1.0 0.79391
8 1.0 0.81653
9 1.0 0.80891
10 1.0 0.80073
2025-05-07 07:23:05
density=1 type_number=20 gamma=1 w_std=5 r_min=0
gamma OFF SAM
1 1.0 0.7232
2 1.0 0.81005
3 1.0 0.80156
4 1.0 0.816
5 1.0 0.79326
6 1.0 0.80393
7 1.0 0.81625
8 1.0 0.80723
9 1.0 0.79724
10 1.0 0.80496
20 1.0 0.80535
30 1.0 0.81335
40 1.0 0.80903
50 1.0 0.81118
60 1.0 0.7976
70 1.0 0.80874
80 1.0 0.82137
90 1.0 0.82041
100 1.0 0.80652
