2024-09-02 12:30:02
gamma OFF SAM
0.1 1.0 0.167
0.2 1.0 0.167
0.3 1.0 0.287
0.4 1.0 0.367
0.5 1.0 0.62
0.6 1.0 0.593
0.7 1.0 0.687
0.8 1.0 0.767
0.9 1.0 0.807
2024-09-02 12:31:25
gamma OFF SAM
0.1 1.0 0.241
0.2 1.0 0.339
0.3 1.0 0.429
0.4 1.0 0.527
0.5 1.0 0.607
0.6 1.0 0.705
0.7 1.0 0.786
0.8 1.0 0.786
0.9 1.0 0.839
2024-09-02 12:32:48
gamma OFF SAM
0.1 1.0 0.105
0.2 1.0 0.067
0.3 1.0 0.276
0.4 1.0 0.362
0.5 1.0 0.486
0.6 1.0 0.667
0.7 1.0 0.59
0.8 1.0 0.876
0.9 1.0 0.914
2024-09-02 12:34:11
gamma OFF SAM
0.1 1.0 0.091
0.2 1.0 0.364
0.3 1.0 0.325
0.4 1.0 0.364
0.5 1.0 0.468
0.6 1.0 0.623
0.7 1.0 0.675
0.8 1.0 0.922
0.9 1.0 0.961
2024-09-02 12:35:35
gamma OFF SAM
0.1 1.0 0.143
0.2 1.0 0.3
0.3 1.0 0.357
0.4 1.0 0.443
0.5 1.0 0.514
0.6 1.0 0.629
0.7 1.0 0.629
0.8 1.0 0.929
0.9 1.0 0.929
2024-09-02 18:09:07
gamma OFF SAM
0.1 1.0 0.167
0.2 1.0 0.167
0.3 1.0 0.287
0.4 1.0 0.367
0.5 1.0 0.62
0.6 1.0 0.593
0.7 1.0 0.687
0.8 1.0 0.767
0.9 1.0 0.807
2024-09-02 18:13:16
gamma OFF SAM
0.1 1.0 0.241
0.2 1.0 0.339
0.3 1.0 0.429
0.4 1.0 0.527
0.5 1.0 0.607
0.6 1.0 0.705
0.7 1.0 0.786
0.8 1.0 0.786
0.9 1.0 0.839
2024-09-02 18:17:27
gamma OFF SAM
0.1 1.0 0.105
0.2 1.0 0.067
0.3 1.0 0.276
0.4 1.0 0.362
0.5 1.0 0.486
0.6 1.0 0.667
0.7 1.0 0.59
0.8 1.0 0.876
0.9 1.0 0.914
2024-09-02 18:21:38
gamma OFF SAM
0.1 1.0 0.091
0.2 1.0 0.364
0.3 1.0 0.325
0.4 1.0 0.364
0.5 1.0 0.468
0.6 1.0 0.623
0.7 1.0 0.675
0.8 1.0 0.922
0.9 1.0 0.961
2024-09-02 18:25:49
gamma OFF SAM
0.1 1.0 0.143
0.2 1.0 0.3
0.3 1.0 0.357
0.4 1.0 0.443
0.5 1.0 0.514
0.6 1.0 0.629
0.7 1.0 0.629
0.8 1.0 0.929
0.9 1.0 0.929
2024-09-08 11:24:14
gamma OFF SAM
0.1 1.0 0.112
0.2 1.0 0.153
0.3 1.0 0.316
0.4 1.0 0.371
0.5 1.0 0.44
0.6 1.0 0.663
0.7 1.0 0.685
0.8 1.0 0.821
0.9 1.0 0.873
2024-09-09 00:24:20
gamma OFF SAM
1 1.0 0.975
