2024-07-03 22:37:45
gamma OFF SAM SAMC
0.1 1.0 0.124 0.109
0.2 1.0 0.228 0.213
0.3 1.0 0.32 0.295
0.4 1.0 0.398 0.368
0.5 1.0 0.471 0.437
0.6 1.0 0.528 0.497
0.7 1.0 0.576 0.557
0.8 1.0 0.636 0.609
0.9 1.0 0.673 0.659
1.0 1.0 0.718 0.702
2024-07-09 16:19:56
gamma OFF $D^S=20,p_m=0$
0.1 1.0 0.124
0.2 1.0 0.228
0.3 1.0 0.32
0.4 1.0 0.398
0.5 1.0 0.471
0.6 1.0 0.528
0.7 1.0 0.576
0.8 1.0 0.636
0.9 1.0 0.673
1.0 1.0 0.718
2024-07-10 15:50:55
gamma OFF $D^S=35,p_m=0$
0.1 1.0 0.116
0.2 1.0 0.214
0.3 1.0 0.291
0.4 1.0 0.363
0.5 1.0 0.421
0.6 1.0 0.481
0.7 1.0 0.529
0.8 1.0 0.567
0.9 1.0 0.612
1.0 1.0 0.641
2024-07-11 14:35:18
gamma OFF $D^S=5,p_m=0$
0.1 1.0 0.14
0.2 1.0 0.27
0.3 1.0 0.373
0.4 1.0 0.487
0.5 1.0 0.574
0.6 1.0 0.677
0.7 1.0 0.764
0.8 1.0 0.835
0.9 1.0 0.907
1.0 1.0 0.966
2024-07-12 16:53:25
gamma OFF SAM
0.1 1.0 0.139
0.2 1.0 0.268
0.3 1.0 0.371
0.4 1.0 0.482
0.5 1.0 0.569
0.6 1.0 0.679
0.7 1.0 0.742
0.8 1.0 0.833
0.9 1.0 0.911
1.0 1.0 0.971
2024-07-12 18:37:49
gamma OFF SAM
0.1 1.0 0.13
0.2 1.0 0.239
0.3 1.0 0.331
0.4 1.0 0.413
0.5 1.0 0.479
0.6 1.0 0.538
0.7 1.0 0.593
0.8 1.0 0.646
0.9 1.0 0.689
1.0 1.0 0.73
2024-07-13 14:13:37
gamma OFF SAM
0.1 1.0 0.109
0.2 1.0 0.208
0.3 1.0 0.284
0.4 1.0 0.356
0.5 1.0 0.417
0.6 1.0 0.473
0.7 1.0 0.525
0.8 1.0 0.563
0.9 1.0 0.602
1.0 1.0 0.631
2024-07-14 09:18:32
gamma OFF SAM5
0.1 1.0 0.149
0.2 1.0 0.275
0.3 1.0 0.384
0.4 1.0 0.477
0.5 1.0 0.576
0.6 1.0 0.645
0.7 1.0 0.712
0.8 1.0 0.786
0.9 1.0 0.849
1.0 1.0 0.9
2024-07-14 17:14:26
gamma OFF SAM20
0.1 1.0 0.107
0.2 1.0 0.199
0.3 1.0 0.265
0.4 1.0 0.341
0.5 1.0 0.389
0.6 1.0 0.443
0.7 1.0 0.485
0.8 1.0 0.528
0.9 1.0 0.559
1.0 1.0 0.595
2024-07-16 12:02:01
gamma OFF SAM
0.1 1.0 0.091
0.2 1.0 0.176
0.3 1.0 0.243
0.4 1.0 0.312
0.5 1.0 0.362
0.6 1.0 0.408
0.7 1.0 0.45
0.8 1.0 0.488
0.9 1.0 0.524
1.0 1.0 0.55
2024-07-16 16:54:57
gamma OFF SAM5
0.1 1.0 0.149
0.2 1.0 0.286
0.3 1.0 0.388
0.4 1.0 0.497
0.5 1.0 0.567
0.6 1.0 0.651
0.7 1.0 0.735
0.8 1.0 0.814
0.9 1.0 0.859
1.0 1.0 0.917
2024-07-16 17:12:45
gamma OFF SAM20
0.1 1.0 0.103
0.2 1.0 0.188
0.3 1.0 0.263
0.4 1.0 0.339
0.5 1.0 0.395
0.6 1.0 0.428
0.7 1.0 0.479
0.8 1.0 0.524
0.9 1.0 0.553
1.0 1.0 0.586
2024-07-17 01:48:10
gamma OFF SAM35
0.1 1.0 0.1
0.2 1.0 0.172
0.3 1.0 0.259
0.4 1.0 0.296
0.5 1.0 0.356
0.6 1.0 0.41
0.7 1.0 0.44
0.8 1.0 0.481
0.9 1.0 0.514
1.0 1.0 0.543
