2024-09-26 08:49:01
gamma OFF SAM SAMC GRD
1 1.0 0.496 0.515 0.547
2024-09-26 08:51:35 geo_new tn 50 dist 50 density 0.5
gamma OFF SAM SAMC GRD
1 1.0 0.5 0.504 0.552
2 1.0 0.635 0.56 0.556
3 1.0 0.67 0.576 0.556
4 1.0 0.682 0.573 0.556
5 1.0 0.675 0.567 0.557
2024-09-26 08:59:53 geo_new tn 50 dist 20 density 0.5
gamma OFF SAM SAMC GRD
1 1.0 0.571 0.56 0.603
2 1.0 0.635 0.605 0.609
3 1.0 0.655 0.619 0.604
4 1.0 0.663 0.622 0.61
5 1.0 0.658 0.621 0.612
2024-09-26 09:11:42 geo_new tn 50 dist 20 density 0.2
gamma OFF SAM SAMC GRD 
1 1.0 0.646 0.642 0.731
2 1.0 0.702 0.677 0.725
3 1.0 0.707 0.69 0.739
4 1.0 0.71 0.676 0.725
5 1.0 0.715 0.682 0.733
2024-09-26 09:14:22
gamma OFF SAM SAMC GRD
1 1.0 0.552 0.535 0.679
2 1.0 0.646 0.57 0.68
3 1.0 0.665 0.58 0.676
4 1.0 0.67 0.575 0.681
5 1.0 0.672 0.58 0.677
