2024-08-29 10:40:16
gamma OFF SAM
0.1 1.0 0.1
0.2 1.0 0.23
0.3 1.0 0.315
0.4 1.0 0.397
0.5 1.0 0.496
0.6 1.0 0.548
0.7 1.0 0.625
0.8 1.0 0.664
0.9 1.0 0.728
1.0 1.0 0.764
2024-08-29 11:12:07
gamma OFF SAM
0.1 1.0 0.131
0.2 1.0 0.216
0.3 1.0 0.321
0.4 1.0 0.376
0.5 1.0 0.463
0.6 1.0 0.523
0.7 1.0 0.59
0.8 1.0 0.632
0.9 1.0 0.684
1.0 1.0 0.711
2024-08-29 11:44:14
gamma OFF SAM
0.1 1.0 0.135
0.2 1.0 0.237
0.3 1.0 0.293
0.4 1.0 0.38
0.5 1.0 0.472
0.6 1.0 0.487
0.7 1.0 0.55
0.8 1.0 0.593
0.9 1.0 0.649
1.0 1.0 0.674
2024-08-29 12:16:15
gamma OFF SAM
0.1 1.0 0.137
0.2 1.0 0.244
0.3 1.0 0.278
0.4 1.0 0.361
0.5 1.0 0.429
0.6 1.0 0.476
0.7 1.0 0.551
0.8 1.0 0.598
0.9 1.0 0.652
1.0 1.0 0.701
2024-08-29 12:48:23
gamma OFF SAM
0.1 1.0 0.126
0.2 1.0 0.215
0.3 1.0 0.284
0.4 1.0 0.35
0.5 1.0 0.457
0.6 1.0 0.488
0.7 1.0 0.544
0.8 1.0 0.609
0.9 1.0 0.659
1.0 1.0 0.678
2024-09-02 12:25:16
gamma OFF SAM
0.1 1.0 0.104
0.2 1.0 0.23
0.3 1.0 0.291
0.4 1.0 0.383
0.5 1.0 0.53
0.6 1.0 0.535
0.7 1.0 0.613
0.8 1.0 0.665
0.9 1.0 0.783
2024-09-02 12:26:20
gamma OFF SAM
0.1 1.0 0.109
0.2 1.0 0.242
0.3 1.0 0.302
0.4 1.0 0.343
0.5 1.0 0.472
0.6 1.0 0.528
0.7 1.0 0.569
0.8 1.0 0.621
0.9 1.0 0.702
2024-09-02 12:27:26
gamma OFF SAM
0.1 1.0 0.122
0.2 1.0 0.197
0.3 1.0 0.362
0.4 1.0 0.366
0.5 1.0 0.487
0.6 1.0 0.484
0.7 1.0 0.563
0.8 1.0 0.602
0.9 1.0 0.616
2024-09-02 12:28:31
gamma OFF SAM
0.1 1.0 0.179
0.2 1.0 0.248
0.3 1.0 0.224
0.4 1.0 0.301
0.5 1.0 0.49
0.6 1.0 0.46
0.7 1.0 0.567
0.8 1.0 0.591
0.9 1.0 0.657
2024-09-02 12:29:35
gamma OFF SAM
0.1 1.0 0.1
0.2 1.0 0.216
0.3 1.0 0.283
0.4 1.0 0.362
0.5 1.0 0.478
0.6 1.0 0.46
0.7 1.0 0.568
0.8 1.0 0.589
0.9 1.0 0.643
2024-09-02 17:54:55
gamma OFF SAM
0.1 1.0 0.104
0.2 1.0 0.23
0.3 1.0 0.291
0.4 1.0 0.383
0.5 1.0 0.53
0.6 1.0 0.535
0.7 1.0 0.613
0.8 1.0 0.665
0.9 1.0 0.783
2024-09-02 17:58:05
gamma OFF SAM
0.1 1.0 0.109
0.2 1.0 0.242
0.3 1.0 0.302
0.4 1.0 0.343
0.5 1.0 0.472
0.6 1.0 0.528
0.7 1.0 0.569
0.8 1.0 0.621
0.9 1.0 0.702
2024-09-02 18:01:16
gamma OFF SAM
0.1 1.0 0.122
0.2 1.0 0.197
0.3 1.0 0.362
0.4 1.0 0.366
0.5 1.0 0.487
0.6 1.0 0.484
0.7 1.0 0.563
0.8 1.0 0.602
0.9 1.0 0.616
2024-09-02 18:04:29
gamma OFF SAM
0.1 1.0 0.179
0.2 1.0 0.248
0.3 1.0 0.239
0.4 1.0 0.333
0.5 1.0 0.49
0.6 1.0 0.46
0.7 1.0 0.567
0.8 1.0 0.591
0.9 1.0 0.657
2024-09-02 18:07:43
gamma OFF SAM
0.1 1.0 0.098
0.2 1.0 0.216
0.3 1.0 0.283
0.4 1.0 0.362
0.5 1.0 0.478
0.6 1.0 0.46
0.7 1.0 0.568
0.8 1.0 0.589
0.9 1.0 0.643
2024-09-05 14:29:47
gamma OFF SAM
0.1 1.0 0.122
0.2 1.0 0.197
0.3 1.0 0.362
0.4 1.0 0.366
0.5 1.0 0.487
0.6 1.0 0.484
0.7 1.0 0.563
0.8 1.0 0.602
0.9 1.0 0.616
