2024-07-03 22:01:53
gamma OFF SAM SAMC
0.1 1.0 0.155 0.135
0.2 1.0 0.265 0.265
0.3 1.0 0.391 0.378
0.4 1.0 0.485 0.475
0.5 1.0 0.582 0.575
0.6 1.0 0.683 0.673
0.7 1.0 0.776 0.763
0.8 1.0 0.831 0.844
0.9 1.0 0.905 0.908
1.0 1.0 0.98 0.979
2024-07-09 07:34:28
gamma OFF SAM SAMC
0.1 1.0 0.113 0.108
0.2 1.0 0.218 0.196
0.3 1.0 0.292 0.28
0.4 1.0 0.355 0.356
0.5 1.0 0.424 0.412
0.6 1.0 0.47 0.47
0.7 1.0 0.519 0.521
0.8 1.0 0.555 0.564
0.9 1.0 0.6 0.607
1.0 1.0 0.63 0.64
2024-07-09 14:44:56
gamma OFF $p^G=0.1,p_m=0$
0.1 1.0 0.113
0.2 1.0 0.218
0.3 1.0 0.292
0.4 1.0 0.355
0.5 1.0 0.424
0.6 1.0 0.47
0.7 1.0 0.519
0.8 1.0 0.555
0.9 1.0 0.6
1.0 1.0 0.63
2024-07-09 15:44:24
gamma OFF $p^G=0.5,p_m=0$
0.1 1.0 0.155
0.2 1.0 0.265
0.3 1.0 0.391
0.4 1.0 0.485
0.5 1.0 0.582
0.6 1.0 0.683
0.7 1.0 0.776
0.8 1.0 0.831
0.9 1.0 0.905
1.0 1.0 0.98
2024-07-10 13:38:14
gamma OFF $p^G=0.9,p_m=0$
0.1 1.0 0.112
0.2 1.0 0.234
0.3 1.0 0.352
0.4 1.0 0.444
0.5 1.0 0.561
0.6 1.0 0.655
0.7 1.0 0.726
0.8 1.0 0.829
0.9 1.0 0.908
1.0 1.0 0.997
2024-07-12 15:05:40
gamma OFF SAM0.1
0.1 1.0 0.113
0.2 1.0 0.213
0.3 1.0 0.288
0.4 1.0 0.359
0.5 1.0 0.418
0.6 1.0 0.471
0.7 1.0 0.512
0.8 1.0 0.555
0.9 1.0 0.595
1.0 1.0 0.626
2024-07-12 18:05:02
gamma OFF SAM0.5
0.1 1.0 0.14
0.2 1.0 0.266
0.3 1.0 0.371
0.4 1.0 0.492
0.5 1.0 0.583
0.6 1.0 0.674
0.7 1.0 0.757
0.8 1.0 0.835
0.9 1.0 0.911
1.0 1.0 0.974
2024-07-13 11:46:55
gamma OFF SAM0.9
0.1 1.0 0.125
0.2 1.0 0.242
0.3 1.0 0.358
0.4 1.0 0.468
0.5 1.0 0.549
0.6 1.0 0.644
0.7 1.0 0.744
0.8 1.0 0.825
0.9 1.0 0.912
1.0 1.0 0.997
2024-07-14 08:57:06
gamma OFF SAM0.1
0.1 1.0 0.098
0.2 1.0 0.185
0.3 1.0 0.247
0.4 1.0 0.307
0.5 1.0 0.35
0.6 1.0 0.397
0.7 1.0 0.429
0.8 1.0 0.475
0.9 1.0 0.496
1.0 1.0 0.526
2024-07-14 13:09:49
gamma OFF SAM0.5
0.1 1.0 0.157
0.2 1.0 0.293
0.3 1.0 0.411
0.4 1.0 0.506
0.5 1.0 0.579
0.6 1.0 0.67
0.7 1.0 0.746
0.8 1.0 0.807
0.9 1.0 0.868
1.0 1.0 0.92
2024-07-14 18:55:40
gamma OFF SAM0.9
0.1 1.0 0.135
0.2 1.0 0.258
0.3 1.0 0.359
0.4 1.0 0.472
0.5 1.0 0.57
0.6 1.0 0.678
0.7 1.0 0.741
0.8 1.0 0.836
0.9 1.0 0.916
1.0 1.0 0.99
2024-07-16 16:50:46
gamma OFF SAM0.1
0.1 1.0 0.099
0.2 1.0 0.187
0.3 1.0 0.244
0.4 1.0 0.305
0.5 1.0 0.364
0.6 1.0 0.377
0.7 1.0 0.433
0.8 1.0 0.462
0.9 1.0 0.502
1.0 1.0 0.525
2024-07-16 17:02:27
gamma OFF SAM0.5
0.1 1.0 0.171
0.2 1.0 0.287
0.3 1.0 0.392
0.4 1.0 0.511
0.5 1.0 0.589
0.6 1.0 0.683
0.7 1.0 0.743
0.8 1.0 0.809
0.9 1.0 0.874
1.0 1.0 0.928
2024-07-16 17:46:58
gamma OFF SAM0.9
0.1 1.0 0.123
0.2 1.0 0.262
0.3 1.0 0.359
0.4 1.0 0.5
0.5 1.0 0.567
0.6 1.0 0.652
0.7 1.0 0.751
0.8 1.0 0.852
0.9 1.0 0.921
1.0 1.0 0.989
2024-09-19 10:22:17
gamma OFF SAM SAMC GRD
1 1.0 0.643 0.64 0.696
2024-09-19 10:27:09
gamma OFF SAM SAMC GRD
1 1.0 0.643 0.64 0.696
2 1.0 0.663 0.646 0.69
3 1.0 0.662 0.649 0.708
4 1.0 0.665 0.661 0.696
5 1.0 0.678 0.67 0.689
