2024-07-04 05:46:38
gamma OFF SAM SAMC
0.1 1.0 0.122 0.114
0.2 1.0 0.231 0.222
0.3 1.0 0.319 0.321
0.4 1.0 0.402 0.393
0.5 1.0 0.474 0.472
0.6 1.0 0.537 0.538
0.7 1.0 0.606 0.597
0.8 1.0 0.658 0.65
0.9 1.0 0.715 0.709
1.0 1.0 0.76 0.757
delta 2
2024-07-17 20:59:11
gamma OFF SAM10
0.1 1.0 0.126
0.2 1.0 0.247
0.3 1.0 0.371
0.4 1.0 0.461
0.5 1.0 0.538
0.6 1.0 0.634
0.7 1.0 0.678
0.8 1.0 0.762
0.9 1.0 0.822
1.0 1.0 0.874
2024-07-17 21:12:16
gamma OFF SAM15
0.1 1.0 0.116
0.2 1.0 0.228
0.3 1.0 0.32
0.4 1.0 0.423
0.5 1.0 0.502
0.6 1.0 0.569
0.7 1.0 0.609
0.8 1.0 0.687
0.9 1.0 0.75
1.0 1.0 0.805
2024-07-17 22:04:10
gamma OFF SAM20
0.1 1.0 0.136
0.2 1.0 0.211
0.3 1.0 0.311
0.4 1.0 0.398
0.5 1.0 0.459
0.6 1.0 0.561
0.7 1.0 0.609
0.8 1.0 0.673
0.9 1.0 0.72
1.0 1.0 0.758
2024-07-17 22:10:22
gamma OFF SAM25
0.1 1.0 0.12
0.2 1.0 0.214
0.3 1.0 0.351
0.4 1.0 0.37
0.5 1.0 0.457
0.6 1.0 0.514
0.7 1.0 0.603
0.8 1.0 0.65
0.9 1.0 0.706
1.0 1.0 0.747
2024-07-17 22:17:04
gamma OFF SAM30
0.1 1.0 0.106
0.2 1.0 0.215
0.3 1.0 0.28
0.4 1.0 0.388
0.5 1.0 0.46
0.6 1.0 0.518
0.7 1.0 0.563
0.8 1.0 0.612
0.9 1.0 0.686
1.0 1.0 0.713
delta 5
