2024-08-29 10:20:52
gamma OFF SAM
0.1 1.0 0.125
0.2 1.0 0.248
0.3 1.0 0.345
0.4 1.0 0.432
0.5 1.0 0.513
0.6 1.0 0.63
0.7 1.0 0.686
0.8 1.0 0.724
0.9 1.0 0.806
1.0 1.0 0.885
2024-08-29 10:50:09
gamma OFF SAM
0.1 1.0 0.113
0.2 1.0 0.259
0.3 1.0 0.313
0.4 1.0 0.478
0.5 1.0 0.552
0.6 1.0 0.642
0.7 1.0 0.712
0.8 1.0 0.779
0.9 1.0 0.876
1.0 1.0 0.955
2024-08-29 11:22:40
gamma OFF SAM
0.1 1.0 0.163
0.2 1.0 0.273
0.3 1.0 0.342
0.4 1.0 0.459
0.5 1.0 0.562
0.6 1.0 0.649
0.7 1.0 0.778
0.8 1.0 0.781
0.9 1.0 0.873
1.0 1.0 0.969
2024-08-29 11:54:22
gamma OFF SAM
0.1 1.0 0.133
0.2 1.0 0.243
0.3 1.0 0.388
0.4 1.0 0.497
0.5 1.0 0.566
0.6 1.0 0.634
0.7 1.0 0.676
0.8 1.0 0.792
0.9 1.0 0.864
1.0 1.0 0.974
2024-08-29 12:26:29
gamma OFF SAM
0.1 1.0 0.109
0.2 1.0 0.225
0.3 1.0 0.387
0.4 1.0 0.523
0.5 1.0 0.554
0.6 1.0 0.612
0.7 1.0 0.714
0.8 1.0 0.767
0.9 1.0 0.852
1.0 1.0 0.972
2024-09-02 12:24:34
gamma OFF SAM
0.1 1.0 0.178
0.2 1.0 0.272
0.3 1.0 0.322
0.4 1.0 0.511
0.5 1.0 0.556
0.6 1.0 0.672
0.7 1.0 0.594
0.8 1.0 0.633
0.9 1.0 0.744
2024-09-02 12:25:37
gamma OFF SAM
0.1 1.0 0.098
0.2 1.0 0.348
0.3 1.0 0.318
0.4 1.0 0.515
0.5 1.0 0.606
0.6 1.0 0.636
0.7 1.0 0.697
0.8 1.0 0.811
0.9 1.0 0.871
2024-09-02 12:26:42
gamma OFF SAM
0.1 1.0 0.107
0.2 1.0 0.149
0.3 1.0 0.289
0.4 1.0 0.438
0.5 1.0 0.612
0.6 1.0 0.612
0.7 1.0 0.785
0.8 1.0 0.851
0.9 1.0 0.893
2024-09-02 12:27:47
gamma OFF SAM
0.1 1.0 0.081
0.2 1.0 0.261
0.3 1.0 0.468
0.4 1.0 0.468
0.5 1.0 0.55
0.6 1.0 0.676
0.7 1.0 0.676
0.8 1.0 0.829
0.9 1.0 0.91
2024-09-02 12:28:51
gamma OFF SAM
0.1 1.0 0.083
0.2 1.0 0.194
0.3 1.0 0.333
0.4 1.0 0.519
0.5 1.0 0.565
0.6 1.0 0.565
0.7 1.0 0.787
0.8 1.0 0.75
0.9 1.0 0.907
2024-09-02 17:52:48
gamma OFF SAM
0.1 1.0 0.178
0.2 1.0 0.272
0.3 1.0 0.322
0.4 1.0 0.511
0.5 1.0 0.556
0.6 1.0 0.672
0.7 1.0 0.594
0.8 1.0 0.633
0.9 1.0 0.744
2024-09-02 17:55:57
gamma OFF SAM
0.1 1.0 0.098
0.2 1.0 0.348
0.3 1.0 0.318
0.4 1.0 0.515
0.5 1.0 0.606
0.6 1.0 0.636
0.7 1.0 0.697
0.8 1.0 0.811
0.9 1.0 0.871
2024-09-02 17:59:07
gamma OFF SAM
0.1 1.0 0.107
0.2 1.0 0.149
0.3 1.0 0.289
0.4 1.0 0.438
0.5 1.0 0.612
0.6 1.0 0.612
0.7 1.0 0.785
0.8 1.0 0.851
0.9 1.0 0.893
2024-09-02 18:02:18
gamma OFF SAM
0.1 1.0 0.081
0.2 1.0 0.261
0.3 1.0 0.468
0.4 1.0 0.468
0.5 1.0 0.55
0.6 1.0 0.676
0.7 1.0 0.676
0.8 1.0 0.829
0.9 1.0 0.91
2024-09-02 18:05:31
gamma OFF SAM
0.1 1.0 0.083
0.2 1.0 0.194
0.3 1.0 0.333
0.4 1.0 0.519
0.5 1.0 0.565
0.6 1.0 0.565
0.7 1.0 0.787
0.8 1.0 0.75
0.9 1.0 0.907
2024-09-05 14:27:40
gamma OFF SAM
0.1 1.0 0.107
0.2 1.0 0.149
0.3 1.0 0.289
0.4 1.0 0.438
0.5 1.0 0.612
0.6 1.0 0.612
0.7 1.0 0.785
0.8 1.0 0.851
0.9 1.0 0.893
