2024-07-04 00:08:05
gamma OFF SAM SAMC
0.1 1.0 0.118 0.111
0.2 1.0 0.229 0.202
0.3 1.0 0.318 0.298
0.4 1.0 0.388 0.362
0.5 1.0 0.465 0.439
0.6 1.0 0.535 0.499
0.7 1.0 0.583 0.556
0.8 1.0 0.631 0.609
0.9 1.0 0.669 0.654
1.0 1.0 0.711 0.697
2024-07-09 21:19:39
gamma OFF $L^P=20,p_m=0$
0.1 1.0 0.118
0.2 1.0 0.229
0.3 1.0 0.318
0.4 1.0 0.388
0.5 1.0 0.465
0.6 1.0 0.535
0.7 1.0 0.583
0.8 1.0 0.631
0.9 1.0 0.669
1.0 1.0 0.711
2024-07-10 17:49:36
gamma OFF $L^P=35,p_m=0$
0.1 1.0 0.113
0.2 1.0 0.205
0.3 1.0 0.282
0.4 1.0 0.353
0.5 1.0 0.415
0.6 1.0 0.479
0.7 1.0 0.518
0.8 1.0 0.562
0.9 1.0 0.598
1.0 1.0 0.635
2024-07-11 18:24:41
gamma OFF $L^P=5,p_m=0$
0.1 1.0 0.139
0.2 1.0 0.259
0.3 1.0 0.381
0.4 1.0 0.485
0.5 1.0 0.585
0.6 1.0 0.665
0.7 1.0 0.767
0.8 1.0 0.822
0.9 1.0 0.904
1.0 1.0 0.966
2024-07-12 17:11:22
gamma OFF SAM
0.1 1.0 0.151
0.2 1.0 0.281
0.3 1.0 0.373
0.4 1.0 0.49
0.5 1.0 0.581
0.6 1.0 0.684
0.7 1.0 0.744
0.8 1.0 0.834
0.9 1.0 0.908
1.0 1.0 0.966
2024-07-12 19:52:46
gamma OFF SAM
0.1 1.0 0.125
0.2 1.0 0.235
0.3 1.0 0.324
0.4 1.0 0.399
0.5 1.0 0.479
0.6 1.0 0.536
0.7 1.0 0.588
0.8 1.0 0.64
0.9 1.0 0.688
1.0 1.0 0.72
2024-07-13 17:28:24
gamma OFF SAM
0.1 1.0 0.11
0.2 1.0 0.197
0.3 1.0 0.283
0.4 1.0 0.349
0.5 1.0 0.413
0.6 1.0 0.464
0.7 1.0 0.508
0.8 1.0 0.553
0.9 1.0 0.588
1.0 1.0 0.621

density = 5
2024-07-14 11:27:51
gamma OFF SAM5
0.1 1.0 0.14
0.2 1.0 0.271
0.3 1.0 0.371
0.4 1.0 0.487
0.5 1.0 0.565
0.6 1.0 0.632
0.7 1.0 0.7
0.8 1.0 0.767
0.9 1.0 0.833
1.0 1.0 0.878
2024-07-14 17:55:04
gamma OFF SAM20
0.1 1.0 0.107
0.2 1.0 0.2
0.3 1.0 0.277
0.4 1.0 0.337
0.5 1.0 0.401
0.6 1.0 0.454
0.7 1.0 0.494
0.8 1.0 0.537
0.9 1.0 0.573
1.0 1.0 0.609
2024-07-16 12:29:21
gamma OFF SAM35
0.1 1.0 0.089
0.2 1.0 0.179
0.3 1.0 0.233
0.4 1.0 0.301
0.5 1.0 0.366
0.6 1.0 0.396
0.7 1.0 0.444
0.8 1.0 0.478
0.9 1.0 0.515
1.0 1.0 0.539
2024-07-16 16:58:43
gamma OFF SAM5
0.1 1.0 0.15
0.2 1.0 0.274
0.3 1.0 0.384
0.4 1.0 0.475
0.5 1.0 0.576
0.6 1.0 0.655
0.7 1.0 0.715
0.8 1.0 0.767
0.9 1.0 0.843
1.0 1.0 0.89
2024-07-16 17:20:48
gamma OFF SAM20
0.1 1.0 0.104
0.2 1.0 0.194
0.3 1.0 0.261
0.4 1.0 0.316
0.5 1.0 0.382
0.6 1.0 0.436
0.7 1.0 0.485
0.8 1.0 0.505
0.9 1.0 0.546
1.0 1.0 0.576
2024-07-17 19:47:04
gamma OFF SAM35
0.1 1.0 0.089
0.2 1.0 0.175
0.3 1.0 0.245
0.4 1.0 0.303
0.5 1.0 0.358
0.6 1.0 0.386
0.7 1.0 0.435
0.8 1.0 0.465
0.9 1.0 0.502
1.0 1.0 0.533
2024-09-19 10:11:22
gamma OFF SAM SAMC GRD
1 1.0 0.541 0.542 0.579
2024-09-19 10:13:28
gamma OFF SAM SAMC GRD
1 1.0 0.522 0.51 0.511
2024-09-19 11:08:37
gamma OFF SAM SAMC GRD
1 1.0 0.658 0.643 0.719
2 1.0 0.697 0.673 0.711
3 1.0 0.701 0.677 0.695
4 1.0 0.7 0.674 0.692
5 1.0 0.71 0.679 0.699
6 1.0 0.708 0.686 0.708
7 1.0 0.714 0.683 0.7
8 1.0 0.705 0.677 0.692
9 1.0 0.717 0.687 0.703
10 1.0 0.718 0.688 0.704
2024-09-19 11:12:59
gamma OFF SAM SAMC GRD
1 1.0 0.584 0.569 0.659
2 1.0 0.652 0.613 0.659
3 1.0 0.673 0.636 0.657
4 1.0 0.686 0.646 0.652
5 1.0 0.685 0.638 0.658
6 1.0 0.689 0.638 0.657
7 1.0 0.686 0.641 0.656
8 1.0 0.692 0.648 0.663
9 1.0 0.693 0.65 0.661
10 1.0 0.689 0.648 0.656
2024-09-19 11:19:54
gamma OFF SAM SAMC GRD
1 1.0 0.55 0.535 0.628
2 1.0 0.658 0.604 0.638
3 1.0 0.698 0.625 0.625
4 1.0 0.695 0.614 0.621
5 1.0 0.697 0.624 0.625
6 1.0 0.712 0.633 0.629
7 1.0 0.71 0.634 0.616
8 1.0 0.697 0.628 0.618
9 1.0 0.701 0.625 0.624
10 1.0 0.702 0.634 0.624
2024-09-19 11:31:32
gamma OFF SAM SAMC GRD
1 1.0 0.538 0.529 0.632
2 1.0 0.676 0.615 0.61
3 1.0 0.708 0.617 0.612
4 1.0 0.727 0.638 0.615
5 1.0 0.746 0.653 0.613
6 1.0 0.733 0.636 0.618
7 1.0 0.746 0.66 0.613
8 1.0 0.735 0.644 0.618
9 1.0 0.736 0.646 0.618
10 1.0 0.746 0.658 0.616
2024-09-19 11:46:01
gamma OFF SAM SAMC GRD
1 1.0 0.527 0.509 0.597
2 1.0 0.691 0.634 0.616
3 1.0 0.729 0.631 0.601
4 1.0 0.758 0.656 0.602
5 1.0 0.755 0.655 0.609
6 1.0 0.748 0.645 0.617
7 1.0 0.757 0.655 0.621
8 1.0 0.762 0.66 0.613
9 1.0 0.759 0.665 0.619
10 1.0 0.76 0.662 0.618
2024-09-19 12:06:26
gamma OFF SAM SAMC GRD
1 1.0 0.541 0.537 0.6
2 1.0 0.699 0.648 0.608
3 1.0 0.735 0.656 0.593
4 1.0 0.757 0.67 0.598
5 1.0 0.764 0.659 0.611
6 1.0 0.767 0.663 0.603
7 1.0 0.766 0.662 0.596
8 1.0 0.765 0.667 0.606
9 1.0 0.772 0.656 0.61
10 1.0 0.763 0.658 0.606
2024-09-19 22:25:22
gamma OFF SAM SAMC GRD
1 1.0 0.577 0.564 0.594
2024-09-19 22:26:14
gamma OFF SAM SAMC GRD
1 1.0 0.592 0.575 0.565
2024-09-19 22:27:08
gamma OFF SAM SAMC GRD
1 1.0 0.566 0.551 0.632
2024-09-19 22:36:22
gamma OFF SAM SAMC GRD
1 1.0 0.577 0.566 0.579
2024-09-19 22:38:00
gamma OFF SAM SAMC GRD
1 1.0 0.577 0.566 0.579
2 1.0 0.735 0.701 0.577
2024-09-20 16:12:18
gamma OFF SAM SAMC GRD
1 1.0 0.577 0.566 0.579
2 1.0 0.735 0.701 0.577
2024-09-20 16:13:52
gamma OFF SAM SAMC GRD
1 1.0 0.563 0.561 0.617
2 1.0 0.714 0.686 0.626
2024-09-20 16:16:45
gamma OFF SAM SAMC GRD
1 1.0 0.52 0.513 0.528
2 1.0 0.621 0.579 0.536
2024-09-21 10:01:45
gamma OFF SAM SAMC GRD
1 1.0 0.542 0.542 0.61
2 1.0 0.696 0.631 0.601
2024-09-21 10:09:21
gamma OFF SAM SAMC GRD
1 1.0 0.542 0.542 0.61
2 1.0 0.696 0.631 0.601
2024-09-21 10:14:27
gamma OFF SAM SAMC GRD
1 1.0 0.542 0.542 0.61
2 1.0 0.696 0.631 0.601
2024-09-21 10:23:47
gamma OFF SAM SAMC GRD
1 1.0 0.559 0.563 0.544
2024-09-21 10:25:38
gamma OFF SAM SAMC GRD
1 1.0 0.57 0.569 0.5
2024-09-21 10:28:47
gamma OFF SAM SAMC GRD
1 1.0 0.537 0.534 0.804
2024-09-21 10:32:02
gamma OFF SAM SAMC GRD
1 1.0 0.565 0.573 0.57
2024-09-26 09:12:08
gamma OFF SAM SAMC GRD
1 1.0 0.688 0.676 0.756
2 1.0 0.729 0.704 0.759
3 1.0 0.745 0.712 0.752
4 1.0 0.755 0.719 0.753
5 1.0 0.741 0.706 0.752
2024-10-09 10:40:23
density=1 type_number=20 gamma=1 w_std=0.5
gamma OFF SAM
0.1 1.0 0.10913
0.2 1.0 0.18859
0.3 1.0 0.28395
0.4 1.0 0.34351
0.5 1.0 0.41198
0.6 1.0 0.451
0.7 1.0 0.49214
0.8 1.0 0.54506
0.9 1.0 0.57924
1.0 1.0 0.60706
2024-10-09 10:40:35
density=1 type_number=20 gamma=1 w_std=1
gamma OFF SAM
0.1 1.0 0.11281
0.2 1.0 0.19516
0.3 1.0 0.29621
0.4 1.0 0.35687
0.5 1.0 0.42699
0.6 1.0 0.46867
0.7 1.0 0.51046
0.8 1.0 0.56602
0.9 1.0 0.60245
1.0 1.0 0.63234
2024-10-09 10:40:47
density=1 type_number=20 gamma=1 w_std=5
gamma OFF SAM
0.1 1.0 0.11525
0.2 1.0 0.19974
0.3 1.0 0.30513
0.4 1.0 0.36639
0.5 1.0 0.43748
0.6 1.0 0.48093
0.7 1.0 0.52333
0.8 1.0 0.58075
0.9 1.0 0.61859
1.0 1.0 0.6499
2024-10-09 10:40:59
density=1 type_number=20 gamma=1 w_std=10
gamma OFF SAM
0.1 1.0 0.1155
0.2 1.0 0.20023
0.3 1.0 0.30611
0.4 1.0 0.36743
0.5 1.0 0.4386
0.6 1.0 0.48222
0.7 1.0 0.52471
0.8 1.0 0.58231
0.9 1.0 0.62028
1.0 1.0 0.65173
2024-10-11 23:34:04
density=1 type_number=20 gamma=1 w_std=5 r_min=0
gamma OFF SAM
0.1 1.0 0.11525
0.2 1.0 0.19974
0.3 1.0 0.30513
0.4 1.0 0.36639
0.5 1.0 0.43748
0.6 1.0 0.48093
0.7 1.0 0.52333
0.8 1.0 0.58075
0.9 1.0 0.61859
1.0 1.0 0.6499
2024-10-11 23:34:25
density=1 type_number=20 gamma=1 w_std=5 r_min=0.3
gamma OFF SAM
0.1 1.0 0.11089
0.2 1.0 0.21352
0.3 1.0 0.31354
0.4 1.0 0.38415
0.5 1.0 0.44375
0.6 1.0 0.46518
0.7 1.0 0.53501
0.8 1.0 0.57162
0.9 1.0 0.61234
1.0 1.0 0.64894
2024-10-11 23:34:47
density=1 type_number=20 gamma=1 w_std=5 r_min=0.6
gamma OFF SAM
0.1 1.0 0.12386
0.2 1.0 0.21458
0.3 1.0 0.2787
0.4 1.0 0.38397
0.5 1.0 0.42946
0.6 1.0 0.48816
0.7 1.0 0.50986
0.8 1.0 0.57327
0.9 1.0 0.61168
1.0 1.0 0.6467
2024-10-11 23:35:10
density=1 type_number=20 gamma=1 w_std=5 r_min=0.9
gamma OFF SAM
0.1 1.0 0.11445
0.2 1.0 0.21005
0.3 1.0 0.28659
0.4 1.0 0.35619
0.5 1.0 0.42546
0.6 1.0 0.45864
0.7 1.0 0.52036
0.8 1.0 0.57001
0.9 1.0 0.60537
1.0 1.0 0.63209
