2024-09-02 17:23:20
gamma OFF SAM
0.1 1.0 0.144
0.2 1.0 0.236
0.3 1.0 0.415
0.4 1.0 0.468
0.5 1.0 0.56
0.6 1.0 0.593
0.7 1.0 0.674
0.8 1.0 0.69
0.9 1.0 0.777
2024-09-02 17:24:44
gamma OFF SAM
0.1 1.0 0.099
0.2 1.0 0.199
0.3 1.0 0.262
0.4 1.0 0.354
0.5 1.0 0.467
0.6 1.0 0.538
0.7 1.0 0.577
0.8 1.0 0.678
0.9 1.0 0.708
2024-09-02 17:26:09
gamma OFF SAM
0.1 1.0 0.074
0.2 1.0 0.281
0.3 1.0 0.266
0.4 1.0 0.413
0.5 1.0 0.43
0.6 1.0 0.497
0.7 1.0 0.528
0.8 1.0 0.593
0.9 1.0 0.633
2024-09-02 17:27:35
gamma OFF SAM
0.1 1.0 0.126
0.2 1.0 0.22
0.3 1.0 0.301
0.4 1.0 0.337
0.5 1.0 0.396
0.6 1.0 0.492
0.7 1.0 0.556
0.8 1.0 0.549
0.9 1.0 0.623
2024-09-02 17:29:01
gamma OFF SAM
0.1 1.0 0.085
0.2 1.0 0.217
0.3 1.0 0.254
0.4 1.0 0.341
0.5 1.0 0.409
0.6 1.0 0.427
0.7 1.0 0.542
0.8 1.0 0.56
0.9 1.0 0.58
2024-09-02 18:47:41
gamma OFF SAM
0.1 1.0 0.144
0.2 1.0 0.236
0.3 1.0 0.415
0.4 1.0 0.468
0.5 1.0 0.56
0.6 1.0 0.593
0.7 1.0 0.674
0.8 1.0 0.69
0.9 1.0 0.777
2024-09-02 18:51:51
gamma OFF SAM
0.1 1.0 0.099
0.2 1.0 0.199
0.3 1.0 0.262
0.4 1.0 0.354
0.5 1.0 0.467
0.6 1.0 0.538
0.7 1.0 0.577
0.8 1.0 0.678
0.9 1.0 0.708
2024-09-02 18:56:03
gamma OFF SAM
0.1 1.0 0.074
0.2 1.0 0.281
0.3 1.0 0.266
0.4 1.0 0.413
0.5 1.0 0.43
0.6 1.0 0.497
0.7 1.0 0.528
0.8 1.0 0.593
0.9 1.0 0.633
2024-09-02 19:00:17
gamma OFF SAM
0.1 1.0 0.126
0.2 1.0 0.22
0.3 1.0 0.301
0.4 1.0 0.337
0.5 1.0 0.396
0.6 1.0 0.492
0.7 1.0 0.556
0.8 1.0 0.549
0.9 1.0 0.623
2024-09-02 19:04:33
gamma OFF SAM
0.1 1.0 0.085
0.2 1.0 0.217
0.3 1.0 0.254
0.4 1.0 0.341
0.5 1.0 0.409
0.6 1.0 0.427
0.7 1.0 0.542
0.8 1.0 0.56
0.9 1.0 0.58
