2024-09-19 11:39:36
gamma OFF SAM SAMC GRD
1 1.0 0.698 0.707 0.802
2 1.0 0.714 0.711 0.799
3 1.0 0.713 0.709 0.787
4 1.0 0.709 0.7 0.787
5 1.0 0.71 0.697 0.788
6 1.0 0.704 0.698 0.785
7 1.0 0.712 0.706 0.793
8 1.0 0.726 0.727 0.8
9 1.0 0.726 0.725 0.8
10 1.0 0.726 0.725 0.8
2024-09-19 11:48:51
gamma OFF SAM SAMC GRD
1 1.0 0.562 0.568 0.651
2 1.0 0.589 0.582 0.684
3 1.0 0.621 0.603 0.68
4 1.0 0.627 0.625 0.668
5 1.0 0.613 0.606 0.666
6 1.0 0.632 0.592 0.667
7 1.0 0.63 0.59 0.67
8 1.0 0.642 0.609 0.688
9 1.0 0.642 0.609 0.688
10 1.0 0.648 0.626 0.673
