2024-07-04 01:47:51
gamma OFF SAM SAMC
0.1 1.0 0.119 0.111
0.2 1.0 0.228 0.24
0.3 1.0 0.34 0.347
0.4 1.0 0.436 0.429
0.5 1.0 0.534 0.533
0.6 1.0 0.617 0.625
0.7 1.0 0.72 0.7
0.8 1.0 0.785 0.778
0.9 1.0 0.865 0.866
1.0 1.0 0.935 0.935

delta 2
2024-07-17 20:57:28
gamma OFF SAM0.1
0.1 1.0 0.118
0.2 1.0 0.24
0.3 1.0 0.32
0.4 1.0 0.385
0.5 1.0 0.469
0.6 1.0 0.53
0.7 1.0 0.581
0.8 1.0 0.634
0.9 1.0 0.691
1.0 1.0 0.72
2024-07-17 21:10:23
gamma OFF SAM0.3
0.1 1.0 0.14
0.2 1.0 0.251
0.3 1.0 0.347
0.4 1.0 0.46
0.5 1.0 0.536
0.6 1.0 0.617
0.7 1.0 0.721
0.8 1.0 0.758
0.9 1.0 0.839
1.0 1.0 0.893
2024-07-17 22:02:10
gamma OFF SAM0.5
0.1 1.0 0.105
0.2 1.0 0.24
0.3 1.0 0.324
0.4 1.0 0.451
0.5 1.0 0.547
0.6 1.0 0.593
0.7 1.0 0.691
0.8 1.0 0.782
0.9 1.0 0.854
1.0 1.0 0.942
2024-07-17 22:07:40
gamma OFF SAM0.7
0.1 1.0 0.149
0.2 1.0 0.199
0.3 1.0 0.31
0.4 1.0 0.438
0.5 1.0 0.531
0.6 1.0 0.646
0.7 1.0 0.725
0.8 1.0 0.807
0.9 1.0 0.884
1.0 1.0 0.95
2024-07-17 22:14:28
gamma OFF SAM0.9
0.1 1.0 0.114
0.2 1.0 0.21
0.3 1.0 0.281
0.4 1.0 0.394
0.5 1.0 0.539
0.6 1.0 0.592
0.7 1.0 0.72
0.8 1.0 0.823
0.9 1.0 0.897
1.0 1.0 0.962

delta 5
