2024-09-02 12:30:30
gamma OFF SAM
0.1 1.0 0.112
0.2 1.0 0.227
0.3 1.0 0.454
0.4 1.0 0.53
0.5 1.0 0.526
0.6 1.0 0.622
0.7 1.0 0.665
0.8 1.0 0.713
0.9 1.0 0.817
2024-09-02 12:31:53
gamma OFF SAM
0.1 1.0 0.116
0.2 1.0 0.221
0.3 1.0 0.33
0.4 1.0 0.393
0.5 1.0 0.465
0.6 1.0 0.558
0.7 1.0 0.65
0.8 1.0 0.67
0.9 1.0 0.71
2024-09-02 12:33:16
gamma OFF SAM
0.1 1.0 0.134
0.2 1.0 0.312
0.3 1.0 0.363
0.4 1.0 0.436
0.5 1.0 0.485
0.6 1.0 0.613
0.7 1.0 0.655
0.8 1.0 0.706
0.9 1.0 0.758
2024-09-02 12:34:39
gamma OFF SAM
0.1 1.0 0.156
0.2 1.0 0.225
0.3 1.0 0.287
0.4 1.0 0.465
0.5 1.0 0.477
0.6 1.0 0.459
0.7 1.0 0.619
0.8 1.0 0.668
0.9 1.0 0.702
2024-09-02 12:36:03
gamma OFF SAM
0.1 1.0 0.114
0.2 1.0 0.2
0.3 1.0 0.323
0.4 1.0 0.459
0.5 1.0 0.481
0.6 1.0 0.516
0.7 1.0 0.576
0.8 1.0 0.695
0.9 1.0 0.721
2024-09-02 18:10:30
gamma OFF SAM
0.1 1.0 0.112
0.2 1.0 0.251
0.3 1.0 0.454
0.4 1.0 0.53
0.5 1.0 0.566
0.6 1.0 0.622
0.7 1.0 0.665
0.8 1.0 0.713
0.9 1.0 0.817
2024-09-02 18:14:40
gamma OFF SAM
0.1 1.0 0.116
0.2 1.0 0.221
0.3 1.0 0.33
0.4 1.0 0.393
0.5 1.0 0.465
0.6 1.0 0.558
0.7 1.0 0.65
0.8 1.0 0.67
0.9 1.0 0.71
2024-09-02 18:18:51
gamma OFF SAM
0.1 1.0 0.134
0.2 1.0 0.312
0.3 1.0 0.363
0.4 1.0 0.436
0.5 1.0 0.485
0.6 1.0 0.613
0.7 1.0 0.655
0.8 1.0 0.706
0.9 1.0 0.758
2024-09-02 18:23:03
gamma OFF SAM
0.1 1.0 0.156
0.2 1.0 0.225
0.3 1.0 0.287
0.4 1.0 0.465
0.5 1.0 0.477
0.6 1.0 0.459
0.7 1.0 0.619
0.8 1.0 0.668
0.9 1.0 0.702
2024-09-02 18:27:13
gamma OFF SAM
0.1 1.0 0.114
0.2 1.0 0.2
0.3 1.0 0.323
0.4 1.0 0.459
0.5 1.0 0.481
0.6 1.0 0.516
0.7 1.0 0.576
0.8 1.0 0.695
0.9 1.0 0.721
2024-09-08 12:02:02
gamma OFF SAM
0.1 1.0 0.115
0.2 1.0 0.227
0.3 1.0 0.342
0.4 1.0 0.38
0.5 1.0 0.468
0.6 1.0 0.56
0.7 1.0 0.61
0.8 1.0 0.655
0.9 1.0 0.722
2024-09-09 00:27:21
gamma OFF SAM
1 1.0 0.77
