2024-07-04 09:40:04
gamma OFF SAM SAMC
0.1 1.0 0.129 0.127
0.2 1.0 0.224 0.239
0.3 1.0 0.325 0.33
0.4 1.0 0.405 0.406
0.5 1.0 0.481 0.484
0.6 1.0 0.558 0.551
0.7 1.0 0.619 0.615
0.8 1.0 0.669 0.666
0.9 1.0 0.723 0.726
1.0 1.0 0.772 0.768
delta 2
2024-07-17 21:01:40
gamma OFF SAM10
0.1 1.0 0.135
0.2 1.0 0.282
0.3 1.0 0.37
0.4 1.0 0.468
0.5 1.0 0.539
0.6 1.0 0.611
0.7 1.0 0.699
0.8 1.0 0.76
0.9 1.0 0.795
1.0 1.0 0.859
2024-07-17 21:32:09
gamma OFF SAM15
0.1 1.0 0.138
0.2 1.0 0.248
0.3 1.0 0.318
0.4 1.0 0.41
0.5 1.0 0.489
0.6 1.0 0.59
0.7 1.0 0.663
0.8 1.0 0.69
0.9 1.0 0.757
1.0 1.0 0.802
2024-07-17 22:06:08
gamma OFF SAM20
0.1 1.0 0.11
0.2 1.0 0.229
0.3 1.0 0.343
0.4 1.0 0.41
0.5 1.0 0.47
0.6 1.0 0.547
0.7 1.0 0.603
0.8 1.0 0.671
0.9 1.0 0.724
1.0 1.0 0.768
2024-07-17 22:12:55
gamma OFF SAM25
0.1 1.0 0.116
0.2 1.0 0.247
0.3 1.0 0.318
0.4 1.0 0.394
0.5 1.0 0.452
0.6 1.0 0.51
0.7 1.0 0.585
0.8 1.0 0.64
0.9 1.0 0.693
1.0 1.0 0.724
2024-07-17 22:19:33
gamma OFF SAM30
0.1 1.0 0.12
0.2 1.0 0.221
0.3 1.0 0.312
0.4 1.0 0.387
0.5 1.0 0.452
0.6 1.0 0.507
0.7 1.0 0.571
0.8 1.0 0.615
0.9 1.0 0.679
1.0 1.0 0.712
