2024-08-29 18:13:33
gamma OFF SAM
0.1 1.0 0.104
0.2 1.0 0.212
0.3 1.0 0.301
0.4 1.0 0.382
0.5 1.0 0.468
0.6 1.0 0.528
0.7 1.0 0.587
0.8 1.0 0.615
0.9 1.0 0.667
1.0 1.0 0.706
2024-08-29 18:42:46
gamma OFF SAM
0.1 1.0 0.106
0.2 1.0 0.221
0.3 1.0 0.279
0.4 1.0 0.344
0.5 1.0 0.433
0.6 1.0 0.467
0.7 1.0 0.537
0.8 1.0 0.581
0.9 1.0 0.641
1.0 1.0 0.671
2024-08-29 21:14:06
gamma OFF SAM
0.1 1.0 0.118
0.2 1.0 0.241
0.3 1.0 0.274
0.4 1.0 0.338
0.5 1.0 0.414
0.6 1.0 0.495
0.7 1.0 0.539
0.8 1.0 0.556
0.9 1.0 0.616
1.0 1.0 0.652
2024-08-29 21:43:45
gamma OFF SAM
0.1 1.0 0.12
0.2 1.0 0.209
0.3 1.0 0.255
0.4 1.0 0.343
0.5 1.0 0.443
0.6 1.0 0.481
0.7 1.0 0.551
0.8 1.0 0.587
0.9 1.0 0.627
1.0 1.0 0.667
2024-08-29 22:14:17
gamma OFF SAM
0.1 1.0 0.095
0.2 1.0 0.225
0.3 1.0 0.267
0.4 1.0 0.36
0.5 1.0 0.413
0.6 1.0 0.501
0.7 1.0 0.545
0.8 1.0 0.577
0.9 1.0 0.615
1.0 1.0 0.646
2024-09-05 14:39:19
gamma OFF SAM
0.1 1.0 0.08
0.2 1.0 0.179
0.3 1.0 0.256
0.4 1.0 0.283
0.5 1.0 0.381
0.6 1.0 0.476
0.7 1.0 0.5
0.8 1.0 0.506
0.9 1.0 0.595
