2024-09-19 10:28:20
gamma OFF SAM SAMC GRD
1 1.0 0.525 0.52 0.636
2 1.0 0.615 0.577 0.633
3 1.0 0.618 0.589 0.642
4 1.0 0.648 0.608 0.648
5 1.0 0.633 0.587 0.637
2024-09-19 10:29:22
gamma OFF SAM SAMC GRD
1 1.0 0.554 0.548 0.708
2 1.0 0.67 0.606 0.712
3 1.0 0.689 0.614 0.719
4 1.0 0.7 0.631 0.731
5 1.0 0.694 0.611 0.715
2024-09-19 10:30:35
gamma OFF SAM SAMC GRD
1 1.0 0.525 0.52 0.636
2 1.0 0.615 0.577 0.633
3 1.0 0.618 0.589 0.642
4 1.0 0.648 0.608 0.648
5 1.0 0.633 0.587 0.637
2024-09-19 10:31:44 hyperpara = 20 tn= 50
gamma OFF SAM SAMC GRD 
6 1.0 0.634 0.597 0.641
7 1.0 0.622 0.58 0.65
8 1.0 0.625 0.579 0.652
9 1.0 0.641 0.595 0.64
10 1.0 0.645 0.592 0.632
2024-09-19 10:36:52 hyperpara = 50 tn=50
gamma OFF SAM SAMC GRD
1 1.0 0.489 0.468 0.587
2 1.0 0.625 0.552 0.584
3 1.0 0.678 0.575 0.603
4 1.0 0.67 0.568 0.601
5 1.0 0.678 0.573 0.602
6 1.0 0.684 0.575 0.593
7 1.0 0.679 0.575 0.61
8 1.0 0.698 0.579 0.606
9 1.0 0.691 0.587 0.604
10 1.0 0.701 0.601 0.606
2024-09-19 10:49:44 hyperpara = 10 tn=50
gamma OFF SAM SAMC GRD
1 1.0 0.624 0.622 0.705
2 1.0 0.663 0.634 0.684
3 1.0 0.663 0.634 0.681
4 1.0 0.671 0.635 0.693
5 1.0 0.674 0.643 0.686
6 1.0 0.677 0.635 0.693
7 1.0 0.677 0.636 0.693
8 1.0 0.671 0.636 0.699
9 1.0 0.671 0.637 0.699
10 1.0 0.681 0.648 0.698
2024-09-19 11:07:11
gamma OFF SAM SAMC GRD
1 1.0 0.624 0.622 0.705
2 1.0 0.663 0.634 0.684
3 1.0 0.663 0.634 0.681
4 1.0 0.671 0.635 0.693
5 1.0 0.674 0.643 0.686
6 1.0 0.677 0.635 0.693
7 1.0 0.677 0.636 0.693
8 1.0 0.671 0.636 0.699
9 1.0 0.671 0.637 0.699
10 1.0 0.681 0.648 0.698
2024-09-19 11:09:56
gamma OFF SAM SAMC GRD
1 1.0 0.525 0.52 0.636
2 1.0 0.615 0.577 0.633
3 1.0 0.618 0.589 0.642
4 1.0 0.648 0.608 0.648
5 1.0 0.633 0.587 0.637
6 1.0 0.634 0.597 0.641
7 1.0 0.622 0.58 0.65
8 1.0 0.625 0.579 0.652
9 1.0 0.641 0.595 0.64
10 1.0 0.645 0.592 0.632
2024-09-19 11:15:28
gamma OFF SAM SAMC GRD
1 1.0 0.514 0.489 0.616
2 1.0 0.615 0.54 0.611
3 1.0 0.641 0.548 0.627
4 1.0 0.651 0.569 0.605
5 1.0 0.647 0.558 0.602
6 1.0 0.654 0.571 0.613
7 1.0 0.654 0.561 0.613
8 1.0 0.647 0.576 0.615
9 1.0 0.656 0.583 0.613
10 1.0 0.643 0.57 0.621
2024-09-19 11:23:41
gamma OFF SAM SAMC GRD
1 1.0 0.502 0.471 0.605
2 1.0 0.61 0.537 0.61
3 1.0 0.66 0.554 0.598
4 1.0 0.658 0.553 0.602
5 1.0 0.675 0.581 0.6
6 1.0 0.675 0.582 0.607
7 1.0 0.676 0.576 0.622
8 1.0 0.657 0.569 0.607
9 1.0 0.661 0.574 0.613
10 1.0 0.661 0.574 0.613
2024-09-19 11:36:43
gamma OFF SAM SAMC GRD
1 1.0 0.489 0.468 0.587
2 1.0 0.625 0.552 0.584
3 1.0 0.678 0.575 0.603
4 1.0 0.67 0.568 0.601
5 1.0 0.678 0.573 0.602
6 1.0 0.684 0.575 0.593
7 1.0 0.679 0.575 0.61
8 1.0 0.698 0.579 0.606
9 1.0 0.691 0.587 0.604
10 1.0 0.701 0.601 0.606
2024-09-19 11:50:44
gamma OFF SAM SAMC GRD
1 1.0 0.472 0.452 0.598
2 1.0 0.625 0.556 0.607
3 1.0 0.669 0.566 0.595
4 1.0 0.682 0.571 0.6
5 1.0 0.7 0.585 0.602
6 1.0 0.704 0.576 0.605
7 1.0 0.709 0.594 0.596
8 1.0 0.699 0.58 0.6
9 1.0 0.69 0.576 0.585
10 1.0 0.706 0.597 0.603
2024-09-19 12:11:57
gamma OFF SAM SAMC GRD
1 1.0 0.457 0.493 0.579
2 1.0 0.63 0.558 0.594
3 1.0 0.672 0.58 0.598
4 1.0 0.7 0.584 0.591
5 1.0 0.706 0.578 0.589
6 1.0 0.717 0.588 0.589
7 1.0 0.719 0.594 0.591
8 1.0 0.708 0.585 0.59
9 1.0 0.708 0.585 0.59
10 1.0 0.703 0.583 0.586
2024-09-22 17:25:47
gamma OFF SAM SAMC GRD
1 1.0 193.137 196.765 271.234
2024-09-23 21:08:51
gamma OFF SAM SAMC GRD BAT
1 1.0 0.494 0.495 0.538 0.664
2024-09-25 08:58:45
gamma OFF SAM SAMC GRD BAT
1 1.0 0.47 0.463 0.539 0.646
2024-09-25 09:02:24
gamma OFF SAM SAMC GRD BAT
2 1.0 0.629 0.54 0.539 0.646
2024-09-25 09:06:24
gamma OFF SAM SAMC GRD BAT
2 1.0 0.635 0.564 0.635 0.606
2024-09-25 09:11:39
gamma OFF SAM SAMC GRD BAT
2 1.0 0.634 0.563 0.634 0.613
2024-09-25 10:08:31
gamma OFF SAM SAMC GRD BAT
2 1.0 0.635 0.564 0.635 0.606
2024-09-25 10:10:26
gamma OFF SAM SAMC GRD BAT
2 1.0 0.634 0.563 0.634 0.613
2024-09-25 10:52:54
gamma OFF SAM SAMC GRD BAT
2 1.0 0.635 0.564 0.635 0.606
2024-09-25 15:13:46
gamma OFF SAM SAMC GRD BAT
1 1.0 0.501 0.708 0.743 0.719
2024-09-25 15:16:35
gamma OFF SAM SAMC GRD
1 1.0 0.501 0.708 0.742
2024-09-25 15:17:23
gamma OFF SAM SAMC GRD
1 1.0 0.501 0.708 0.742
2024-09-25 15:19:19
gamma OFF SAM SAMC GRD
1 1.0 0.501 0.708 0.743
2024-09-25 15:36:37
gamma OFF SAM SAMC GRD
1 1.0 0.501 0.708 0.743
2024-09-25 15:37:28
gamma OFF SAM SAMC GRD
1 1.0 0.501 0.708 0.742
2024-09-25 16:01:56
gamma OFF SAM SAMC GRD
1 1.0 0.501 0.708 0.743
2024-09-25 16:42:36
gamma OFF SAM SAMC GRD
1 1.0 0.501 0.708 0.742
2024-09-25 16:44:11
gamma OFF SAM SAMC GRD
1 1.0 0.501 0.708 0.742
2024-09-25 18:32:12
gamma OFF SAM SAMC GRD
1 1.0 0.501 0.708 0.742
2024-09-25 18:34:07
gamma OFF SAM SAMC GRD
1 1.0 0.501 0.708 0.742
2024-09-25 18:34:19
gamma OFF SAM SAMC GRD
1 1.0 0.552 0.583 0.69
2024-09-25 18:35:13
gamma OFF SAM SAMC GRD
1 1.0 0.552 0.583 0.69
2 1.0 0.688 0.715 0.69
2024-09-25 18:36:00
gamma OFF SAM SAMC GRD
1 1.0 0.552 0.583 0.69
2 1.0 0.688 0.715 0.69
3 1.0 0.765 0.721 0.69
4 1.0 0.785 0.719 0.69
5 1.0 0.781 0.727 0.69
2024-09-25 20:02:37
gamma OFF SAM SAMC GRD
1 1.0 0.487 0.569 0.719
2 1.0 0.652 0.696 0.719
3 1.0 0.74 0.691 0.719
4 1.0 0.79 0.697 0.719
5 1.0 0.806 0.695 0.719
2024-09-25 20:06:11
gamma OFF SAM SAMC GRD
1 1.0 0.472 0.501 0.526
2 1.0 0.633 0.581 0.526
3 1.0 0.691 0.583 0.526
4 1.0 0.714 0.583 0.526
5 1.0 0.714 0.586 0.526
2024-09-25 20:18:24
gamma OFF SAM SAMC GRD
1 1.0 0.472 0.501 0.526
