2024-07-18 01:54:37
gamma OFF SAM10
0.1 1.0 0.131
0.2 1.0 0.254
0.3 1.0 0.328
0.4 1.0 0.411
0.5 1.0 0.493
0.6 1.0 0.531
0.7 1.0 0.574
0.8 1.0 0.63
0.9 1.0 0.682
1.0 1.0 0.716
2024-07-18 04:11:48
gamma OFF SAM15
0.1 1.0 0.098
0.2 1.0 0.208
0.3 1.0 0.327
0.4 1.0 0.367
0.5 1.0 0.431
0.6 1.0 0.499
0.7 1.0 0.543
0.8 1.0 0.591
0.9 1.0 0.646
1.0 1.0 0.679
2024-07-18 06:37:41
gamma OFF SAM20
0.1 1.0 0.115
0.2 1.0 0.19
0.3 1.0 0.284
0.4 1.0 0.35
0.5 1.0 0.421
0.6 1.0 0.468
0.7 1.0 0.537
0.8 1.0 0.578
0.9 1.0 0.634
1.0 1.0 0.674
2024-07-18 09:49:19
gamma OFF SAM25
0.1 1.0 0.112
0.2 1.0 0.219
0.3 1.0 0.321
0.4 1.0 0.371
0.5 1.0 0.439
0.6 1.0 0.494
0.7 1.0 0.542
0.8 1.0 0.597
0.9 1.0 0.627
1.0 1.0 0.664
2024-07-18 11:44:13
gamma OFF SAM30
0.1 1.0 0.106
0.2 1.0 0.202
0.3 1.0 0.275
0.4 1.0 0.345
0.5 1.0 0.4
0.6 1.0 0.457
0.7 1.0 0.517
0.8 1.0 0.556
0.9 1.0 0.596
1.0 1.0 0.641
