2024-08-29 17:53:53
gamma OFF SAM
0.1 1.0 0.128
0.2 1.0 0.237
0.3 1.0 0.35
0.4 1.0 0.431
0.5 1.0 0.499
0.6 1.0 0.564
0.7 1.0 0.657
0.8 1.0 0.7
0.9 1.0 0.781
1.0 1.0 0.833
2024-08-29 18:23:04
gamma OFF SAM
0.1 1.0 0.129
0.2 1.0 0.26
0.3 1.0 0.36
0.4 1.0 0.472
0.5 1.0 0.523
0.6 1.0 0.609
0.7 1.0 0.701
0.8 1.0 0.777
0.9 1.0 0.814
1.0 1.0 0.899
2024-08-29 19:53:23
gamma OFF SAM
0.1 1.0 0.14
0.2 1.0 0.239
0.3 1.0 0.328
0.4 1.0 0.5
0.5 1.0 0.518
0.6 1.0 0.618
0.7 1.0 0.705
0.8 1.0 0.792
0.9 1.0 0.846
1.0 1.0 0.95
2024-08-29 21:23:33
gamma OFF SAM
0.1 1.0 0.129
0.2 1.0 0.22
0.3 1.0 0.373
0.4 1.0 0.477
0.5 1.0 0.587
0.6 1.0 0.599
0.7 1.0 0.696
0.8 1.0 0.781
0.9 1.0 0.847
1.0 1.0 0.949
2024-08-29 21:53:18
gamma OFF SAM
0.1 1.0 0.096
0.2 1.0 0.232
0.3 1.0 0.345
0.4 1.0 0.439
0.5 1.0 0.507
0.6 1.0 0.575
0.7 1.0 0.649
0.8 1.0 0.759
0.9 1.0 0.793
1.0 1.0 0.939
2024-09-05 14:37:09
gamma OFF SAM
0.1 1.0 0.111
0.2 1.0 0.229
0.3 1.0 0.261
0.4 1.0 0.477
0.5 1.0 0.608
0.6 1.0 0.549
0.7 1.0 0.712
0.8 1.0 0.765
0.9 1.0 0.837
