2024-09-02 17:17:14
gamma OFF SAM
0.1 1.0 0.174
0.2 1.0 0.239
0.3 1.0 0.318
0.4 1.0 0.421
0.5 1.0 0.535
0.6 1.0 0.581
0.7 1.0 0.602
0.8 1.0 0.702
0.9 1.0 0.683
2024-09-02 17:18:19
gamma OFF SAM
0.1 1.0 0.138
0.2 1.0 0.228
0.3 1.0 0.302
0.4 1.0 0.459
0.5 1.0 0.541
0.6 1.0 0.619
0.7 1.0 0.676
0.8 1.0 0.748
0.9 1.0 0.811
2024-09-02 17:19:24
gamma OFF SAM
0.1 1.0 0.15
0.2 1.0 0.218
0.3 1.0 0.346
0.4 1.0 0.489
0.5 1.0 0.566
0.6 1.0 0.57
0.7 1.0 0.633
0.8 1.0 0.774
0.9 1.0 0.86
2024-09-02 17:20:30
gamma OFF SAM
0.1 1.0 0.123
0.2 1.0 0.32
0.3 1.0 0.415
0.4 1.0 0.46
0.5 1.0 0.598
0.6 1.0 0.57
0.7 1.0 0.734
0.8 1.0 0.782
0.9 1.0 0.861
2024-09-02 17:21:36
gamma OFF SAM
0.1 1.0 0.117
0.2 1.0 0.269
0.3 1.0 0.388
0.4 1.0 0.499
0.5 1.0 0.554
0.6 1.0 0.571
0.7 1.0 0.674
0.8 1.0 0.805
0.9 1.0 0.895
2024-09-02 18:29:41
gamma OFF SAM
0.1 1.0 0.174
0.2 1.0 0.239
0.3 1.0 0.318
0.4 1.0 0.421
0.5 1.0 0.535
0.6 1.0 0.581
0.7 1.0 0.602
0.8 1.0 0.702
0.9 1.0 0.683
2024-09-02 18:32:50
gamma OFF SAM
0.1 1.0 0.138
0.2 1.0 0.228
0.3 1.0 0.302
0.4 1.0 0.459
0.5 1.0 0.541
0.6 1.0 0.619
0.7 1.0 0.676
0.8 1.0 0.748
0.9 1.0 0.811
2024-09-02 18:36:02
gamma OFF SAM
0.1 1.0 0.15
0.2 1.0 0.218
0.3 1.0 0.346
0.4 1.0 0.489
0.5 1.0 0.566
0.6 1.0 0.57
0.7 1.0 0.633
0.8 1.0 0.774
0.9 1.0 0.86
2024-09-02 18:39:15
gamma OFF SAM
0.1 1.0 0.123
0.2 1.0 0.32
0.3 1.0 0.415
0.4 1.0 0.46
0.5 1.0 0.598
0.6 1.0 0.57
0.7 1.0 0.734
0.8 1.0 0.782
0.9 1.0 0.861
2024-09-02 18:42:33
gamma OFF SAM
0.1 1.0 0.117
0.2 1.0 0.269
0.3 1.0 0.388
0.4 1.0 0.499
0.5 1.0 0.554
0.6 1.0 0.571
0.7 1.0 0.674
0.8 1.0 0.805
0.9 1.0 0.895
2024-09-05 12:52:46
gamma OFF SAM
0.1 1.0 0.15
0.2 1.0 0.218
0.3 1.0 0.346
0.4 1.0 0.489
0.5 1.0 0.566
0.6 1.0 0.57
0.7 1.0 0.633
0.8 1.0 0.774
0.9 1.0 0.86
