2024-09-02 17:23:48
gamma OFF SAM
0.1 1.0 0.245
0.2 1.0 0.259
0.3 1.0 0.371
0.4 1.0 0.409
0.5 1.0 0.466
0.6 1.0 0.585
0.7 1.0 0.613
0.8 1.0 0.729
0.9 1.0 0.771
2024-09-02 17:25:13
gamma OFF SAM
0.1 1.0 0.11
0.2 1.0 0.246
0.3 1.0 0.326
0.4 1.0 0.348
0.5 1.0 0.435
0.6 1.0 0.506
0.7 1.0 0.58
0.8 1.0 0.607
0.9 1.0 0.631
2024-09-02 17:26:38
gamma OFF SAM
0.1 1.0 0.107
0.2 1.0 0.15
0.3 1.0 0.296
0.4 1.0 0.363
0.5 1.0 0.43
0.6 1.0 0.448
0.7 1.0 0.514
0.8 1.0 0.576
0.9 1.0 0.639
2024-09-02 17:28:04
gamma OFF SAM
0.1 1.0 0.124
0.2 1.0 0.239
0.3 1.0 0.259
0.4 1.0 0.349
0.5 1.0 0.385
0.6 1.0 0.477
0.7 1.0 0.471
0.8 1.0 0.546
0.9 1.0 0.578
2024-09-02 17:29:31
gamma OFF SAM
0.1 1.0 0.093
0.2 1.0 0.163
0.3 1.0 0.263
0.4 1.0 0.267
0.5 1.0 0.33
0.6 1.0 0.399
0.7 1.0 0.476
0.8 1.0 0.587
0.9 1.0 0.57
2024-09-02 18:49:04
gamma OFF SAM
0.1 1.0 0.245
0.2 1.0 0.259
0.3 1.0 0.371
0.4 1.0 0.409
0.5 1.0 0.466
0.6 1.0 0.585
0.7 1.0 0.613
0.8 1.0 0.729
0.9 1.0 0.771
2024-09-02 18:53:15
gamma OFF SAM
0.1 1.0 0.11
0.2 1.0 0.246
0.3 1.0 0.326
0.4 1.0 0.348
0.5 1.0 0.435
0.6 1.0 0.506
0.7 1.0 0.58
0.8 1.0 0.607
0.9 1.0 0.631
2024-09-02 18:57:28
gamma OFF SAM
0.1 1.0 0.107
0.2 1.0 0.15
0.3 1.0 0.296
0.4 1.0 0.363
0.5 1.0 0.43
0.6 1.0 0.448
0.7 1.0 0.514
0.8 1.0 0.576
0.9 1.0 0.639
2024-09-02 19:01:42
gamma OFF SAM
0.1 1.0 0.124
0.2 1.0 0.239
0.3 1.0 0.259
0.4 1.0 0.349
0.5 1.0 0.385
0.6 1.0 0.477
0.7 1.0 0.471
0.8 1.0 0.546
0.9 1.0 0.578
2024-09-02 19:06:00
gamma OFF SAM
0.1 1.0 0.093
0.2 1.0 0.163
0.3 1.0 0.263
0.4 1.0 0.267
0.5 1.0 0.33
0.6 1.0 0.399
0.7 1.0 0.476
0.8 1.0 0.587
0.9 1.0 0.57
