2024-09-02 17:17:36
gamma OFF SAM
0.1 1.0 0.214
0.2 1.0 0.225
0.3 1.0 0.299
0.4 1.0 0.396
0.5 1.0 0.447
0.6 1.0 0.51
0.7 1.0 0.556
0.8 1.0 0.608
0.9 1.0 0.676
2024-09-02 17:18:41
gamma OFF SAM
0.1 1.0 0.127
0.2 1.0 0.165
0.3 1.0 0.248
0.4 1.0 0.29
0.5 1.0 0.337
0.6 1.0 0.447
0.7 1.0 0.521
0.8 1.0 0.537
0.9 1.0 0.566
2024-09-02 17:19:46
gamma OFF SAM
0.1 1.0 0.081
0.2 1.0 0.154
0.3 1.0 0.235
0.4 1.0 0.294
0.5 1.0 0.388
0.6 1.0 0.449
0.7 1.0 0.473
0.8 1.0 0.512
0.9 1.0 0.584
2024-09-02 17:20:53
gamma OFF SAM
0.1 1.0 0.121
0.2 1.0 0.177
0.3 1.0 0.26
0.4 1.0 0.282
0.5 1.0 0.332
0.6 1.0 0.455
0.7 1.0 0.486
0.8 1.0 0.501
0.9 1.0 0.537
2024-09-02 17:21:59
gamma OFF SAM
0.1 1.0 0.095
0.2 1.0 0.243
0.3 1.0 0.31
0.4 1.0 0.344
0.5 1.0 0.402
0.6 1.0 0.435
0.7 1.0 0.52
0.8 1.0 0.535
0.9 1.0 0.567
2024-09-02 18:30:44
gamma OFF SAM
0.1 1.0 0.214
0.2 1.0 0.225
0.3 1.0 0.299
0.4 1.0 0.396
0.5 1.0 0.447
0.6 1.0 0.51
0.7 1.0 0.556
0.8 1.0 0.608
0.9 1.0 0.676
2024-09-02 18:33:55
gamma OFF SAM
0.1 1.0 0.127
0.2 1.0 0.165
0.3 1.0 0.248
0.4 1.0 0.29
0.5 1.0 0.337
0.6 1.0 0.447
0.7 1.0 0.521
0.8 1.0 0.537
0.9 1.0 0.566
2024-09-02 18:37:08
gamma OFF SAM
0.1 1.0 0.081
0.2 1.0 0.154
0.3 1.0 0.235
0.4 1.0 0.294
0.5 1.0 0.388
0.6 1.0 0.449
0.7 1.0 0.473
0.8 1.0 0.512
0.9 1.0 0.584
2024-09-02 18:40:23
gamma OFF SAM
0.1 1.0 0.121
0.2 1.0 0.177
0.3 1.0 0.26
0.4 1.0 0.282
0.5 1.0 0.332
0.6 1.0 0.455
0.7 1.0 0.486
0.8 1.0 0.501
0.9 1.0 0.537
2024-09-02 18:43:43
gamma OFF SAM
0.1 1.0 0.095
0.2 1.0 0.243
0.3 1.0 0.31
0.4 1.0 0.344
0.5 1.0 0.402
0.6 1.0 0.435
0.7 1.0 0.52
0.8 1.0 0.535
0.9 1.0 0.567
2024-09-05 12:53:53
gamma OFF SAM
0.1 1.0 0.081
0.2 1.0 0.154
0.3 1.0 0.235
0.4 1.0 0.294
0.5 1.0 0.388
0.6 1.0 0.449
0.7 1.0 0.473
0.8 1.0 0.512
0.9 1.0 0.584
2024-09-08 23:48:53
gamma OFF SAM
1 1.0 0.61
