2024-07-18 01:13:30
gamma OFF SAM10
0.1 1.0 0.117
0.2 1.0 0.194
0.3 1.0 0.319
0.4 1.0 0.386
0.5 1.0 0.472
0.6 1.0 0.532
0.7 1.0 0.59
0.8 1.0 0.639
0.9 1.0 0.69
1.0 1.0 0.735
2024-07-18 03:17:31
gamma OFF SAM15
0.1 1.0 0.108
0.2 1.0 0.225
0.3 1.0 0.281
0.4 1.0 0.355
0.5 1.0 0.427
0.6 1.0 0.484
0.7 1.0 0.531
0.8 1.0 0.583
0.9 1.0 0.639
1.0 1.0 0.678
2024-07-18 05:34:34
gamma OFF SAM20
0.1 1.0 0.115
0.2 1.0 0.202
0.3 1.0 0.271
0.4 1.0 0.337
0.5 1.0 0.395
0.6 1.0 0.459
0.7 1.0 0.516
0.8 1.0 0.58
0.9 1.0 0.602
1.0 1.0 0.649
2024-07-18 08:15:22
gamma OFF SAM25
0.1 1.0 0.108
0.2 1.0 0.199
0.3 1.0 0.264
0.4 1.0 0.36
0.5 1.0 0.41
0.6 1.0 0.478
0.7 1.0 0.524
0.8 1.0 0.574
0.9 1.0 0.615
1.0 1.0 0.648
2024-07-18 11:40:27
gamma OFF SAM30
0.1 1.0 0.101
0.2 1.0 0.193
0.3 1.0 0.268
0.4 1.0 0.335
0.5 1.0 0.402
0.6 1.0 0.456
0.7 1.0 0.533
0.8 1.0 0.57
0.9 1.0 0.602
1.0 1.0 0.652
