2024-09-02 12:30:58
gamma OFF SAM
0.1 1.0 0.135
0.2 1.0 0.192
0.3 1.0 0.353
0.4 1.0 0.429
0.5 1.0 0.53
0.6 1.0 0.492
0.7 1.0 0.673
0.8 1.0 0.771
0.9 1.0 0.808
2024-09-02 12:32:21
gamma OFF SAM
0.1 1.0 0.155
0.2 1.0 0.237
0.3 1.0 0.288
0.4 1.0 0.392
0.5 1.0 0.446
0.6 1.0 0.541
0.7 1.0 0.627
0.8 1.0 0.703
0.9 1.0 0.693
2024-09-02 12:33:44
gamma OFF SAM
0.1 1.0 0.119
0.2 1.0 0.152
0.3 1.0 0.28
0.4 1.0 0.41
0.5 1.0 0.454
0.6 1.0 0.568
0.7 1.0 0.554
0.8 1.0 0.657
0.9 1.0 0.698
2024-09-02 12:35:07
gamma OFF SAM
0.1 1.0 0.094
0.2 1.0 0.221
0.3 1.0 0.288
0.4 1.0 0.444
0.5 1.0 0.386
0.6 1.0 0.493
0.7 1.0 0.529
0.8 1.0 0.634
0.9 1.0 0.665
2024-09-02 12:36:31
gamma OFF SAM
0.1 1.0 0.119
0.2 1.0 0.176
0.3 1.0 0.319
0.4 1.0 0.396
0.5 1.0 0.379
0.6 1.0 0.47
0.7 1.0 0.57
0.8 1.0 0.61
0.9 1.0 0.644
2024-09-02 18:11:54
gamma OFF SAM
0.1 1.0 0.135
0.2 1.0 0.192
0.3 1.0 0.353
0.4 1.0 0.429
0.5 1.0 0.53
0.6 1.0 0.492
0.7 1.0 0.673
0.8 1.0 0.771
0.9 1.0 0.808
2024-09-02 18:16:04
gamma OFF SAM
0.1 1.0 0.155
0.2 1.0 0.237
0.3 1.0 0.288
0.4 1.0 0.392
0.5 1.0 0.446
0.6 1.0 0.541
0.7 1.0 0.627
0.8 1.0 0.703
0.9 1.0 0.693
2024-09-02 18:20:15
gamma OFF SAM
0.1 1.0 0.119
0.2 1.0 0.152
0.3 1.0 0.28
0.4 1.0 0.41
0.5 1.0 0.454
0.6 1.0 0.568
0.7 1.0 0.554
0.8 1.0 0.657
0.9 1.0 0.698
2024-09-02 18:24:27
gamma OFF SAM
0.1 1.0 0.094
0.2 1.0 0.221
0.3 1.0 0.288
0.4 1.0 0.444
0.5 1.0 0.386
0.6 1.0 0.493
0.7 1.0 0.529
0.8 1.0 0.634
0.9 1.0 0.665
2024-09-02 18:28:38
gamma OFF SAM
0.1 1.0 0.119
0.2 1.0 0.176
0.3 1.0 0.319
0.4 1.0 0.396
0.5 1.0 0.379
0.6 1.0 0.47
0.7 1.0 0.57
0.8 1.0 0.61
0.9 1.0 0.644
