2024-10-09 10:38:35
density=1 type_number=20 gamma=1 w_std=0.5
gamma OFF SAM
0.1 1.0 0.12749
0.2 1.0 0.20932
0.3 1.0 0.29788
0.4 1.0 0.3723
0.5 1.0 0.44497
0.6 1.0 0.49455
0.7 1.0 0.52935
0.8 1.0 0.58907
0.9 1.0 0.63394
1.0 1.0 0.66406
2024-10-09 10:38:43
density=1 type_number=20 gamma=1 w_std=1
gamma OFF SAM
0.1 1.0 0.13552
0.2 1.0 0.21715
0.3 1.0 0.31037
0.4 1.0 0.3549
0.5 1.0 0.46218
0.6 1.0 0.51392
0.7 1.0 0.57411
0.8 1.0 0.62664
0.9 1.0 0.65813
1.0 1.0 0.69203
2024-10-09 10:38:51
density=1 type_number=20 gamma=1 w_std=5
gamma OFF SAM
0.1 1.0 0.13743
0.2 1.0 0.22397
0.3 1.0 0.31303
0.4 1.0 0.39109
0.5 1.0 0.45903
0.6 1.0 0.52386
0.7 1.0 0.58721
0.8 1.0 0.6279
0.9 1.0 0.65526
1.0 1.0 0.70274
2024-10-09 10:39:00
density=1 type_number=20 gamma=1 w_std=10
gamma OFF SAM
0.1 1.0 0.12877
0.2 1.0 0.22069
0.3 1.0 0.30612
0.4 1.0 0.40072
0.5 1.0 0.45419
0.6 1.0 0.52739
0.7 1.0 0.58853
0.8 1.0 0.63608
0.9 1.0 0.67599
1.0 1.0 0.70349
2024-10-11 23:32:59
density=1 type_number=20 gamma=1 w_std=5 r_min=0
gamma OFF SAM
0.1 1.0 0.13743
0.2 1.0 0.22397
0.3 1.0 0.31303
0.4 1.0 0.39109
0.5 1.0 0.45903
0.6 1.0 0.52386
0.7 1.0 0.58721
0.8 1.0 0.6279
0.9 1.0 0.65526
1.0 1.0 0.70274
2024-10-11 23:33:14
density=1 type_number=20 gamma=1 w_std=5 r_min=0.3
gamma OFF SAM
0.1 1.0 0.13487
0.2 1.0 0.24058
0.3 1.0 0.30826
0.4 1.0 0.39555
0.5 1.0 0.46973
0.6 1.0 0.52265
0.7 1.0 0.58228
0.8 1.0 0.63989
0.9 1.0 0.6655
1.0 1.0 0.70432
2024-10-11 23:33:28
density=1 type_number=20 gamma=1 w_std=5 r_min=0.6
gamma OFF SAM
0.1 1.0 0.11797
0.2 1.0 0.21005
0.3 1.0 0.29186
0.4 1.0 0.38834
0.5 1.0 0.4481
0.6 1.0 0.51088
0.7 1.0 0.55353
0.8 1.0 0.62
0.9 1.0 0.66182
1.0 1.0 0.67642
2024-10-11 23:33:43
density=1 type_number=20 gamma=1 w_std=5 r_min=0.9
gamma OFF SAM
0.1 1.0 0.11243
0.2 1.0 0.2181
0.3 1.0 0.31353
0.4 1.0 0.38636
0.5 1.0 0.44038
0.6 1.0 0.49284
0.7 1.0 0.57392
0.8 1.0 0.5916
0.9 1.0 0.6379
1.0 1.0 0.67184
2025-05-06 11:52:42
density=1 type_number=20 gamma=1 w_std=0.5 r_min=0
gamma OFF SAM
1 1.0 0.62897
2 1.0 0.69008
3 1.0 0.72777
4 1.0 0.72642
5 1.0 0.73146
6 1.0 0.72993
7 1.0 0.73911
8 1.0 0.71549
9 1.0 0.73156
10 1.0 0.72574
2025-05-06 11:52:53
density=1 type_number=20 gamma=1 w_std=1 r_min=0
gamma OFF SAM
1 1.0 0.65339
2 1.0 0.71499
3 1.0 0.74716
4 1.0 0.75291
5 1.0 0.75423
6 1.0 0.75233
7 1.0 0.76345
8 1.0 0.76442
9 1.0 0.75324
10 1.0 0.75238
2025-05-06 11:53:03
density=1 type_number=20 gamma=1 w_std=5 r_min=0
gamma OFF SAM
1 1.0 0.65878
2 1.0 0.72335
3 1.0 0.74568
4 1.0 0.76248
5 1.0 0.76375
6 1.0 0.76288
7 1.0 0.76144
8 1.0 0.76943
9 1.0 0.76415
10 1.0 0.76616
2025-05-06 11:53:13
density=1 type_number=20 gamma=1 w_std=10 r_min=0
gamma OFF SAM
1 1.0 0.66419
2 1.0 0.72392
3 1.0 0.76186
4 1.0 0.77611
5 1.0 0.76242
6 1.0 0.77043
7 1.0 0.77034
8 1.0 0.76908
9 1.0 0.77857
10 1.0 0.75847
2025-05-06 12:02:47
density=1 type_number=20 gamma=1 w_std=0.5 r_min=0
gamma OFF SAM
20.0 1.0 0.71682
10.0 1.0 0.71611
6.667 1.0 0.72261
5.0 1.0 0.73114
4.0 1.0 0.72217
3.333 1.0 0.71314
2.857 1.0 0.72597
2.5 1.0 0.70481
2.222 1.0 0.70322
2.0 1.0 0.70356
1.818 1.0 0.69092
1.667 1.0 0.69401
1.538 1.0 0.66389
1.429 1.0 0.66359
1.333 1.0 0.65899
1.25 1.0 0.65654
1.176 1.0 0.6434
1.111 1.0 0.63629
1.053 1.0 0.63483
1.0 1.0 0.61503
2025-05-06 12:08:53
density=1 type_number=20 gamma=1 w_std=1 r_min=0
gamma OFF SAM
20.0 1.0 0.77433
10.0 1.0 0.75267
6.667 1.0 0.75123
5.0 1.0 0.75582
4.0 1.0 0.74869
3.333 1.0 0.73092
2.857 1.0 0.75115
2.5 1.0 0.74875
2.222 1.0 0.72728
2.0 1.0 0.753
1.818 1.0 0.72868
1.667 1.0 0.7151
1.538 1.0 0.70956
1.429 1.0 0.709
1.333 1.0 0.68229
1.25 1.0 0.68036
1.176 1.0 0.67884
1.111 1.0 0.66329
1.053 1.0 0.64916
1.0 1.0 0.6488
2025-05-06 12:09:13
density=1 type_number=20 gamma=1 w_std=5 r_min=0
gamma OFF SAM
20.0 1.0 0.78523
10.0 1.0 0.76722
6.667 1.0 0.7701
5.0 1.0 0.77488
4.0 1.0 0.77127
3.333 1.0 0.75567
2.857 1.0 0.74719
2.5 1.0 0.74914
2.222 1.0 0.73504
2.0 1.0 0.74753
1.818 1.0 0.72816
1.667 1.0 0.7384
1.538 1.0 0.69935
1.429 1.0 0.71894
1.333 1.0 0.70372
1.25 1.0 0.69571
1.176 1.0 0.68909
1.111 1.0 0.66477
1.053 1.0 0.66443
1.0 1.0 0.65774
2025-05-06 12:21:16
density=1 type_number=20 gamma=1 w_std=10 r_min=0
gamma OFF SAM
20.0 1.0 0.75481
10.0 1.0 0.76993
6.667 1.0 0.76041
5.0 1.0 0.72994
4.0 1.0 0.77373
3.333 1.0 0.76285
2.857 1.0 0.75315
2.5 1.0 0.75942
2.222 1.0 0.745
2.0 1.0 0.73475
1.818 1.0 0.73236
1.667 1.0 0.73375
1.538 1.0 0.71342
1.429 1.0 0.7191
1.333 1.0 0.7257
1.25 1.0 0.70627
1.176 1.0 0.67546
1.111 1.0 0.6807
1.053 1.0 0.67267
1.0 1.0 0.65865
2025-05-06 16:18:23
density=1 type_number=20 gamma=1 w_std=0.5 r_min=0
gamma OFF SAM
100.0 1.0 0.74518
50.0 1.0 0.747
33.333 1.0 0.73856
25.0 1.0 0.74486
20.0 1.0 0.72716
16.667 1.0 0.74201
14.286 1.0 0.73523
12.5 1.0 0.7188
11.111 1.0 0.7313
10.0 1.0 0.73659
2025-05-06 16:18:33
density=1 type_number=20 gamma=1 w_std=1 r_min=0
gamma OFF SAM
100.0 1.0 0.74781
50.0 1.0 0.75313
33.333 1.0 0.75041
25.0 1.0 0.76151
20.0 1.0 0.75879
16.667 1.0 0.74919
14.286 1.0 0.74251
12.5 1.0 0.76549
11.111 1.0 0.75202
10.0 1.0 0.75577
2025-05-06 16:18:43
density=1 type_number=20 gamma=1 w_std=5 r_min=0
gamma OFF SAM
100.0 1.0 0.76212
50.0 1.0 0.7617
33.333 1.0 0.77066
25.0 1.0 0.76945
20.0 1.0 0.76562
16.667 1.0 0.76232
14.286 1.0 0.76362
12.5 1.0 0.76679
11.111 1.0 0.76794
10.0 1.0 0.75344
2025-05-06 16:18:53
density=1 type_number=20 gamma=1 w_std=10 r_min=0
gamma OFF SAM
100.0 1.0 0.76432
50.0 1.0 0.77669
33.333 1.0 0.77119
25.0 1.0 0.76725
20.0 1.0 0.7709
16.667 1.0 0.76632
14.286 1.0 0.76471
12.5 1.0 0.7537
11.111 1.0 0.76632
10.0 1.0 0.76601
2025-05-06 16:29:39
density=1 type_number=20 gamma=1 w_std=0.5 r_min=0
gamma OFF SAM
1 1.0 0.61709
2 1.0 0.70059
3 1.0 0.70883
4 1.0 0.71453
5 1.0 0.7214
6 1.0 0.7192
7 1.0 0.72598
8 1.0 0.71506
9 1.0 0.72706
10 1.0 0.73977
2025-05-06 16:33:08
density=1 type_number=20 gamma=1 w_std=1 r_min=0
gamma OFF SAM
1 1.0 0.64616
2 1.0 0.72475
3 1.0 0.73743
4 1.0 0.74138
5 1.0 0.74152
6 1.0 0.73245
7 1.0 0.74407
8 1.0 0.7424
9 1.0 0.74161
10 1.0 0.75678
2025-05-06 16:33:36
density=1 type_number=20 gamma=1 w_std=5 r_min=0
gamma OFF SAM
1 1.0 0.66583
2 1.0 0.73935
3 1.0 0.7467
4 1.0 0.75425
5 1.0 0.74787
6 1.0 0.74624
7 1.0 0.74112
8 1.0 0.75494
9 1.0 0.76116
10 1.0 0.76589
2025-05-06 16:34:04
density=1 type_number=20 gamma=1 w_std=10 r_min=0
gamma OFF SAM
1 1.0 0.66185
2 1.0 0.71593
3 1.0 0.7589
4 1.0 0.7482
5 1.0 0.7586
6 1.0 0.7576
7 1.0 0.75595
8 1.0 0.75536
9 1.0 0.75249
10 1.0 0.75226
2025-05-06 17:26:15
density=1 type_number=20 gamma=1 w_std=0.5 r_min=0
gamma OFF SAM
1 1.0 0.6106
2 1.0 0.69482
3 1.0 0.71194
4 1.0 0.69874
5 1.0 0.70797
6 1.0 0.71482
7 1.0 0.72106
8 1.0 0.72525
9 1.0 0.71507
10 1.0 0.719
2025-05-06 17:26:43
density=1 type_number=20 gamma=1 w_std=1 r_min=0
gamma OFF SAM
1 1.0 0.64801
2 1.0 0.72084
3 1.0 0.73158
4 1.0 0.73348
5 1.0 0.73553
6 1.0 0.75295
7 1.0 0.73954
8 1.0 0.74537
9 1.0 0.74856
10 1.0 0.74743
2025-05-06 17:27:11
density=1 type_number=20 gamma=1 w_std=5 r_min=0
gamma OFF SAM
1 1.0 0.67113
2 1.0 0.72738
3 1.0 0.74195
4 1.0 0.75215
5 1.0 0.74653
6 1.0 0.75242
7 1.0 0.75689
8 1.0 0.75437
9 1.0 0.76253
10 1.0 0.74979
2025-05-06 17:27:38
density=1 type_number=20 gamma=1 w_std=10 r_min=0
gamma OFF SAM
1 1.0 0.66401
2 1.0 0.72719
3 1.0 0.74521
4 1.0 0.76321
5 1.0 0.75342
6 1.0 0.75699
7 1.0 0.76112
8 1.0 0.76676
9 1.0 0.76439
10 1.0 0.7514
2025-05-06 19:48:04
density=1 type_number=20 gamma=1 w_std=0.5 r_min=0
gamma OFF SAM
1 1.0 0.61978
2 1.0 0.69578
3 1.0 0.70105
4 1.0 0.71528
5 1.0 0.71352
6 1.0 0.72101
7 1.0 0.72851
8 1.0 0.72985
9 1.0 0.73255
10 1.0 0.73166
20 1.0 0.72861
30 1.0 0.73291
40 1.0 0.73256
50 1.0 0.73882
60 1.0 0.70831
70 1.0 0.71504
80 1.0 0.72811
90 1.0 0.71632
100 1.0 0.7309
2025-05-06 19:48:58
density=1 type_number=20 gamma=1 w_std=1 r_min=0
gamma OFF SAM
1 1.0 0.64975
2 1.0 0.72252
3 1.0 0.73396
4 1.0 0.73588
5 1.0 0.74874
6 1.0 0.73447
7 1.0 0.74461
8 1.0 0.74778
9 1.0 0.74555
10 1.0 0.74509
20 1.0 0.74209
30 1.0 0.74443
40 1.0 0.74711
50 1.0 0.75571
60 1.0 0.75386
70 1.0 0.75009
80 1.0 0.75166
90 1.0 0.74384
100 1.0 0.75045
2025-05-06 19:49:51
density=1 type_number=20 gamma=1 w_std=5 r_min=0
gamma OFF SAM
1 1.0 0.66327
2 1.0 0.72134
3 1.0 0.74595
4 1.0 0.76011
5 1.0 0.7555
6 1.0 0.75244
7 1.0 0.75674
8 1.0 0.75786
9 1.0 0.75762
10 1.0 0.76586
20 1.0 0.76978
30 1.0 0.7512
40 1.0 0.75863
50 1.0 0.76262
60 1.0 0.7546
70 1.0 0.76444
80 1.0 0.75256
90 1.0 0.76264
100 1.0 0.76728
2025-05-06 19:50:44
density=1 type_number=20 gamma=1 w_std=10 r_min=0
gamma OFF SAM
1 1.0 0.66364
2 1.0 0.72509
3 1.0 0.74447
4 1.0 0.74448
5 1.0 0.75848
6 1.0 0.76011
7 1.0 0.74961
8 1.0 0.75871
9 1.0 0.75807
10 1.0 0.76221
20 1.0 0.76681
30 1.0 0.76554
40 1.0 0.76494
50 1.0 0.75324
60 1.0 0.75231
70 1.0 0.76451
80 1.0 0.76883
90 1.0 0.75842
100 1.0 0.7588
2025-05-13 07:35:23
density=1 type_number=20 gamma=1 w_std=0.5 r_min=0
gamma OFF SAM
1 1.0 894.38283
2 1.0 975.96549
3 1.0 1006.51714
4 1.0 1011.02774
5 1.0 1015.23992
6 1.0 1028.44063
7 1.0 1019.1579
8 1.0 1017.14395
9 1.0 1027.22122
10 1.0 1030.25749
2025-05-13 07:35:45
density=1 type_number=20 gamma=1 w_std=1 r_min=0
gamma OFF SAM
1 1.0 1321.00261
2 1.0 1444.15029
3 1.0 1489.23525
4 1.0 1506.74915
5 1.0 1504.61585
6 1.0 1490.75605
7 1.0 1517.92588
8 1.0 1500.75128
9 1.0 1497.11371
10 1.0 1513.78911
2025-05-13 07:36:50
density=1 type_number=5 gamma=1 w_std=10 r_min=0
gamma OFF SAM
1 1.0 8390.01915
2 1.0 11009.02315
3 1.0 11898.94924
4 1.0 12797.29112
5 1.0 13516.74904
6 1.0 13557.25238
7 1.0 13851.65382
8 1.0 13531.7307
9 1.0 13671.7095
10 1.0 13782.3425
2025-05-13 07:39:18
density=1 type_number=5 gamma=1 w_std=10 r_min=0 d30
gamma OFF SAM
1 1.0 8431.30509
2 1.0 10966.03768
3 1.0 12133.33499
4 1.0 12999.55265
5 1.0 13562.80485
6 1.0 13315.69315
7 1.0 13645.46103
8 1.0 13680.40195
9 1.0 13599.07125
10 1.0 13731.26164
20 1.0 13637.845
30 1.0 13147.40434
2025-05-13 08:11:13
density=1 type_number=5 gamma=1 w_std=10 r_min=0
gamma OFF SAM
1 1.0 8413.46923
2 1.0 10900.36999
3 1.0 12002.94613
4 1.0 12572.97106
5 1.0 13338.78126
6 1.0 13648.62561
7 1.0 13439.44079
8 1.0 13725.69288
9 1.0 13698.08823
10 1.0 13796.79608
2025-05-13 08:16:28
density=1 type_number=5 gamma=1 w_std=10 r_min=0
gamma OFF SAM
1 1.0 8425.49344
2 1.0 11017.26313
3 1.0 12291.94415
4 1.0 12688.40195
5 1.0 13121.30718
6 1.0 13825.36771
7 1.0 13889.77127
8 1.0 13822.10823
9 1.0 13758.64768
10 1.0 13882.80279
11 1.0 13706.69827
12 1.0 13760.5552
13 1.0 13375.01861
14 1.0 13399.53736
15 1.0 13499.16589
16 1.0 13400.02682
17 1.0 13732.69852
18 1.0 13631.64517
19 1.0 13332.15861
20 1.0 13631.65791
2025-05-13 08:41:09
density=1 type_number=5 gamma=1 w_std=10 r_min=0 dist_hyperpara=20
gamma OFF SAM
1 1.0 8530.941
2 1.0 11384.99
3 1.0 12209.356
4 1.0 13119.24
5 1.0 13749.179
6 1.0 13245.086
7 1.0 13460.686
8 1.0 13813.804
9 1.0 13916.902
10 1.0 15008.881
11 1.0 12854.779
12 1.0 13195.09
13 1.0 15040.033
14 1.0 12965.952
15 1.0 13863.575
16 1.0 12918.352
17 1.0 12927.926
18 1.0 12672.107
19 1.0 13997.482
20 1.0 13295.974
2025-05-13 08:42:07
density=1 type_number=5 gamma=1 w_std=10 r_min=0 dist_hyperpara=20
gamma OFF SAM
1 1.0 8093.944
2 1.0 10914.639
3 1.0 12142.667
4 1.0 12529.633
5 1.0 13780.817
6 1.0 13987.184
7 1.0 13234.627
8 1.0 13645.533
9 1.0 13334.579
10 1.0 13782.985
11 1.0 13471.554
12 1.0 13267.025
13 1.0 13263.186
14 1.0 13500.71
15 1.0 13391.256
16 1.0 13925.233
17 1.0 13257.377
18 1.0 13238.772
19 1.0 12859.357
20 1.0 12779.621
2025-05-13 08:43:03
density=1 type_number=5 gamma=1 w_std=10 r_min=0 dist_hyperpara=20
gamma OFF SAM
1 1.0 8170.638
2 1.0 11227.257
3 1.0 12572.959
4 1.0 12854.2
5 1.0 13322.353
6 1.0 13195.982
7 1.0 13547.675
8 1.0 13845.372
9 1.0 13877.613
10 1.0 13646.826
11 1.0 13432.179
12 1.0 13516.685
13 1.0 13455.838
14 1.0 13625.442
15 1.0 14039.589
16 1.0 13723.993
17 1.0 13338.337
18 1.0 13209.097
19 1.0 13060.008
20 1.0 13604.888
2025-05-13 08:44:28
density=1 type_number=5 gamma=1 w_std=10 r_min=0 dist_hyperpara=20
gamma OFF SAM
1 1.0 8276.559
2 1.0 11098.33
3 1.0 12222.901
4 1.0 12712.322
5 1.0 13206.966
6 1.0 13366.527
7 1.0 14104.814
8 1.0 13693.941
9 1.0 14067.619
10 1.0 14152.806
11 1.0 13901.226
12 1.0 13406.74
13 1.0 13294.963
14 1.0 13976.661
15 1.0 13561.937
16 1.0 13551.642
17 1.0 13596.106
18 1.0 13308.744
19 1.0 12903.716
20 1.0 13483.091
2025-05-13 08:50:47
density=1 type_number=5 gamma=1 w_std=10 r_min=0 dist_hyperpara=20
gamma OFF SAM
1 1.0 8256.121
2 1.0 10962.811
3 1.0 12414.361
4 1.0 12611.692
5 1.0 13364.544
6 1.0 13553.546
7 1.0 13952.03
8 1.0 13469.773
9 1.0 13576.701
10 1.0 14006.044
11 1.0 13754.93
12 1.0 13335.607
13 1.0 13014.622
14 1.0 13723.029
15 1.0 13769.085
16 1.0 13485.373
17 1.0 13741.12
18 1.0 13335.151
19 1.0 13040.07
20 1.0 13271.663
2025-05-13 08:53:26
density=1 type_number=5 gamma=1 w_std=10 r_min=0 dist_hyperpara=20
gamma OFF SAM
1 1.0 8291.291
2 1.0 11026.15
3 1.0 12487.388
4 1.0 13018.854
5 1.0 13414.787
6 1.0 13496.962
7 1.0 13793.218
8 1.0 13742.449
9 1.0 13774.555
10 1.0 14333.874
11 1.0 13841.674
12 1.0 13597.173
13 1.0 13707.66
14 1.0 13046.247
15 1.0 13612.344
16 1.0 13247.807
17 1.0 13334.401
18 1.0 13847.437
19 1.0 13534.088
20 1.0 12875.185
2025-05-13 08:55:31
density=1 type_number=5 gamma=1 w_std=10 r_min=0 dist_hyperpara=20
gamma OFF SAM
1 1.0 8304.623
2 1.0 11265.692
3 1.0 12335.067
4 1.0 12998.927
5 1.0 13489.711
6 1.0 13222.865
7 1.0 13579.652
8 1.0 13756.605
9 1.0 13439.383
10 1.0 13375.108
11 1.0 13341.813
12 1.0 13003.06
13 1.0 13743.422
14 1.0 13566.237
15 1.0 13030.549
16 1.0 13118.533
17 1.0 13283.436
18 1.0 12688.904
19 1.0 13244.439
20 1.0 14017.555
2025-05-13 09:00:25
density=1 type_number=5 gamma=1 w_std=0.5 r_min=0 dist_hyperpara=20
gamma OFF SAM
1 1.0 810.2
2 1.0 1096.801
3 1.0 1206.564
4 1.0 1241.179
5 1.0 1287.728
6 1.0 1343.458
7 1.0 1317.306
8 1.0 1319.367
9 1.0 1343.117
10 1.0 1324.228
11 1.0 1305.905
12 1.0 1331.444
13 1.0 1352.504
14 1.0 1318.133
15 1.0 1332.369
16 1.0 1329.988
17 1.0 1348.685
18 1.0 1317.677
19 1.0 1299.449
20 1.0 1312.597
2025-05-13 09:00:32
density=1 type_number=5 gamma=1 w_std=0.5 r_min=0 dist_hyperpara=20
gamma OFF SAM
1 1.0 793.379
2 1.0 1082.498
3 1.0 1193.395
4 1.0 1282.802
5 1.0 1313.154
6 1.0 1329.878
7 1.0 1371.795
8 1.0 1339.465
9 1.0 1328.257
10 1.0 1353.323
11 1.0 1324.008
12 1.0 1371.563
13 1.0 1323.858
14 1.0 1332.254
15 1.0 1323.624
16 1.0 1328.193
17 1.0 1329.356
18 1.0 1304.132
19 1.0 1310.113
20 1.0 1328.646
2025-05-13 09:00:39
density=1 type_number=5 gamma=1 w_std=0.5 r_min=0 dist_hyperpara=20
gamma OFF SAM
1 1.0 800.107
2 1.0 1071.522
3 1.0 1176.598
4 1.0 1263.941
5 1.0 1287.621
6 1.0 1321.216
7 1.0 1353.342
8 1.0 1336.709
9 1.0 1364.956
10 1.0 1346.594
11 1.0 1357.128
12 1.0 1344.038
13 1.0 1327.86
14 1.0 1368.667
15 1.0 1317.996
16 1.0 1333.732
17 1.0 1318.637
18 1.0 1344.348
19 1.0 1353.525
20 1.0 1307.879
2025-05-13 09:00:46
density=1 type_number=5 gamma=1 w_std=0.5 r_min=0 dist_hyperpara=20
gamma OFF SAM
1 1.0 799.205
2 1.0 1092.14
3 1.0 1180.805
4 1.0 1252.569
5 1.0 1332.674
6 1.0 1308.73
7 1.0 1335.66
8 1.0 1341.786
9 1.0 1332.925
10 1.0 1339.02
11 1.0 1325.849
12 1.0 1303.984
13 1.0 1279.945
14 1.0 1326.848
15 1.0 1334.659
16 1.0 1329.921
17 1.0 1322.797
18 1.0 1357.914
19 1.0 1346.292
20 1.0 1309.729
2025-05-13 09:00:53
density=1 type_number=5 gamma=1 w_std=1 r_min=0 dist_hyperpara=20
gamma OFF SAM
1 1.0 1148.171
2 1.0 1547.824
3 1.0 1713.989
4 1.0 1817.391
5 1.0 1863.417
6 1.0 1881.888
7 1.0 1921.22
8 1.0 1868.471
9 1.0 1910.28
10 1.0 1861.921
11 1.0 1861.754
12 1.0 1815.387
13 1.0 1910.579
14 1.0 1870.872
15 1.0 1883.34
16 1.0 1852.409
17 1.0 1825.069
18 1.0 1835.968
19 1.0 1938.04
20 1.0 1812.867
2025-05-13 09:01:00
density=1 type_number=5 gamma=1 w_std=1 r_min=0 dist_hyperpara=20
gamma OFF SAM
1 1.0 1140.429
2 1.0 1572.908
3 1.0 1708.126
4 1.0 1796.625
5 1.0 1866.116
6 1.0 1927.982
7 1.0 1888.543
8 1.0 1946.985
9 1.0 1979.312
10 1.0 1926.507
11 1.0 1949.065
12 1.0 1865.56
13 1.0 1859.249
14 1.0 1885.286
15 1.0 1819.584
16 1.0 1903.492
17 1.0 1835.157
18 1.0 1905.375
19 1.0 1859.707
20 1.0 1806.703
2025-05-13 09:01:06
density=1 type_number=5 gamma=1 w_std=1 r_min=0 dist_hyperpara=20
gamma OFF SAM
1 1.0 1156.496
2 1.0 1520.803
3 1.0 1704.704
4 1.0 1782.92
5 1.0 1855.588
6 1.0 1907.665
7 1.0 1938.582
8 1.0 1888.335
9 1.0 1889.489
10 1.0 1926.659
11 1.0 1930.036
12 1.0 1843.297
13 1.0 1872.524
14 1.0 1925.534
15 1.0 1930.261
16 1.0 1892.444
17 1.0 1852.791
18 1.0 1874.043
19 1.0 1878.67
20 1.0 1901.18
2025-05-13 09:01:13
density=1 type_number=5 gamma=1 w_std=1 r_min=0 dist_hyperpara=20
gamma OFF SAM
1 1.0 1151.477
2 1.0 1547.504
3 1.0 1691.211
4 1.0 1786.706
5 1.0 1812.43
6 1.0 1882.229
7 1.0 1892.061
8 1.0 1962.514
9 1.0 1870.9
10 1.0 1940.744
11 1.0 1864.539
12 1.0 1893.01
13 1.0 1872.747
14 1.0 1940.236
15 1.0 1891.278
16 1.0 1877.953
17 1.0 1962.959
18 1.0 1840.376
19 1.0 1897.1
20 1.0 1844.163
2025-05-13 09:01:20
density=1 type_number=5 gamma=1 w_std=5 r_min=0 dist_hyperpara=20
gamma OFF SAM
1 1.0 4322.935
2 1.0 5684.561
3 1.0 6248.316
4 1.0 6588.381
5 1.0 6927.564
6 1.0 6757.203
7 1.0 7028.745
8 1.0 7182.67
9 1.0 6945.589
10 1.0 6932.148
11 1.0 6956.953
12 1.0 6891.311
13 1.0 7304.624
14 1.0 7070.179
15 1.0 7096.681
16 1.0 7057.936
17 1.0 6994.499
18 1.0 6677.529
19 1.0 6727.609
20 1.0 7174.266
2025-05-13 09:01:27
density=1 type_number=5 gamma=1 w_std=5 r_min=0 dist_hyperpara=20
gamma OFF SAM
1 1.0 4361.133
2 1.0 5789.679
3 1.0 6377.699
4 1.0 6810.499
5 1.0 6841.016
6 1.0 7030.458
7 1.0 7028.454
8 1.0 6883.943
9 1.0 7152.594
10 1.0 6846.231
11 1.0 7127.172
12 1.0 6901.056
13 1.0 7047.997
14 1.0 6964.987
15 1.0 7171.437
16 1.0 6857.603
17 1.0 7314.091
18 1.0 6912.391
19 1.0 6784.17
20 1.0 6820.189
2025-05-13 09:01:34
density=1 type_number=5 gamma=1 w_std=5 r_min=0 dist_hyperpara=20
gamma OFF SAM
1 1.0 4321.059
2 1.0 5911.554
3 1.0 6368.059
4 1.0 6807.473
5 1.0 6876.1
6 1.0 7113.725
7 1.0 7022.021
8 1.0 7011.426
9 1.0 7061.098
10 1.0 7138.093
11 1.0 7212.821
12 1.0 7012.721
13 1.0 6975.132
14 1.0 7077.208
15 1.0 6874.336
16 1.0 6868.571
17 1.0 7144.944
18 1.0 6880.03
19 1.0 6882.29
20 1.0 7018.819
2025-05-13 09:01:41
density=1 type_number=5 gamma=1 w_std=5 r_min=0 dist_hyperpara=20
gamma OFF SAM
1 1.0 4384.201
2 1.0 5838.141
3 1.0 6282.584
4 1.0 6538.276
5 1.0 6933.508
6 1.0 7067.927
7 1.0 7260.369
8 1.0 7103.424
9 1.0 7012.18
10 1.0 6864.926
11 1.0 7060.357
12 1.0 6895.286
13 1.0 7209.538
14 1.0 6837.699
15 1.0 6994.118
16 1.0 7062.085
17 1.0 6667.225
18 1.0 7133.967
19 1.0 6856.733
20 1.0 7005.9
2025-05-13 09:01:48
density=1 type_number=5 gamma=1 w_std=10 r_min=0 dist_hyperpara=20
gamma OFF SAM
1 1.0 8261.42
2 1.0 10955.758
3 1.0 12511.199
4 1.0 12871.467
5 1.0 13066.89
6 1.0 13710.309
7 1.0 13861.341
8 1.0 13637.323
9 1.0 13352.878
10 1.0 13709.96
11 1.0 13242.233
12 1.0 12949.171
13 1.0 13530.086
14 1.0 13407.516
15 1.0 13545.809
16 1.0 13750.594
17 1.0 13891.914
18 1.0 12930.287
19 1.0 13663.74
20 1.0 12721.471
2025-05-13 09:01:55
density=1 type_number=5 gamma=1 w_std=10 r_min=0 dist_hyperpara=20
gamma OFF SAM
1 1.0 8112.677
2 1.0 11070.394
3 1.0 12355.669
4 1.0 13210.139
5 1.0 13691.467
6 1.0 13608.013
7 1.0 13475.355
8 1.0 13696.881
9 1.0 13650.65
10 1.0 13610.643
11 1.0 14232.598
12 1.0 13250.078
13 1.0 13523.364
14 1.0 13210.359
15 1.0 13855.052
16 1.0 13417.212
17 1.0 12969.613
18 1.0 13010.3
19 1.0 13438.63
20 1.0 13988.193
2025-05-13 09:02:02
density=1 type_number=5 gamma=1 w_std=10 r_min=0 dist_hyperpara=20
gamma OFF SAM
1 1.0 8208.537
2 1.0 11117.139
3 1.0 12237.717
4 1.0 12813.834
5 1.0 13195.915
6 1.0 13515.735
7 1.0 13537.24
8 1.0 13639.051
9 1.0 14153.099
10 1.0 14377.395
11 1.0 13203.473
12 1.0 13200.92
13 1.0 13324.146
14 1.0 13608.303
15 1.0 13332.229
16 1.0 13263.297
17 1.0 13272.626
18 1.0 13347.396
19 1.0 13632.32
20 1.0 13457.486
2025-05-13 09:02:09
density=1 type_number=5 gamma=1 w_std=10 r_min=0 dist_hyperpara=20
gamma OFF SAM
1 1.0 8250.491
2 1.0 11501.193
3 1.0 12504.752
4 1.0 12813.18
5 1.0 13436.841
6 1.0 13514.834
7 1.0 13760.378
8 1.0 13879.444
9 1.0 13664.908
10 1.0 13619.066
11 1.0 13422.039
12 1.0 13865.74
13 1.0 13392.211
14 1.0 13469.067
15 1.0 13138.229
16 1.0 12987.173
17 1.0 12881.871
18 1.0 12884.382
19 1.0 13144.806
20 1.0 13084.238
2025-05-14 01:03:29
density=1 type_number=5 gamma=1 w_std=0.5 r_min=0 dist_hyperpara=5 dist_type=uniform
gamma OFF SAM
1 1.0 0.649
2 1.0 0.768
3 1.0 0.765
4 1.0 0.806
5 1.0 0.791
6 1.0 0.81
7 1.0 0.777
8 1.0 0.799
9 1.0 0.8
10 1.0 0.789
11 1.0 0.803
12 1.0 0.773
13 1.0 0.778
14 1.0 0.788
15 1.0 0.784
16 1.0 0.784
17 1.0 0.773
18 1.0 0.764
19 1.0 0.775
20 1.0 0.76
2025-05-14 01:04:30
density=1 type_number=5 gamma=1 w_std=0.5 r_min=0 dist_hyperpara=10 dist_type=uniform
gamma OFF SAM
1 1.0 0.574
2 1.0 0.718
3 1.0 0.787
4 1.0 0.796
5 1.0 0.796
6 1.0 0.818
7 1.0 0.803
8 1.0 0.806
9 1.0 0.813
10 1.0 0.816
11 1.0 0.833
12 1.0 0.824
13 1.0 0.781
14 1.0 0.805
15 1.0 0.796
16 1.0 0.797
17 1.0 0.824
18 1.0 0.807
19 1.0 0.822
20 1.0 0.811
2025-05-14 01:08:06
density=1 type_number=5 gamma=1 w_std=0.5 r_min=0 dist_hyperpara=20 dist_type=uniform
gamma OFF SAM
1 1.0 0.523
2 1.0 0.707
3 1.0 0.768
4 1.0 0.813
5 1.0 0.823
6 1.0 0.838
7 1.0 0.833
8 1.0 0.858
9 1.0 0.851
10 1.0 0.871
11 1.0 0.869
12 1.0 0.859
13 1.0 0.871
14 1.0 0.856
15 1.0 0.868
16 1.0 0.85
17 1.0 0.855
18 1.0 0.88
19 1.0 0.845
20 1.0 0.884
2025-05-14 01:13:40
density=1 type_number=5 gamma=1 w_std=0.5 r_min=0 dist_hyperpara=30 dist_type=uniform
gamma OFF SAM
1 1.0 0.514
2 1.0 0.672
3 1.0 0.766
4 1.0 0.824
5 1.0 0.827
6 1.0 0.865
7 1.0 0.852
8 1.0 0.877
9 1.0 0.862
10 1.0 0.874
11 1.0 0.891
12 1.0 0.871
13 1.0 0.861
14 1.0 0.872
15 1.0 0.882
16 1.0 0.891
17 1.0 0.876
18 1.0 0.903
19 1.0 0.892
20 1.0 0.858
2025-05-14 01:14:17
density=1 type_number=5 gamma=1 w_std=1 r_min=0 dist_hyperpara=5 dist_type=uniform
gamma OFF SAM
1 1.0 0.642
2 1.0 0.767
3 1.0 0.804
4 1.0 0.785
5 1.0 0.788
6 1.0 0.772
7 1.0 0.769
8 1.0 0.773
9 1.0 0.809
10 1.0 0.79
11 1.0 0.787
12 1.0 0.785
13 1.0 0.791
14 1.0 0.778
15 1.0 0.783
16 1.0 0.793
17 1.0 0.79
18 1.0 0.8
19 1.0 0.778
20 1.0 0.796
2025-05-14 01:15:18
density=1 type_number=5 gamma=1 w_std=1 r_min=0 dist_hyperpara=10 dist_type=uniform
gamma OFF SAM
1 1.0 0.599
2 1.0 0.73
3 1.0 0.768
4 1.0 0.786
5 1.0 0.794
6 1.0 0.817
7 1.0 0.786
8 1.0 0.831
9 1.0 0.815
10 1.0 0.833
11 1.0 0.82
12 1.0 0.816
13 1.0 0.803
14 1.0 0.813
15 1.0 0.814
16 1.0 0.803
17 1.0 0.803
18 1.0 0.789
19 1.0 0.834
20 1.0 0.807
2025-05-14 01:18:48
density=1 type_number=5 gamma=1 w_std=1 r_min=0 dist_hyperpara=20 dist_type=uniform
gamma OFF SAM
1 1.0 0.559
2 1.0 0.703
3 1.0 0.77
4 1.0 0.799
5 1.0 0.841
6 1.0 0.839
7 1.0 0.871
8 1.0 0.862
9 1.0 0.878
10 1.0 0.863
11 1.0 0.869
12 1.0 0.868
13 1.0 0.84
14 1.0 0.866
15 1.0 0.846
16 1.0 0.839
17 1.0 0.872
18 1.0 0.875
19 1.0 0.843
20 1.0 0.877
2025-05-14 01:24:22
density=1 type_number=5 gamma=1 w_std=1 r_min=0 dist_hyperpara=30 dist_type=uniform
gamma OFF SAM
1 1.0 0.495
2 1.0 0.693
3 1.0 0.771
4 1.0 0.822
5 1.0 0.839
6 1.0 0.859
7 1.0 0.868
8 1.0 0.865
9 1.0 0.874
10 1.0 0.855
11 1.0 0.895
12 1.0 0.879
13 1.0 0.882
14 1.0 0.876
15 1.0 0.862
16 1.0 0.867
17 1.0 0.858
18 1.0 0.86
19 1.0 0.876
20 1.0 0.856
2025-05-14 01:24:59
density=1 type_number=5 gamma=1 w_std=5 r_min=0 dist_hyperpara=5 dist_type=uniform
gamma OFF SAM
1 1.0 0.674
2 1.0 0.779
3 1.0 0.797
4 1.0 0.798
5 1.0 0.779
6 1.0 0.811
7 1.0 0.776
8 1.0 0.773
9 1.0 0.761
10 1.0 0.773
11 1.0 0.776
12 1.0 0.776
13 1.0 0.772
14 1.0 0.758
15 1.0 0.775
16 1.0 0.769
17 1.0 0.794
18 1.0 0.757
19 1.0 0.804
20 1.0 0.81
2025-05-14 01:26:01
density=1 type_number=5 gamma=1 w_std=5 r_min=0 dist_hyperpara=10 dist_type=uniform
gamma OFF SAM
1 1.0 0.594
2 1.0 0.74
3 1.0 0.77
4 1.0 0.812
5 1.0 0.806
6 1.0 0.813
7 1.0 0.797
8 1.0 0.799
9 1.0 0.78
10 1.0 0.84
11 1.0 0.794
12 1.0 0.793
13 1.0 0.82
14 1.0 0.809
15 1.0 0.81
16 1.0 0.815
17 1.0 0.83
18 1.0 0.768
19 1.0 0.781
20 1.0 0.797
2025-05-14 01:29:37
density=1 type_number=5 gamma=1 w_std=5 r_min=0 dist_hyperpara=20 dist_type=uniform
gamma OFF SAM
1 1.0 0.528
2 1.0 0.726
3 1.0 0.777
4 1.0 0.829
5 1.0 0.814
6 1.0 0.842
7 1.0 0.868
8 1.0 0.858
9 1.0 0.865
10 1.0 0.839
11 1.0 0.842
12 1.0 0.825
13 1.0 0.865
14 1.0 0.887
15 1.0 0.87
16 1.0 0.876
17 1.0 0.85
18 1.0 0.869
19 1.0 0.815
20 1.0 0.854
2025-05-14 01:35:03
density=1 type_number=5 gamma=1 w_std=5 r_min=0 dist_hyperpara=30 dist_type=uniform
gamma OFF SAM
1 1.0 0.519
2 1.0 0.68
3 1.0 0.765
4 1.0 0.814
5 1.0 0.837
6 1.0 0.855
7 1.0 0.881
8 1.0 0.862
9 1.0 0.871
10 1.0 0.879
11 1.0 0.871
12 1.0 0.88
13 1.0 0.874
14 1.0 0.886
15 1.0 0.842
16 1.0 0.85
17 1.0 0.887
18 1.0 0.886
19 1.0 0.858
20 1.0 0.85
2025-05-14 01:35:40
density=1 type_number=5 gamma=1 w_std=10 r_min=0 dist_hyperpara=5 dist_type=uniform
gamma OFF SAM
1 1.0 0.673
2 1.0 0.797
3 1.0 0.785
4 1.0 0.785
5 1.0 0.764
6 1.0 0.78
7 1.0 0.79
8 1.0 0.767
9 1.0 0.77
10 1.0 0.768
11 1.0 0.768
12 1.0 0.752
13 1.0 0.784
14 1.0 0.82
15 1.0 0.782
16 1.0 0.787
17 1.0 0.783
18 1.0 0.781
19 1.0 0.803
20 1.0 0.818
2025-05-14 01:36:40
density=1 type_number=5 gamma=1 w_std=10 r_min=0 dist_hyperpara=10 dist_type=uniform
gamma OFF SAM
1 1.0 0.569
2 1.0 0.741
3 1.0 0.79
4 1.0 0.8
5 1.0 0.819
6 1.0 0.777
7 1.0 0.819
8 1.0 0.828
9 1.0 0.813
10 1.0 0.834
11 1.0 0.8
12 1.0 0.797
13 1.0 0.773
14 1.0 0.801
15 1.0 0.783
16 1.0 0.807
17 1.0 0.789
18 1.0 0.778
19 1.0 0.816
20 1.0 0.823
2025-05-14 01:40:06
density=1 type_number=5 gamma=1 w_std=10 r_min=0 dist_hyperpara=20 dist_type=uniform
gamma OFF SAM
1 1.0 0.52
2 1.0 0.688
3 1.0 0.798
4 1.0 0.835
5 1.0 0.855
6 1.0 0.856
7 1.0 0.859
8 1.0 0.867
9 1.0 0.867
10 1.0 0.877
11 1.0 0.861
12 1.0 0.841
13 1.0 0.872
14 1.0 0.845
15 1.0 0.863
16 1.0 0.847
17 1.0 0.89
18 1.0 0.84
19 1.0 0.861
20 1.0 0.852
2025-05-14 01:45:49
density=1 type_number=5 gamma=1 w_std=10 r_min=0 dist_hyperpara=30 dist_type=uniform
gamma OFF SAM
1 1.0 0.51
2 1.0 0.682
3 1.0 0.776
4 1.0 0.812
5 1.0 0.834
6 1.0 0.857
7 1.0 0.855
8 1.0 0.887
9 1.0 0.865
10 1.0 0.885
11 1.0 0.901
12 1.0 0.85
13 1.0 0.867
14 1.0 0.891
15 1.0 0.877
16 1.0 0.875
17 1.0 0.878
18 1.0 0.903
19 1.0 0.859
20 1.0 0.857
2025-05-14 07:55:24
density=1 type_number=10 gamma=1 w_std=10 r_min=0 dist_hyperpara=5 dist_type=uniform
gamma OFF SAM
1 1.0 0.704
2 1.0 0.718
3 1.0 0.75
4 1.0 0.742
5 1.0 0.749
6 1.0 0.735
7 1.0 0.746
8 1.0 0.756
9 1.0 0.747
10 1.0 0.75
11 1.0 0.752
12 1.0 0.756
13 1.0 0.763
14 1.0 0.753
15 1.0 0.748
16 1.0 0.77
17 1.0 0.768
18 1.0 0.754
19 1.0 0.758
20 1.0 0.75
2025-05-14 07:56:40
density=1 type_number=10 gamma=1 w_std=10 r_min=0 dist_hyperpara=10 dist_type=uniform
gamma OFF SAM
1 1.0 0.588
2 1.0 0.736
3 1.0 0.774
4 1.0 0.752
5 1.0 0.762
6 1.0 0.779
7 1.0 0.761
8 1.0 0.775
9 1.0 0.776
10 1.0 0.793
11 1.0 0.786
12 1.0 0.769
13 1.0 0.771
14 1.0 0.774
15 1.0 0.771
16 1.0 0.769
17 1.0 0.756
18 1.0 0.771
19 1.0 0.77
20 1.0 0.768
2025-05-14 07:58:17
density=1 type_number=10 gamma=1 w_std=10 r_min=0 dist_hyperpara=20 dist_type=uniform
gamma OFF SAM
1 1.0 0.562
2 1.0 0.702
3 1.0 0.737
4 1.0 0.772
5 1.0 0.761
6 1.0 0.777
7 1.0 0.753
8 1.0 0.744
9 1.0 0.772
10 1.0 0.762
11 1.0 0.756
12 1.0 0.783
13 1.0 0.738
14 1.0 0.781
15 1.0 0.775
16 1.0 0.764
17 1.0 0.785
18 1.0 0.74
19 1.0 0.77
20 1.0 0.732
2025-05-14 08:16:32
density=1 type_number=10 gamma=1 w_std=0.5 r_min=0 dist_hyperpara=10 dist_type=uniform
gamma OFF SAM
1 1.0 2178.227
2 1.0 2728.342
3 1.0 2909.789
4 1.0 2934.359
5 1.0 2889.429
6 1.0 2800.044
7 1.0 2878.509
8 1.0 2869.236
9 1.0 2907.155
10 1.0 2926.268
11 1.0 2856.042
12 1.0 2897.681
13 1.0 2859.623
14 1.0 2843.725
15 1.0 2938.432
16 1.0 2885.321
17 1.0 2868.38
18 1.0 2856.701
19 1.0 2960.177
20 1.0 2929.041
2025-05-14 08:16:51
density=1 type_number=10 gamma=1 w_std=0.5 r_min=0 dist_hyperpara=20 dist_type=uniform
gamma OFF SAM
1 1.0 2066.634
2 1.0 2650.996
3 1.0 2625.111
4 1.0 2822.375
5 1.0 2832.628
6 1.0 2809.98
7 1.0 2844.825
8 1.0 2957.568
9 1.0 2810.547
10 1.0 2857.164
11 1.0 2818.151
12 1.0 2848.055
13 1.0 2919.431
14 1.0 2867.974
15 1.0 2806.331
16 1.0 2836.207
17 1.0 2861.91
18 1.0 2759.074
19 1.0 2905.826
20 1.0 2867.793
2025-05-14 08:17:07
density=1 type_number=10 gamma=1 w_std=1 r_min=0 dist_hyperpara=10 dist_type=uniform
gamma OFF SAM
1 1.0 3211.037
2 1.0 3921.993
3 1.0 4098.58
4 1.0 4123.278
5 1.0 4190.15
6 1.0 4318.799
7 1.0 4153.079
8 1.0 4228.56
9 1.0 4199.547
10 1.0 4237.572
11 1.0 4211.308
12 1.0 4313.106
13 1.0 4155.839
14 1.0 4205.841
15 1.0 4215.845
16 1.0 4266.879
17 1.0 4172.186
18 1.0 4162.809
19 1.0 4208.506
20 1.0 4320.859
2025-05-14 08:17:25
density=1 type_number=10 gamma=1 w_std=1 r_min=0 dist_hyperpara=20 dist_type=uniform
gamma OFF SAM
1 1.0 2960.613
2 1.0 3712.238
3 1.0 4009.393
4 1.0 3958.74
5 1.0 4169.232
6 1.0 4126.508
7 1.0 4179.592
8 1.0 4138.499
9 1.0 4144.77
10 1.0 4089.985
11 1.0 4317.721
12 1.0 4101.793
13 1.0 3969.956
14 1.0 4035.307
15 1.0 4213.884
16 1.0 4253.987
17 1.0 3980.09
18 1.0 4137.787
19 1.0 4034.559
20 1.0 3987.591
2025-05-14 08:17:41
density=1 type_number=10 gamma=1 w_std=5 r_min=0 dist_hyperpara=10 dist_type=uniform
gamma OFF SAM
1 1.0 11818.587
2 1.0 15108.896
3 1.0 16169.361
4 1.0 15417.47
5 1.0 15624.799
6 1.0 16335.299
7 1.0 15237.246
8 1.0 15882.088
9 1.0 16187.448
10 1.0 15581.016
11 1.0 15600.171
12 1.0 15919.122
13 1.0 15695.502
14 1.0 16487.858
15 1.0 15143.469
16 1.0 15989.455
17 1.0 15798.952
18 1.0 16060.061
19 1.0 15836.313
20 1.0 15763.785
2025-05-14 08:17:59
density=1 type_number=10 gamma=1 w_std=5 r_min=0 dist_hyperpara=20 dist_type=uniform
gamma OFF SAM
1 1.0 11376.519
2 1.0 14041.536
3 1.0 14608.081
4 1.0 15204.368
5 1.0 15462.468
6 1.0 15269.738
7 1.0 15155.429
8 1.0 15398.545
9 1.0 15195.096
10 1.0 15426.753
11 1.0 14874.655
12 1.0 15816.114
13 1.0 14998.834
14 1.0 15148.904
15 1.0 15066.983
16 1.0 14933.838
17 1.0 15261.52
18 1.0 15030.455
19 1.0 14836.629
20 1.0 14766.998
2025-05-14 08:18:15
density=1 type_number=10 gamma=1 w_std=10 r_min=0 dist_hyperpara=10 dist_type=uniform
gamma OFF SAM
1 1.0 23256.478
2 1.0 27881.24
3 1.0 30812.114
4 1.0 31005.631
5 1.0 29189.95
6 1.0 30976.086
7 1.0 29170.388
8 1.0 30296.062
9 1.0 30340.603
10 1.0 31251.033
11 1.0 30775.735
12 1.0 30740.981
13 1.0 30281.424
14 1.0 30769.149
15 1.0 31337.186
16 1.0 30741.145
17 1.0 30082.268
18 1.0 30089.486
19 1.0 30317.034
20 1.0 30282.883
2025-05-14 08:18:33
density=1 type_number=10 gamma=1 w_std=10 r_min=0 dist_hyperpara=20 dist_type=uniform
gamma OFF SAM
1 1.0 22635.437
2 1.0 27302.661
3 1.0 29144.312
4 1.0 27145.359
5 1.0 29511.434
6 1.0 29362.419
7 1.0 30174.504
8 1.0 29691.646
9 1.0 29110.995
10 1.0 28749.17
11 1.0 30990.657
12 1.0 29166.192
13 1.0 29114.539
14 1.0 29408.049
15 1.0 29203.788
16 1.0 29497.766
17 1.0 28903.03
18 1.0 29934.504
19 1.0 29426.194
20 1.0 28515.906
2025-05-14 08:24:53
density=1 type_number=20 gamma=1 w_std=0.5 r_min=0 dist_hyperpara=10 dist_type=uniform
gamma OFF SAM
1 1.0 2267.288
2 1.0 2484.179
3 1.0 2591.335
4 1.0 2620.041
5 1.0 2621.388
6 1.0 2623.602
7 1.0 2607.854
8 1.0 2643.823
9 1.0 2620.901
10 1.0 2611.536
11 1.0 2576.76
12 1.0 2633.063
13 1.0 2627.229
14 1.0 2662.817
15 1.0 2635.544
16 1.0 2625.646
17 1.0 2634.796
18 1.0 2615.498
19 1.0 2672.777
20 1.0 2695.85
2025-05-14 08:25:20
density=1 type_number=20 gamma=1 w_std=0.5 r_min=0 dist_hyperpara=20 dist_type=uniform
gamma OFF SAM
1 1.0 2271.887
2 1.0 2797.801
3 1.0 2994.828
4 1.0 3028.551
5 1.0 3011.526
6 1.0 3109.913
7 1.0 3133.315
8 1.0 3122.136
9 1.0 3110.351
10 1.0 3125.159
11 1.0 3118.622
12 1.0 3075.199
13 1.0 3095.792
14 1.0 3123.922
15 1.0 3131.277
16 1.0 3101.337
17 1.0 3160.33
18 1.0 3152.57
19 1.0 3155.048
20 1.0 3130.889
2025-05-14 08:25:40
density=1 type_number=20 gamma=1 w_std=1 r_min=0 dist_hyperpara=10 dist_type=uniform
gamma OFF SAM
1 1.0 3347.559
2 1.0 3674.798
3 1.0 3809.305
4 1.0 3863.773
5 1.0 3810.232
6 1.0 3847.559
7 1.0 3893.163
8 1.0 3880.269
9 1.0 3797.459
10 1.0 3867.229
11 1.0 3930.608
12 1.0 3840.427
13 1.0 3867.641
14 1.0 3865.01
15 1.0 3795.124
16 1.0 3858.004
17 1.0 3892.108
18 1.0 3853.181
19 1.0 3832.018
20 1.0 3789.083
2025-05-14 08:26:07
density=1 type_number=20 gamma=1 w_std=1 r_min=0 dist_hyperpara=20 dist_type=uniform
gamma OFF SAM
1 1.0 3432.936
2 1.0 4216.809
3 1.0 4458.276
4 1.0 4523.379
5 1.0 4646.498
6 1.0 4643.152
7 1.0 4734.38
8 1.0 4557.863
9 1.0 4732.836
10 1.0 4565.644
11 1.0 4732.265
12 1.0 4646.185
13 1.0 4649.24
14 1.0 4772.171
15 1.0 4616.033
16 1.0 4689.763
17 1.0 4725.855
18 1.0 4687.238
19 1.0 4765.028
20 1.0 4647.136
2025-05-14 08:26:28
density=1 type_number=20 gamma=1 w_std=5 r_min=0 dist_hyperpara=10 dist_type=uniform
gamma OFF SAM
1 1.0 12740.946
2 1.0 14152.389
3 1.0 14371.392
4 1.0 14363.084
5 1.0 14351.68
6 1.0 14517.685
7 1.0 14613.478
8 1.0 14566.176
9 1.0 14523.492
10 1.0 14662.471
11 1.0 14694.194
12 1.0 14799.734
13 1.0 14667.539
14 1.0 14898.255
15 1.0 14516.184
16 1.0 14545.475
17 1.0 14827.778
18 1.0 14548.001
19 1.0 14748.712
20 1.0 14622.634
2025-05-14 08:26:54
density=1 type_number=20 gamma=1 w_std=5 r_min=0 dist_hyperpara=20 dist_type=uniform
gamma OFF SAM
1 1.0 13192.647
2 1.0 16356.038
3 1.0 17337.108
4 1.0 17759.936
5 1.0 17095.367
6 1.0 17708.899
7 1.0 17598.826
8 1.0 17582.748
9 1.0 17940.664
10 1.0 17757.058
11 1.0 17737.259
12 1.0 17770.176
13 1.0 17489.125
14 1.0 17860.631
15 1.0 17817.171
16 1.0 17789.729
17 1.0 17852.828
18 1.0 18009.478
19 1.0 17510.67
20 1.0 18149.987
2025-05-14 08:27:15
density=1 type_number=20 gamma=1 w_std=10 r_min=0 dist_hyperpara=10 dist_type=uniform
gamma OFF SAM
1 1.0 24555.799
2 1.0 27261.863
3 1.0 28209.843
4 1.0 28238.534
5 1.0 28606.745
6 1.0 28201.686
7 1.0 27742.885
8 1.0 27402.415
9 1.0 28699.776
10 1.0 28148.957
11 1.0 28667.587
12 1.0 28653.531
13 1.0 28511.931
14 1.0 28266.831
15 1.0 28123.476
16 1.0 28161.214
17 1.0 28534.349
18 1.0 28834.101
19 1.0 28323.439
20 1.0 28597.189
2025-05-14 08:27:42
density=1 type_number=20 gamma=1 w_std=10 r_min=0 dist_hyperpara=20 dist_type=uniform
gamma OFF SAM
1 1.0 25466.692
2 1.0 31782.062
3 1.0 33091.735
4 1.0 33149.925
5 1.0 33796.186
6 1.0 34057.869
7 1.0 33411.649
8 1.0 33354.782
9 1.0 34422.803
10 1.0 34458.432
11 1.0 34667.572
12 1.0 34157.044
13 1.0 34394.643
14 1.0 34678.412
15 1.0 34055.273
16 1.0 33960.831
17 1.0 34022.123
18 1.0 34781.859
19 1.0 33675.767
20 1.0 35078.584
2025-05-14 08:41:15
density=1 type_number=5 gamma=1 w_std=0.5 r_min=0 dist_hyperpara=10 dist_type=uniform
gamma OFF SAM
1 1.0 2060.233
2 1.0 2627.142
3 1.0 2792.798
4 1.0 2862.86
5 1.0 2876.811
6 1.0 2874.676
7 1.0 2861.454
8 1.0 2853.309
9 1.0 2839.071
10 1.0 2898.439
11 1.0 2872.544
12 1.0 2692.918
13 1.0 2850.35
14 1.0 2768.601
15 1.0 2896.167
16 1.0 2833.837
17 1.0 2835.052
18 1.0 2888.361
19 1.0 2800.26
20 1.0 2837.275
2025-05-14 08:41:31
density=1 type_number=5 gamma=1 w_std=0.5 r_min=0 dist_hyperpara=20 dist_type=uniform
gamma OFF SAM
1 1.0 2044.421
2 1.0 2691.299
3 1.0 3014.576
4 1.0 3159.809
5 1.0 3289.419
6 1.0 3293.366
7 1.0 3306.412
8 1.0 3383.819
9 1.0 3317.683
10 1.0 3308.33
11 1.0 3366.722
12 1.0 3358.436
13 1.0 3335.953
14 1.0 3255.88
15 1.0 3392.226
16 1.0 3233.534
17 1.0 3305.891
18 1.0 3347.572
19 1.0 3292.671
20 1.0 3295.953
2025-05-14 08:41:44
density=1 type_number=5 gamma=1 w_std=1 r_min=0 dist_hyperpara=10 dist_type=uniform
gamma OFF SAM
1 1.0 2935.43
2 1.0 3649.537
3 1.0 3861.139
4 1.0 4039.024
5 1.0 4096.832
6 1.0 3946.172
7 1.0 3956.755
8 1.0 3924.294
9 1.0 3946.983
10 1.0 4040.959
11 1.0 3883.548
12 1.0 4000.863
13 1.0 3951.687
14 1.0 3870.939
15 1.0 3981.396
16 1.0 3893.019
17 1.0 3861.805
18 1.0 3938.043
19 1.0 3849.717
20 1.0 3879.248
2025-05-14 08:42:01
density=1 type_number=5 gamma=1 w_std=1 r_min=0 dist_hyperpara=20 dist_type=uniform
gamma OFF SAM
1 1.0 2954.678
2 1.0 3889.149
3 1.0 4372.418
4 1.0 4520.771
5 1.0 4652.604
6 1.0 4731.329
7 1.0 4792.706
8 1.0 4787.807
9 1.0 4693.993
10 1.0 4841.154
11 1.0 4807.389
12 1.0 4670.321
13 1.0 4805.172
14 1.0 4690.89
15 1.0 4797.35
16 1.0 4761.931
17 1.0 4638.848
18 1.0 4823.116
19 1.0 4659.582
20 1.0 4607.842
2025-05-14 08:42:13
density=1 type_number=5 gamma=1 w_std=5 r_min=0 dist_hyperpara=10 dist_type=uniform
gamma OFF SAM
1 1.0 10709.565
2 1.0 12348.147
3 1.0 14733.702
4 1.0 14137.628
5 1.0 14099.542
6 1.0 14209.801
7 1.0 14782.537
8 1.0 14293.719
9 1.0 13966.067
10 1.0 14285.703
11 1.0 14526.747
12 1.0 13587.459
13 1.0 14563.561
14 1.0 13886.79
15 1.0 15196.114
16 1.0 14123.423
17 1.0 15161.813
18 1.0 14274.002
19 1.0 13810.844
20 1.0 13813.774
2025-05-14 08:42:30
density=1 type_number=5 gamma=1 w_std=5 r_min=0 dist_hyperpara=20 dist_type=uniform
gamma OFF SAM
1 1.0 11012.804
2 1.0 14365.169
3 1.0 15884.623
4 1.0 17005.709
5 1.0 17860.076
6 1.0 18124.605
7 1.0 17311.485
8 1.0 17533.438
9 1.0 17241.843
10 1.0 17289.63
11 1.0 17703.846
12 1.0 17510.593
13 1.0 17354.481
14 1.0 17215.96
15 1.0 17070.752
16 1.0 17109.739
17 1.0 17519.1
18 1.0 17514.012
19 1.0 17319.713
20 1.0 17725.586
2025-05-14 08:42:42
density=1 type_number=5 gamma=1 w_std=10 r_min=0 dist_hyperpara=10 dist_type=uniform
gamma OFF SAM
1 1.0 21430.034
2 1.0 24207.884
3 1.0 25351.167
4 1.0 27893.92
5 1.0 29088.579
6 1.0 26999.759
7 1.0 27310.048
8 1.0 27248.013
9 1.0 28348.011
10 1.0 29098.522
11 1.0 26774.796
12 1.0 27366.614
13 1.0 27256.298
14 1.0 28208.013
15 1.0 26312.988
16 1.0 29815.487
17 1.0 29961.644
18 1.0 25444.938
19 1.0 27035.215
20 1.0 26989.238
2025-05-14 08:42:59
density=1 type_number=5 gamma=1 w_std=10 r_min=0 dist_hyperpara=20 dist_type=uniform
gamma OFF SAM
1 1.0 21072.355
2 1.0 27793.323
3 1.0 30911.262
4 1.0 32646.105
5 1.0 33943.783
6 1.0 33295.166
7 1.0 34609.883
8 1.0 34185.802
9 1.0 33363.482
10 1.0 34004.286
11 1.0 33713.641
12 1.0 32976.135
13 1.0 34305.699
14 1.0 33727.78
15 1.0 33992.071
16 1.0 33153.768
17 1.0 32683.704
18 1.0 32604.972
19 1.0 33313.346
20 1.0 32619.175
2025-05-14 09:43:02
density=1 type_number=5 gamma=1 w_std=0.5 r_min=0 dist_hyperpara=10 dist_type=uniform
gamma OFF SAM
1 1.0 1988.613
2 1.0 2469.19
3 1.0 2766.373
4 1.0 2848.482
5 1.0 2819.433
6 1.0 2767.442
7 1.0 2763.736
8 1.0 2728.401
9 1.0 2835.651
10 1.0 2828.487
2025-05-14 09:43:11
density=1 type_number=5 gamma=1 w_std=0.5 r_min=0 dist_hyperpara=20 dist_type=uniform
gamma OFF SAM
1 1.0 2006.49
2 1.0 2712.536
3 1.0 3038.99
4 1.0 3229.309
5 1.0 3302.306
6 1.0 3353.112
7 1.0 3355.59
8 1.0 3317.334
9 1.0 3422.804
10 1.0 3326.502
2025-05-14 09:43:17
density=1 type_number=5 gamma=1 w_std=1 r_min=0 dist_hyperpara=10 dist_type=uniform
gamma OFF SAM
1 1.0 2938.803
2 1.0 3776.775
3 1.0 4111.538
4 1.0 3930.707
5 1.0 3913.52
6 1.0 3830.815
7 1.0 3897.933
8 1.0 3983.518
9 1.0 3835.446
10 1.0 3831.327
2025-05-14 09:43:27
density=1 type_number=5 gamma=1 w_std=1 r_min=0 dist_hyperpara=20 dist_type=uniform
gamma OFF SAM
1 1.0 2921.872
2 1.0 3878.281
3 1.0 4266.382
4 1.0 4497.478
5 1.0 4615.65
6 1.0 4789.038
7 1.0 4846.34
8 1.0 4706.527
9 1.0 4716.381
10 1.0 4754.552
2025-05-14 09:43:33
density=1 type_number=5 gamma=1 w_std=5 r_min=0 dist_hyperpara=10 dist_type=uniform
gamma OFF SAM
1 1.0 10841.738
2 1.0 12360.369
3 1.0 13177.039
4 1.0 14545.3
5 1.0 14269.035
6 1.0 15364.212
7 1.0 14155.65
8 1.0 13545.161
9 1.0 15312.22
10 1.0 14533.193
2025-05-14 09:43:42
density=1 type_number=5 gamma=1 w_std=5 r_min=0 dist_hyperpara=20 dist_type=uniform
gamma OFF SAM
1 1.0 10830.71
2 1.0 14392.667
3 1.0 15841.724
4 1.0 16928.02
5 1.0 17193.777
6 1.0 17915.001
7 1.0 17370.285
8 1.0 17383.826
9 1.0 17441.917
10 1.0 17992.24
2025-05-14 09:43:49
density=1 type_number=5 gamma=1 w_std=10 r_min=0 dist_hyperpara=10 dist_type=uniform
gamma OFF SAM
1 1.0 20776.168
2 1.0 27078.212
3 1.0 26190.388
4 1.0 26970.889
5 1.0 28308.415
6 1.0 28166.875
7 1.0 27426.89
8 1.0 26609.114
9 1.0 26872.437
10 1.0 28332.945
2025-05-14 09:43:58
density=1 type_number=5 gamma=1 w_std=10 r_min=0 dist_hyperpara=20 dist_type=uniform
gamma OFF SAM
1 1.0 21049.641
2 1.0 28051.906
3 1.0 30923.162
4 1.0 32239.266
5 1.0 32853.069
6 1.0 34623.752
7 1.0 34143.217
8 1.0 34397.87
9 1.0 34727.378
10 1.0 33790.045
2025-05-14 09:46:39
density=1 type_number=10 gamma=1 w_std=0.5 r_min=0 dist_hyperpara=10 dist_type=uniform
gamma OFF SAM
1 1.0 2187.274
2 1.0 2732.272
3 1.0 2863.51
4 1.0 2837.56
5 1.0 2894.52
6 1.0 2910.073
7 1.0 2931.314
8 1.0 2899.221
9 1.0 2916.804
10 1.0 2933.277
2025-05-14 09:46:48
density=1 type_number=10 gamma=1 w_std=0.5 r_min=0 dist_hyperpara=20 dist_type=uniform
gamma OFF SAM
1 1.0 2084.304
2 1.0 2643.799
3 1.0 2700.281
4 1.0 2775.366
5 1.0 2780.291
6 1.0 2921.604
7 1.0 2937.859
8 1.0 2775.76
9 1.0 2785.372
10 1.0 2742.55
2025-05-14 09:46:56
density=1 type_number=10 gamma=1 w_std=1 r_min=0 dist_hyperpara=10 dist_type=uniform
gamma OFF SAM
1 1.0 3155.453
2 1.0 4044.009
3 1.0 4102.502
4 1.0 4189.083
5 1.0 4140.379
6 1.0 4199.447
7 1.0 4165.736
8 1.0 4195.297
9 1.0 4165.09
10 1.0 4158.045
2025-05-14 09:47:06
density=1 type_number=10 gamma=1 w_std=1 r_min=0 dist_hyperpara=20 dist_type=uniform
gamma OFF SAM
1 1.0 2987.073
2 1.0 3710.372
3 1.0 3840.634
4 1.0 4085.006
5 1.0 3997.932
6 1.0 4010.455
7 1.0 4256.161
8 1.0 4056.446
9 1.0 4105.814
10 1.0 4181.228
2025-05-14 09:47:14
density=1 type_number=10 gamma=1 w_std=5 r_min=0 dist_hyperpara=10 dist_type=uniform
gamma OFF SAM
1 1.0 11849.325
2 1.0 15001.002
3 1.0 15450.954
4 1.0 15947.641
5 1.0 15549.257
6 1.0 15667.046
7 1.0 15603.958
8 1.0 16328.561
9 1.0 15486.656
10 1.0 15831.036
2025-05-14 09:47:23
density=1 type_number=10 gamma=1 w_std=5 r_min=0 dist_hyperpara=20 dist_type=uniform
gamma OFF SAM
1 1.0 11276.718
2 1.0 14299.983
3 1.0 15381.451
4 1.0 14861.978
5 1.0 15041.82
6 1.0 15351.573
7 1.0 14861.825
8 1.0 15542.517
9 1.0 15323.164
10 1.0 15807.988
2025-05-14 09:47:31
density=1 type_number=10 gamma=1 w_std=10 r_min=0 dist_hyperpara=10 dist_type=uniform
gamma OFF SAM
1 1.0 23019.363
2 1.0 29267.552
3 1.0 30042.362
4 1.0 29256.668
5 1.0 29851.91
6 1.0 30557.746
7 1.0 31465.732
8 1.0 30837.4
9 1.0 30089.01
10 1.0 30017.067
2025-05-14 09:47:40
density=1 type_number=10 gamma=1 w_std=10 r_min=0 dist_hyperpara=20 dist_type=uniform
gamma OFF SAM
1 1.0 21709.227
2 1.0 27464.524
3 1.0 29504.598
4 1.0 29735.512
5 1.0 28572.528
6 1.0 28542.095
7 1.0 29861.025
8 1.0 29622.002
9 1.0 28922.854
10 1.0 29981.638
2025-05-14 09:50:53
density=1 type_number=20 gamma=1 w_std=0.5 r_min=0 dist_hyperpara=10 dist_type=uniform
gamma OFF SAM
1 1.0 2249.143
2 1.0 2489.285
3 1.0 2592.087
4 1.0 2576.821
5 1.0 2618.723
6 1.0 2642.679
7 1.0 2581.082
8 1.0 2502.64
9 1.0 2610.569
10 1.0 2598.827
2025-05-14 09:51:06
density=1 type_number=20 gamma=1 w_std=0.5 r_min=0 dist_hyperpara=20 dist_type=uniform
gamma OFF SAM
1 1.0 2308.519
2 1.0 2868.946
3 1.0 2983.727
4 1.0 3056.843
5 1.0 3075.917
6 1.0 3069.268
7 1.0 3113.731
8 1.0 3111.953
9 1.0 3142.623
10 1.0 3132.948
2025-05-14 09:51:17
density=1 type_number=20 gamma=1 w_std=1 r_min=0 dist_hyperpara=10 dist_type=uniform
gamma OFF SAM
1 1.0 3326.442
2 1.0 3667.008
3 1.0 3863.441
4 1.0 3798.124
5 1.0 3806.746
6 1.0 3854.318
7 1.0 3816.061
8 1.0 3902.174
9 1.0 3902.155
10 1.0 3867.006
2025-05-14 09:51:30
density=1 type_number=20 gamma=1 w_std=1 r_min=0 dist_hyperpara=20 dist_type=uniform
gamma OFF SAM
1 1.0 3414.761
2 1.0 4276.165
3 1.0 4497.61
4 1.0 4590.86
5 1.0 4622.03
6 1.0 4593.725
7 1.0 4638.268
8 1.0 4672.682
9 1.0 4633.671
10 1.0 4657.832
2025-05-14 09:51:40
density=1 type_number=20 gamma=1 w_std=5 r_min=0 dist_hyperpara=10 dist_type=uniform
gamma OFF SAM
1 1.0 12729.65
2 1.0 14199.73
3 1.0 14520.548
4 1.0 14829.999
5 1.0 14455.596
6 1.0 14653.853
7 1.0 14614.723
8 1.0 14760.346
9 1.0 14820.501
10 1.0 14467.436
2025-05-14 09:51:54
density=1 type_number=20 gamma=1 w_std=5 r_min=0 dist_hyperpara=20 dist_type=uniform
gamma OFF SAM
1 1.0 13215.507
2 1.0 16510.688
3 1.0 17371.625
4 1.0 17482.707
5 1.0 17889.056
6 1.0 17661.613
7 1.0 17643.817
8 1.0 17410.925
9 1.0 17794.759
10 1.0 17467.112
2025-05-14 09:52:04
density=1 type_number=20 gamma=1 w_std=10 r_min=0 dist_hyperpara=10 dist_type=uniform
gamma OFF SAM
1 1.0 24847.87
2 1.0 27467.705
3 1.0 28216.207
4 1.0 28288.619
5 1.0 27651.315
6 1.0 28212.284
7 1.0 28193.896
8 1.0 28473.444
9 1.0 28106.997
10 1.0 27787.879
2025-05-14 09:52:18
density=1 type_number=20 gamma=1 w_std=10 r_min=0 dist_hyperpara=20 dist_type=uniform
gamma OFF SAM
1 1.0 25259.439
2 1.0 31494.923
3 1.0 32798.339
4 1.0 34321.155
5 1.0 34855.692
6 1.0 34074.559
7 1.0 33944.405
8 1.0 34270.102
9 1.0 34023.18
10 1.0 34310.129
