2024-09-02 17:22:51
gamma OFF SAM
0.1 1.0 0.104
0.2 1.0 0.259
0.3 1.0 0.337
0.4 1.0 0.454
0.5 1.0 0.554
0.6 1.0 0.591
0.7 1.0 0.695
0.8 1.0 0.767
0.9 1.0 0.797
2024-09-02 17:24:16
gamma OFF SAM
0.1 1.0 0.165
0.2 1.0 0.311
0.3 1.0 0.397
0.4 1.0 0.615
0.5 1.0 0.558
0.6 1.0 0.757
0.7 1.0 0.808
0.8 1.0 0.841
0.9 1.0 0.853
2024-09-02 17:25:41
gamma OFF SAM
0.1 1.0 0.082
0.2 1.0 0.197
0.3 1.0 0.369
0.4 1.0 0.446
0.5 1.0 0.577
0.6 1.0 0.586
0.7 1.0 0.681
0.8 1.0 0.891
0.9 1.0 0.877
2024-09-02 17:27:06
gamma OFF SAM
0.1 1.0 0.115
0.2 1.0 0.289
0.3 1.0 0.339
0.4 1.0 0.404
0.5 1.0 0.528
0.6 1.0 0.582
0.7 1.0 0.7
0.8 1.0 0.887
0.9 1.0 0.935
2024-09-02 17:28:31
gamma OFF SAM
0.1 1.0 0.126
0.2 1.0 0.247
0.3 1.0 0.268
0.4 1.0 0.361
0.5 1.0 0.528
0.6 1.0 0.602
0.7 1.0 0.697
0.8 1.0 0.81
0.9 1.0 0.86
2024-09-02 18:46:16
gamma OFF SAM
0.1 1.0 0.104
0.2 1.0 0.259
0.3 1.0 0.337
0.4 1.0 0.454
0.5 1.0 0.554
0.6 1.0 0.591
0.7 1.0 0.695
0.8 1.0 0.767
0.9 1.0 0.797
2024-09-02 18:50:26
gamma OFF SAM
0.1 1.0 0.165
0.2 1.0 0.311
0.3 1.0 0.397
0.4 1.0 0.615
0.5 1.0 0.558
0.6 1.0 0.757
0.7 1.0 0.808
0.8 1.0 0.841
0.9 1.0 0.853
2024-09-02 18:54:37
gamma OFF SAM
0.1 1.0 0.082
0.2 1.0 0.197
0.3 1.0 0.369
0.4 1.0 0.446
0.5 1.0 0.577
0.6 1.0 0.586
0.7 1.0 0.681
0.8 1.0 0.891
0.9 1.0 0.877
2024-09-02 18:58:50
gamma OFF SAM
0.1 1.0 0.115
0.2 1.0 0.289
0.3 1.0 0.339
0.4 1.0 0.404
0.5 1.0 0.528
0.6 1.0 0.582
0.7 1.0 0.7
0.8 1.0 0.887
0.9 1.0 0.935
2024-09-02 19:03:04
gamma OFF SAM
0.1 1.0 0.126
0.2 1.0 0.247
0.3 1.0 0.268
0.4 1.0 0.361
0.5 1.0 0.528
0.6 1.0 0.602
0.7 1.0 0.697
0.8 1.0 0.81
0.9 1.0 0.86
