2024-08-29 10:30:32
gamma OFF SAM
0.1 1.0 0.114
0.2 1.0 0.227
0.3 1.0 0.315
0.4 1.0 0.436
0.5 1.0 0.513
0.6 1.0 0.568
0.7 1.0 0.626
0.8 1.0 0.698
0.9 1.0 0.751
1.0 1.0 0.805
2024-08-29 11:01:13
gamma OFF SAM
0.1 1.0 0.109
0.2 1.0 0.244
0.3 1.0 0.33
0.4 1.0 0.4
0.5 1.0 0.476
0.6 1.0 0.509
0.7 1.0 0.61
0.8 1.0 0.653
0.9 1.0 0.684
1.0 1.0 0.737
2024-08-29 11:33:40
gamma OFF SAM
0.1 1.0 0.132
0.2 1.0 0.23
0.3 1.0 0.272
0.4 1.0 0.375
0.5 1.0 0.425
0.6 1.0 0.501
0.7 1.0 0.564
0.8 1.0 0.615
0.9 1.0 0.653
1.0 1.0 0.708
2024-08-29 12:05:13
gamma OFF SAM
0.1 1.0 0.105
0.2 1.0 0.2
0.3 1.0 0.257
0.4 1.0 0.342
0.5 1.0 0.416
0.6 1.0 0.462
0.7 1.0 0.53
0.8 1.0 0.595
0.9 1.0 0.64
1.0 1.0 0.682
2024-08-29 12:37:24
gamma OFF SAM
0.1 1.0 0.118
0.2 1.0 0.228
0.3 1.0 0.292
0.4 1.0 0.35
0.5 1.0 0.433
0.6 1.0 0.5
0.7 1.0 0.522
0.8 1.0 0.59
0.9 1.0 0.625
1.0 1.0 0.679
2024-09-02 12:24:55
gamma OFF SAM
0.1 1.0 0.121
0.2 1.0 0.25
0.3 1.0 0.299
0.4 1.0 0.46
0.5 1.0 0.46
0.6 1.0 0.688
0.7 1.0 0.705
0.8 1.0 0.772
0.9 1.0 0.812
2024-09-02 12:25:59
gamma OFF SAM
0.1 1.0 0.133
0.2 1.0 0.244
0.3 1.0 0.337
0.4 1.0 0.337
0.5 1.0 0.401
0.6 1.0 0.513
0.7 1.0 0.624
0.8 1.0 0.649
0.9 1.0 0.663
2024-09-02 12:27:04
gamma OFF SAM
0.1 1.0 0.136
0.2 1.0 0.222
0.3 1.0 0.238
0.4 1.0 0.401
0.5 1.0 0.463
0.6 1.0 0.469
0.7 1.0 0.562
0.8 1.0 0.574
0.9 1.0 0.614
2024-09-02 12:28:09
gamma OFF SAM
0.1 1.0 0.113
0.2 1.0 0.181
0.3 1.0 0.246
0.4 1.0 0.331
0.5 1.0 0.401
0.6 1.0 0.441
0.7 1.0 0.497
0.8 1.0 0.571
0.9 1.0 0.661
2024-09-02 12:29:13
gamma OFF SAM
0.1 1.0 0.133
0.2 1.0 0.165
0.3 1.0 0.282
0.4 1.0 0.331
0.5 1.0 0.472
0.6 1.0 0.485
0.7 1.0 0.545
0.8 1.0 0.537
0.9 1.0 0.618
2024-09-02 17:53:52
gamma OFF SAM
0.1 1.0 0.121
0.2 1.0 0.25
0.3 1.0 0.299
0.4 1.0 0.46
0.5 1.0 0.46
0.6 1.0 0.688
0.7 1.0 0.705
0.8 1.0 0.772
0.9 1.0 0.812
2024-09-02 17:57:01
gamma OFF SAM
0.1 1.0 0.133
0.2 1.0 0.244
0.3 1.0 0.337
0.4 1.0 0.337
0.5 1.0 0.401
0.6 1.0 0.513
0.7 1.0 0.624
0.8 1.0 0.649
0.9 1.0 0.663
2024-09-02 18:00:11
gamma OFF SAM
0.1 1.0 0.136
0.2 1.0 0.214
0.3 1.0 0.287
0.4 1.0 0.383
0.5 1.0 0.463
0.6 1.0 0.469
0.7 1.0 0.562
0.8 1.0 0.574
0.9 1.0 0.621
2024-09-02 18:03:24
gamma OFF SAM
0.1 1.0 0.116
0.2 1.0 0.182
0.3 1.0 0.245
0.4 1.0 0.325
0.5 1.0 0.439
0.6 1.0 0.42
0.7 1.0 0.493
0.8 1.0 0.599
0.9 1.0 0.607
2024-09-02 18:06:37
gamma OFF SAM
0.1 1.0 0.133
0.2 1.0 0.165
0.3 1.0 0.265
0.4 1.0 0.331
0.5 1.0 0.472
0.6 1.0 0.485
0.7 1.0 0.545
0.8 1.0 0.537
0.9 1.0 0.618
2024-09-05 14:28:43
gamma OFF SAM
0.1 1.0 0.132
0.2 1.0 0.214
0.3 1.0 0.262
0.4 1.0 0.401
0.5 1.0 0.463
0.6 1.0 0.469
0.7 1.0 0.562
0.8 1.0 0.587
0.9 1.0 0.621
