2024-07-18 00:32:50
gamma OFF SAM0.1
0.1 1.0 0.117
0.2 1.0 0.197
0.3 1.0 0.264
0.4 1.0 0.349
0.5 1.0 0.398
0.6 1.0 0.449
0.7 1.0 0.504
0.8 1.0 0.533
0.9 1.0 0.58
1.0 1.0 0.618
2024-07-18 02:34:35
gamma OFF SAM3
0.1 1.0 0.119
0.2 1.0 0.236
0.3 1.0 0.328
0.4 1.0 0.386
0.5 1.0 0.46
0.6 1.0 0.528
0.7 1.0 0.587
0.8 1.0 0.643
0.9 1.0 0.685
1.0 1.0 0.744
2024-07-18 04:35:10
gamma OFF SAM5
0.1 1.0 0.147
0.2 1.0 0.254
0.3 1.0 0.363
0.4 1.0 0.442
0.5 1.0 0.493
0.6 1.0 0.625
0.7 1.0 0.671
0.8 1.0 0.734
0.9 1.0 0.783
1.0 1.0 0.848
2024-07-18 06:57:55
gamma OFF SAM7
0.1 1.0 0.164
0.2 1.0 0.259
0.3 1.0 0.352
0.4 1.0 0.466
0.5 1.0 0.539
0.6 1.0 0.597
0.7 1.0 0.726
0.8 1.0 0.796
0.9 1.0 0.852
1.0 1.0 0.916
2024-07-18 10:10:19
gamma OFF SAM9
0.1 1.0 0.139
0.2 1.0 0.249
0.3 1.0 0.342
0.4 1.0 0.46
0.5 1.0 0.489
0.6 1.0 0.603
0.7 1.0 0.701
0.8 1.0 0.784
0.9 1.0 0.875
1.0 1.0 0.935
