2024-09-02 17:17:58
gamma OFF SAM
0.1 1.0 0.097
0.2 1.0 0.197
0.3 1.0 0.228
0.4 1.0 0.341
0.5 1.0 0.468
0.6 1.0 0.483
0.7 1.0 0.48
0.8 1.0 0.613
0.9 1.0 0.628
2024-09-02 17:19:03
gamma OFF SAM
0.1 1.0 0.064
0.2 1.0 0.225
0.3 1.0 0.234
0.4 1.0 0.277
0.5 1.0 0.341
0.6 1.0 0.434
0.7 1.0 0.431
0.8 1.0 0.458
0.9 1.0 0.532
2024-09-02 17:20:09
gamma OFF SAM
0.1 1.0 0.124
0.2 1.0 0.187
0.3 1.0 0.242
0.4 1.0 0.327
0.5 1.0 0.39
0.6 1.0 0.392
0.7 1.0 0.442
0.8 1.0 0.501
0.9 1.0 0.518
2024-09-02 17:21:16
gamma OFF SAM
0.1 1.0 0.128
0.2 1.0 0.211
0.3 1.0 0.288
0.4 1.0 0.332
0.5 1.0 0.441
0.6 1.0 0.434
0.7 1.0 0.482
0.8 1.0 0.559
0.9 1.0 0.61
2024-09-02 17:22:23
gamma OFF SAM
0.1 1.0 0.078
0.2 1.0 0.189
0.3 1.0 0.288
0.4 1.0 0.38
0.5 1.0 0.423
0.6 1.0 0.411
0.7 1.0 0.476
0.8 1.0 0.537
0.9 1.0 0.533
2024-09-02 18:31:48
gamma OFF SAM
0.1 1.0 0.097
0.2 1.0 0.197
0.3 1.0 0.228
0.4 1.0 0.341
0.5 1.0 0.468
0.6 1.0 0.483
0.7 1.0 0.48
0.8 1.0 0.613
0.9 1.0 0.628
2024-09-02 18:35:00
gamma OFF SAM
0.1 1.0 0.064
0.2 1.0 0.225
0.3 1.0 0.234
0.4 1.0 0.277
0.5 1.0 0.341
0.6 1.0 0.434
0.7 1.0 0.431
0.8 1.0 0.458
0.9 1.0 0.532
2024-09-02 18:38:14
gamma OFF SAM
0.1 1.0 0.124
0.2 1.0 0.187
0.3 1.0 0.242
0.4 1.0 0.327
0.5 1.0 0.39
0.6 1.0 0.392
0.7 1.0 0.442
0.8 1.0 0.501
0.9 1.0 0.518
2024-09-02 18:41:31
gamma OFF SAM
0.1 1.0 0.128
0.2 1.0 0.211
0.3 1.0 0.288
0.4 1.0 0.332
0.5 1.0 0.441
0.6 1.0 0.434
0.7 1.0 0.482
0.8 1.0 0.559
0.9 1.0 0.61
2024-09-02 18:44:54
gamma OFF SAM
0.1 1.0 0.078
0.2 1.0 0.189
0.3 1.0 0.288
0.4 1.0 0.38
0.5 1.0 0.423
0.6 1.0 0.411
0.7 1.0 0.476
0.8 1.0 0.537
0.9 1.0 0.533
2024-09-05 12:54:58
gamma OFF SAM
0.1 1.0 0.124
0.2 1.0 0.187
0.3 1.0 0.242
0.4 1.0 0.327
0.5 1.0 0.39
0.6 1.0 0.392
0.7 1.0 0.442
0.8 1.0 0.501
0.9 1.0 0.518
2024-09-08 23:51:20
gamma OFF SAM
1 1.0 0.586
