2024-08-29 18:03:45
gamma OFF SAM
0.1 1.0 0.113
0.2 1.0 0.232
0.3 1.0 0.306
0.4 1.0 0.378
0.5 1.0 0.459
0.6 1.0 0.495
0.7 1.0 0.575
0.8 1.0 0.616
0.9 1.0 0.643
1.0 1.0 0.72
2024-08-29 18:32:56
gamma OFF SAM
0.1 1.0 0.109
0.2 1.0 0.21
0.3 1.0 0.284
0.4 1.0 0.372
0.5 1.0 0.413
0.6 1.0 0.495
0.7 1.0 0.545
0.8 1.0 0.565
0.9 1.0 0.643
1.0 1.0 0.675
2024-08-29 21:03:59
gamma OFF SAM
0.1 1.0 0.104
0.2 1.0 0.206
0.3 1.0 0.261
0.4 1.0 0.362
0.5 1.0 0.414
0.6 1.0 0.486
0.7 1.0 0.532
0.8 1.0 0.569
0.9 1.0 0.622
1.0 1.0 0.663
2024-08-29 21:33:39
gamma OFF SAM
0.1 1.0 0.113
0.2 1.0 0.189
0.3 1.0 0.302
0.4 1.0 0.336
0.5 1.0 0.427
0.6 1.0 0.467
0.7 1.0 0.493
0.8 1.0 0.536
0.9 1.0 0.597
1.0 1.0 0.64
2024-08-29 22:03:48
gamma OFF SAM
0.1 1.0 0.109
0.2 1.0 0.189
0.3 1.0 0.259
0.4 1.0 0.359
0.5 1.0 0.395
0.6 1.0 0.443
0.7 1.0 0.496
0.8 1.0 0.561
0.9 1.0 0.588
1.0 1.0 0.607
2024-09-05 14:38:14
gamma OFF SAM
0.1 1.0 0.131
0.2 1.0 0.199
0.3 1.0 0.271
0.4 1.0 0.382
0.5 1.0 0.447
0.6 1.0 0.527
0.7 1.0 0.538
0.8 1.0 0.593
0.9 1.0 0.635
