geometric OFF GRD HG BAT RCP SAM1 STH COL1 CTH
2 1.0 0.776 0.565 0.575 0.252 0.781 0.815 0.775 0.795
4 1.0 0.7 0.458 0.54 0.296 0.711 0.768 0.73 0.749
6 1.0 0.653 0.416 0.516 0.278 0.681 0.72 0.672 0.707
8 1.0 0.601 0.38 0.514 0.285 0.679 0.729 0.677 0.723
10 1.0 0.595 0.355 0.502 0.246 0.648 0.761 0.649 0.748
12 1.0 0.587 0.342 0.506 0.127 0.631 0.761 0.629 0.758
14 1.0 0.576 0.335 0.498 0.194 0.621 0.766 0.595 0.758
16 1.0 0.552 0.313 0.511 0.261 0.621 0.782 0.614 0.776
18 1.0 0.552 0.311 0.496 0.191 0.595 0.765 0.607 0.755
20 1.0 0.543 0.323 0.488 0.229 0.561 0.765 0.581 0.757