2024-10-05 09:51:11
density=1 type_number=10 gamma=1 w_std=10
geo_new OFF RCP GRD HG BAT SAM1 STH COL1 CTH
2 1.0 0.147 0.78 0.663 0.675 0.764 0.771 0.763 0.773
4 1.0 0.208 0.678 0.58 0.597 0.68 0.685 0.672 0.684
6 1.0 0.212 0.659 0.531 0.579 0.63 0.646 0.626 0.638
8 1.0 0.251 0.616 0.501 0.565 0.603 0.619 0.6 0.612
10 1.0 0.274 0.606 0.493 0.578 0.598 0.622 0.597 0.612
12 1.0 0.28 0.573 0.456 0.566 0.588 0.613 0.582 0.605
14 1.0 0.279 0.574 0.466 0.575 0.568 0.596 0.563 0.579
16 1.0 0.294 0.574 0.437 0.582 0.568 0.603 0.565 0.583
18 1.0 0.302 0.565 0.453 0.583 0.553 0.588 0.56 0.576
20 1.0 0.32 0.554 0.447 0.594 0.538 0.573 0.527 0.553
2024-10-07 11:04:17
density=1 type_number=10 gamma=1 w_std=10
geo_new OFF GRD HG BAT SAM1 STH COL1 CTH
5 1.0 0.687 0.55 0.583 0.663 0.668 0.66 0.666
10 1.0 0.608 0.486 0.573 0.597 0.62 0.602 0.61
15 1.0 0.57 0.47 0.579 0.557 0.592 0.558 0.574
20 1.0 0.558 0.436 0.592 0.563 0.592 0.557 0.571
