geometric OFF RCP GRD BAT SAM1 STH COL1 CTH
2 1.0 0.31543 0.70247 0.70247 0.77483 0.8045 0.77625 0.79131
4 1.0 0.29578 0.60458 0.60458 0.69117 0.73516 0.69592 0.71398
6 1.0 0.29014 0.5665 0.5665 0.6503 0.74193 0.64446 0.6797
8 1.0 0.29731 0.52734 0.54495 0.63052 0.71482 0.61959 0.68078
10 1.0 0.33603 0.48996 0.54372 0.60893 0.70709 0.58676 0.66781
12 1.0 0.31398 0.48316 0.55155 0.58153 0.69957 0.56953 0.66099
14 1.0 0.33548 0.46869 0.54316 0.5646 0.71123 0.55703 0.65746
16 1.0 0.32213 0.45773 0.54864 0.55624 0.67643 0.56494 0.65854
18 1.0 0.31618 0.45502 0.55647 0.53453 0.67823 0.54462 0.66401
20 1.0 0.27603 0.42673 0.55905 0.53048 0.68279 0.55274 0.66154