geometric OFF RCP GRD SAM1 STH0.5 COL1 CTH0.5 BAT
5 1.0 0.354 0.612 0.674 0.68 0.666 0.673 0.612
10 1.0 0.351 0.524 0.613 0.631 0.604 0.614 0.556
15 1.0 0.387 0.504 0.587 0.597 0.58 0.593 0.547
20 1.0 0.389 0.465 0.575 0.592 0.563 0.581 0.542
25 1.0 0.35 0.454 0.574 0.599 0.558 0.581 0.559
30 1.0 0.356 0.44 0.534 0.565 0.509 0.545 0.551
35 1.0 0.366 0.428 0.531 0.565 0.514 0.538 0.557
40 1.0 0.352 0.431 0.524 0.551 0.493 0.527 0.58
45 1.0 0.359 0.413 0.511 0.55 0.501 0.537 0.583
50 1.0 0.351 0.418 0.495 0.546 0.493 0.518 0.586
55 1.0 0.37 0.41 0.487 0.533 0.488 0.522 0.589
60 1.0 0.348 0.4 0.491 0.518 0.483 0.52 0.583
65 1.0 0.346 0.4 0.505 0.536 0.486 0.525 0.583
70 1.0 0.33 0.399 0.489 0.529 0.49 0.535 0.603
75 1.0 0.342 0.391 0.497 0.508 0.51 0.535 0.609
80 1.0 0.336 0.399 0.476 0.504 0.483 0.511 0.608