2024-10-05 12:17:26
density=1 type_number=10 gamma=1 w_std=10
geo_new OFF RCP GRD HG BAT SAM1 STH COL1 CTH
2 1.0 0.143 0.773 0.674 0.687 0.747 0.755 0.744 0.754
4 1.0 0.24 0.698 0.573 0.6 0.677 0.69 0.679 0.685
6 1.0 0.274 0.643 0.52 0.56 0.638 0.65 0.636 0.642
8 1.0 0.312 0.638 0.487 0.569 0.597 0.617 0.607 0.616
10 1.0 0.351 0.593 0.476 0.575 0.597 0.617 0.605 0.612
12 1.0 0.341 0.601 0.467 0.585 0.583 0.599 0.589 0.599
14 1.0 0.351 0.575 0.456 0.589 0.582 0.608 0.583 0.591
16 1.0 0.338 0.57 0.442 0.589 0.549 0.575 0.552 0.572
18 1.0 0.354 0.555 0.434 0.596 0.552 0.568 0.553 0.563
20 1.0 0.372 0.55 0.435 0.59 0.55 0.581 0.543 0.567
2024-10-06 09:44:28
density=1 type_number=10 gamma=1 w_std=10
geo_new OFF GRD HG BAT SAM1 STH COL1 CTH
2 1.0 0.887 0.823 0.844 0.683 0.687 0.677 0.684
4 1.0 0.826 0.746 0.795 0.598 0.611 0.598 0.605
6 1.0 0.802 0.73 0.766 0.602 0.618 0.6 0.609
8 1.0 0.775 0.694 0.743 0.567 0.58 0.566 0.576
10 1.0 0.769 0.686 0.716 0.542 0.565 0.539 0.552
2024-10-06 12:57:01
density=1 type_number=10 gamma=1 w_std=10
geo_new OFF GRD HG BAT SAM1 STH COL1 CTH
12 1.0 0.75 0.671 0.706 0.534 0.556 0.531 0.542
14 1.0 0.742 0.662 0.706 0.519 0.552 0.523 0.542
16 1.0 0.726 0.653 0.689 0.526 0.555 0.524 0.543
18 1.0 0.736 0.657 0.693 0.522 0.549 0.515 0.526
20 1.0 0.726 0.652 0.702 0.532 0.552 0.525 0.547
2024-10-06 15:12:33
density=1 type_number=10 gamma=1 w_std=10
geo_new OFF GRD HG BAT SAM1 STH COL1 CTH
5 1.0 0.693 0.552 0.578 0.666 0.677 0.661 0.671
10 1.0 0.615 0.475 0.574 0.598 0.611 0.598 0.608
15 1.0 0.578 0.453 0.586 0.557 0.584 0.549 0.569
20 1.0 0.563 0.432 0.598 0.552 0.574 0.554 0.564
2024-10-07 15:02:35
density=1 type_number=10 gamma=1 w_std=10
geo_new OFF GRD HG BAT SAM1 STH COL1 CTH GRD2
5 1.0 0.813 0.735 0.774 0.611 0.623 0.61 0.616 0.569
10 1.0 0.763 0.679 0.715 0.543 0.567 0.549 0.56 0.586
15 1.0 0.74 0.66 0.692 0.536 0.557 0.526 0.545 0.599
20 1.0 0.727 0.646 0.702 0.519 0.543 0.519 0.536 0.612
