2024-10-07 18:15:20
density=1 type_number=10 gamma=1 w_std=10
geo_new OFF GRD HG BAT SAM1 STH COL1 CTH GRD2
2 1.0 0.843 0.761 0.768 0.688 0.741 0.67 0.701 0.133
4 1.0 0.783 0.68 0.686 0.622 0.692 0.628 0.65 0.112
6 1.0 0.766 0.646 0.674 0.6 0.647 0.611 0.632 0.126
8 1.0 0.735 0.608 0.659 0.578 0.662 0.585 0.641 0.126
10 1.0 0.718 0.588 0.665 0.568 0.676 0.563 0.652 0.182
12 1.0 0.697 0.589 0.651 0.561 0.695 0.549 0.681 0.171
14 1.0 0.697 0.576 0.674 0.537 0.683 0.526 0.672 0.155
16 1.0 0.682 0.565 0.666 0.533 0.688 0.559 0.666 0.172
18 1.0 0.679 0.555 0.66 0.525 0.684 0.531 0.676 0.155
20 1.0 0.676 0.559 0.668 0.533 0.715 0.566 0.711 0.184
