2024-10-06 15:07:23
density=1 type_number=10 gamma=1 w_std=10
geo_new OFF GRD HG BAT SAM1 STH COL1 CTH
5 1.0 0.789 0.327 0.455 0.754 0.767 0.751 0.762
10 1.0 0.758 0.273 0.458 0.663 0.683 0.664 0.678
15 1.0 0.715 0.247 0.495 0.632 0.653 0.623 0.642
20 1.0 0.686 0.237 0.487 0.598 0.631 0.597 0.615
2024-10-07 12:53:07
density=1 type_number=10 gamma=1 w_std=10
geo_new OFF GRD HG BAT SAM1 STH COL1 CTH
5 1.0 0.828 0.322 0.462 0.772 0.78 0.766 0.775
10 1.0 0.754 0.243 0.443 0.672 0.681 0.672 0.682
15 1.0 0.725 0.258 0.47 0.634 0.655 0.642 0.646
20 1.0 0.68 0.222 0.435 0.625 0.661 0.636 0.645
2024-10-07 13:34:43
density=1 type_number=10 gamma=1 w_std=10
geo_new OFF GRD HG BAT SAM1 STH COL1 CTH
5 1.0 0.818 0.339 0.438 0.78 0.786 0.776 0.787
10 1.0 0.754 0.257 0.472 0.671 0.694 0.675 0.686
15 1.0 0.723 0.237 0.47 0.636 0.649 0.63 0.643
20 1.0 0.677 0.219 0.444 0.62 0.659 0.624 0.645
2024-10-07 14:29:45
density=1 type_number=10 gamma=1 w_std=10
geo_new OFF GRD HG BAT SAM1 STH COL1 CTH GRD2
5 1.0 0.818 0.339 0.438 0.78 0.786 0.776 0.787 0.753
10 1.0 0.754 0.257 0.472 0.671 0.694 0.675 0.686 0.717
15 1.0 0.723 0.237 0.47 0.636 0.649 0.63 0.643 0.718
20 1.0 0.677 0.219 0.444 0.62 0.659 0.624 0.645 0.68
2024-10-07 14:36:12
density=1 type_number=10 gamma=1 w_std=10
geo_new OFF GRD HG BAT SAM1 STH COL1 CTH GRD2
5 1.0 0.818 0.339 0.438 0.78 0.786 0.776 0.787 0.534
10 1.0 0.754 0.257 0.472 0.671 0.694 0.675 0.686 0.557
15 1.0 0.723 0.237 0.47 0.636 0.649 0.63 0.643 0.596
20 1.0 0.677 0.219 0.444 0.62 0.659 0.624 0.645 0.578
