2024-10-04 14:56:31
density=1 type_number=10 gamma=1 w_std=10
geo_new OFF GRD SAM1 STH COL1 CTH HG
2 1.0 0.939 0.935 0.941 0.93 0.937 0.458
4 1.0 0.871 0.815 0.836 0.812 0.831 0.318
6 1.0 0.851 0.758 0.83 0.733 0.782 0.299
8 1.0 0.838 0.662 0.794 0.679 0.748 0.267
10 1.0 0.815 0.658 0.745 0.649 0.711 0.253
12 1.0 0.805 0.624 0.778 0.62 0.74 0.228
14 1.0 0.806 0.651 0.741 0.636 0.713 0.229
16 1.0 0.782 0.609 0.715 0.595 0.691 0.244
18 1.0 0.777 0.6 0.712 0.595 0.701 0.222
20 1.0 0.776 0.579 0.701 0.582 0.692 0.212
