2024-10-07 20:56:23
density=1 type_number=10 gamma=1 w_std=10
geo_new OFF GRD HG BAT SAM1 STH COL1 CTH GRD2
2 1.0 0.84 0.441 0.414 0.847 0.861 0.833 0.839 0.0
4 1.0 0.76 0.301 0.422 0.794 0.807 0.802 0.801 0.0
6 1.0 0.741 0.243 0.422 0.798 0.829 0.815 0.83 0.0
8 1.0 0.717 0.227 0.391 0.785 0.835 0.772 0.835 0.0
10 1.0 0.685 0.197 0.396 0.713 0.828 0.705 0.822 0.0
12 1.0 0.657 0.168 0.372 0.704 0.831 0.699 0.837 0.0
14 1.0 0.683 0.169 0.374 0.68 0.834 0.659 0.838 0.0
16 1.0 0.626 0.166 0.388 0.667 0.844 0.665 0.844 0.0
18 1.0 0.622 0.173 0.358 0.653 0.84 0.655 0.84 0.0
20 1.0 0.633 0.17 0.343 0.648 0.861 0.662 0.856 0.0
2024-10-07 22:57:13
density=1 type_number=10 gamma=1 w_std=10
geo_new OFF GRD HG BAT RCP SAM1 STH COL1 CTH
2 1.0 0.834 0.392 0.476 0.128 0.833 0.846 0.836 0.833
4 1.0 0.753 0.288 0.408 0.036 0.801 0.819 0.8 0.799
6 1.0 0.759 0.202 0.388 0.11 0.838 0.852 0.829 0.844
8 1.0 0.707 0.203 0.386 0.057 0.785 0.827 0.774 0.821
10 1.0 0.692 0.211 0.375 0.105 0.725 0.828 0.724 0.822
12 1.0 0.658 0.191 0.379 0.049 0.699 0.834 0.681 0.826
14 1.0 0.675 0.179 0.368 0.132 0.68 0.845 0.688 0.848
16 1.0 0.663 0.179 0.39 0.149 0.67 0.844 0.67 0.842
18 1.0 0.65 0.149 0.339 0.061 0.647 0.841 0.646 0.841
20 1.0 0.632 0.168 0.368 0.14 0.627 0.856 0.682 0.844
