geometric OFF RCP GRD SAM1 SAM4 SAMC1 SAMC4 BAT BAT_G
10 1.0 0.356 0.669 0.625 0.682 0.623 0.645 0.52 0.511
20 1.0 0.368 0.617 0.57 0.644 0.556 0.612 0.541 0.535
30 1.0 0.369 0.587 0.544 0.641 0.528 0.588 0.554 0.545
40 1.0 0.344 0.568 0.507 0.65 0.478 0.548 0.586 0.58
50 1.0 0.364 0.551 0.502 0.682 0.493 0.567 0.597 0.585
60 1.0 0.354 0.544 0.494 0.709 0.49 0.596 0.621 0.606
70 1.0 0.371 0.55 0.497 0.703 0.48 0.582 0.63 0.617
80 1.0 0.362 0.542 0.47 0.706 0.467 0.582 0.639 0.622
90 1.0 0.321 0.545 0.47 0.716 0.485 0.588 0.637 0.627
100 1.0 0.326 0.546 0.466 0.688 0.495 0.601 0.648 0.64