2024-10-07 18:24:40
density=1 type_number=10 gamma=1 w_std=10
geo_new OFF GRD HG BAT SAM1 STH COL1 CTH GRD2
2 1.0 0.84 0.441 0.414 0.847 0.861 0.833 0.839 0.0
4 1.0 0.76 0.301 0.422 0.794 0.807 0.802 0.801 0.0
6 1.0 0.741 0.243 0.422 0.798 0.829 0.815 0.83 0.0
8 1.0 0.717 0.227 0.391 0.785 0.835 0.772 0.835 0.0
10 1.0 0.685 0.197 0.396 0.713 0.828 0.705 0.822 0.0
12 1.0 0.657 0.168 0.372 0.704 0.831 0.699 0.837 0.0
14 1.0 0.683 0.169 0.374 0.68 0.834 0.659 0.838 0.0
16 1.0 0.626 0.166 0.388 0.667 0.844 0.665 0.844 0.0
18 1.0 0.622 0.173 0.358 0.653 0.84 0.655 0.84 0.0
20 1.0 0.633 0.17 0.343 0.648 0.861 0.662 0.856 0.0
