geometric OFF RCP GRD SAM1 STH COL1 CTH BAT
5 1.0 0.282 0.743 0.763 0.801 0.767 0.795 0.499
10 1.0 0.268 0.654 0.696 0.761 0.7 0.747 0.462
15 1.0 0.218 0.613 0.676 0.73 0.671 0.712 0.466
20 1.0 0.228 0.577 0.617 0.692 0.606 0.687 0.463
25 1.0 0.209 0.574 0.606 0.72 0.577 0.657 0.484
30 1.0 0.181 0.545 0.562 0.694 0.567 0.631 0.481
35 1.0 0.211 0.553 0.556 0.718 0.563 0.614 0.49
40 1.0 0.223 0.545 0.542 0.717 0.585 0.651 0.493
45 1.0 0.223 0.551 0.507 0.698 0.566 0.636 0.507
50 1.0 0.218 0.53 0.515 0.724 0.532 0.598 0.496