2024-10-04 15:00:16
density=1 type_number=10 gamma=1 w_std=10
geo_new OFF GRD SAM1 STH COL1 CTH HG
2 1.0 0.882 0.668 0.7 0.664 0.687 0.813
4 1.0 0.827 0.611 0.65 0.616 0.637 0.756
6 1.0 0.794 0.574 0.644 0.569 0.612 0.703
8 1.0 0.776 0.554 0.63 0.556 0.605 0.686
10 1.0 0.755 0.546 0.639 0.543 0.59 0.672
12 1.0 0.758 0.529 0.636 0.534 0.61 0.671
14 1.0 0.738 0.544 0.641 0.534 0.631 0.651
16 1.0 0.731 0.552 0.672 0.515 0.626 0.66
18 1.0 0.725 0.524 0.636 0.523 0.615 0.645
20 1.0 0.724 0.519 0.642 0.521 0.615 0.639
