2024-10-06 15:17:46
density=1 type_number=10 gamma=1 w_std=10
geo_new OFF GRD HG BAT SAM1 STH COL1 CTH
5 1.0 0.68 0.579 0.612 0.636 0.648 0.638 0.645
10 1.0 0.605 0.523 0.579 0.578 0.594 0.576 0.587
15 1.0 0.572 0.483 0.607 0.565 0.587 0.569 0.579
20 1.0 0.583 0.489 0.623 0.539 0.558 0.537 0.546
2024-10-07 15:15:21
density=1 type_number=10 gamma=1 w_std=10
geo_new OFF GRD HG BAT SAM1 STH COL1 CTH GRD2
5 1.0 0.878 0.834 0.87 0.579 0.593 0.578 0.588 0.666
10 1.0 0.84 0.791 0.83 0.535 0.549 0.536 0.541 0.678
15 1.0 0.82 0.777 0.813 0.522 0.548 0.518 0.539 0.688
20 1.0 0.813 0.773 0.808 0.495 0.537 0.492 0.511 0.71
