2024-10-07 10:09:55
density=1 type_number=10 gamma=1 w_std=10
geo_new OFF GRD HG BAT SAM1 STH COL1 CTH
5 1.0 0.854 0.337 0.462 0.777 0.787 0.777 0.783
10 1.0 0.776 0.265 0.462 0.668 0.689 0.673 0.688
15 1.0 0.757 0.262 0.497 0.669 0.687 0.66 0.675
20 1.0 0.724 0.212 0.493 0.621 0.652 0.627 0.641
2024-10-07 12:09:36
density=1 type_number=10 gamma=1 w_std=10
geo_new OFF GRD HG BAT SAM1 STH COL1 CTH
5 1.0 0.824 0.302 0.453 0.74 0.747 0.738 0.743
10 1.0 0.773 0.268 0.456 0.714 0.72 0.71 0.714
15 1.0 0.745 0.253 0.451 0.669 0.697 0.667 0.694
20 1.0 0.74 0.22 0.441 0.588 0.619 0.583 0.61
