2024-09-26 12:05:33
geo_new OFF RCP GRD SAM1 SAM4 SAMC1 SAMC4 BAT BAT_G
10 1.0_0.0 0.356_0.029 0.669_0.014 0.625_0.015 0.682_0.014 0.623_0.012 0.645_0.018 0.52_0.008 0.511_0.017
20 1.0_0.0 0.368_0.013 0.617_0.014 0.57_0.013 0.644_0.008 0.556_0.019 0.612_0.016 0.541_0.015 0.535_0.015
30 1.0_0.0 0.369_0.017 0.587_0.026 0.544_0.014 0.641_0.018 0.528_0.02 0.588_0.011 0.554_0.008 0.545_0.012
40 1.0_0.0 0.344_0.023 0.568_0.013 0.507_0.021 0.65_0.019 0.478_0.019 0.548_0.026 0.586_0.019 0.58_0.024
50 1.0_0.0 0.364_0.03 0.551_0.018 0.502_0.029 0.682_0.014 0.493_0.013 0.567_0.01 0.597_0.007 0.585_0.009
60 1.0_0.0 0.354_0.017 0.544_0.021 0.494_0.011 0.709_0.019 0.49_0.013 0.596_0.017 0.621_0.015 0.606_0.021
70 1.0_0.0 0.371_0.011 0.55_0.019 0.497_0.016 0.703_0.011 0.48_0.019 0.582_0.013 0.63_0.013 0.617_0.017
80 1.0_0.0 0.362_0.026 0.542_0.017 0.47_0.018 0.706_0.015 0.467_0.044 0.582_0.031 0.639_0.011 0.622_0.019
90 1.0_0.0 0.321_0.027 0.545_0.019 0.47_0.025 0.716_0.022 0.485_0.023 0.588_0.015 0.637_0.013 0.627_0.017
100 1.0_0.0 0.326_0.018 0.546_0.011 0.466_0.018 0.688_0.016 0.495_0.025 0.601_0.019 0.648_0.011 0.64_0.015
2024-09-26 12:20:16
geo_new OFF RCP GRD SAM1 SAM4 SAMC1 SAMC4 BAT BAT_G
10 1.0 0.356 0.669 0.625 0.682 0.623 0.645 0.52 0.511
20 1.0 0.368 0.617 0.57 0.644 0.556 0.612 0.541 0.535
30 1.0 0.369 0.587 0.544 0.641 0.528 0.588 0.554 0.545
40 1.0 0.344 0.568 0.507 0.65 0.478 0.548 0.586 0.58
50 1.0 0.364 0.551 0.502 0.682 0.493 0.567 0.597 0.585
60 1.0 0.354 0.544 0.494 0.709 0.49 0.596 0.621 0.606
70 1.0 0.371 0.55 0.497 0.703 0.48 0.582 0.63 0.617
80 1.0 0.362 0.542 0.47 0.706 0.467 0.582 0.639 0.622
90 1.0 0.321 0.545 0.47 0.716 0.485 0.588 0.637 0.627
100 1.0 0.326 0.546 0.466 0.688 0.495 0.601 0.648 0.64
2024-09-27 15:06:45 tn 50
geo_new OFF RCP GRD SAM1 TH TH0.25 SAMC1 BAT_G
10 1.0 0.376 0.527 0.61 0.628 0.645 0.605 0.549
20 1.0 0.368 0.472 0.578 0.595 0.627 0.565 0.553
30 1.0 0.352 0.445 0.53 0.558 0.584 0.505 0.567
40 1.0 0.354 0.423 0.516 0.545 0.589 0.488 0.571
50 1.0 0.369 0.406 0.507 0.552 0.601 0.495 0.573
60 1.0 0.367 0.409 0.501 0.528 0.613 0.497 0.587
70 1.0 0.324 0.397 0.466 0.504 0.61 0.467 0.599
80 1.0 0.355 0.403 0.479 0.495 0.595 0.495 0.609
90 1.0 0.357 0.394 0.483 0.476 0.607 0.512 0.619
100 1.0 0.375 0.387 0.461 0.494 0.619 0.521 0.624
2024-09-27 15:18:02 tn100
geo_new OFF RCP GRD SAM1 TH TH0.25 SAMC1 BAT_G
10 1.0 0.36 0.514 0.632 0.635 0.646 0.625 0.539
20 1.0 0.356 0.442 0.575 0.584 0.604 0.577 0.561
30 1.0 0.379 0.411 0.55 0.583 0.599 0.549 0.57
40 1.0 0.379 0.397 0.524 0.556 0.583 0.523 0.581
50 1.0 0.393 0.387 0.515 0.524 0.564 0.492 0.59
60 1.0 0.389 0.363 0.519 0.542 0.584 0.505 0.607
70 1.0 0.407 0.365 0.519 0.558 0.58 0.489 0.607
80 1.0 0.409 0.371 0.502 0.55 0.581 0.5 0.617
90 1.0 0.397 0.351 0.491 0.525 0.578 0.469 0.625
100 1.0 0.402 0.352 0.484 0.535 0.577 0.476 0.634
2024-09-28 08:56:54
geo_new OFF RCP GRD SAM1 SAM4 TH TH0.25 COL1 BAT_G
50 1.0 0.396 0.387 0.529 0.615 0.543 0.584 0.514 0.596
60 1.0 0.395 0.377 0.51 0.594 0.547 0.575 0.498 0.597
70 1.0 0.383 0.378 0.48 0.583 0.525 0.551 0.468 0.607
80 1.0 0.398 0.366 0.481 0.592 0.525 0.561 0.464 0.617
90 1.0 0.397 0.36 0.479 0.612 0.527 0.576 0.476 0.62
100 1.0 0.388 0.364 0.503 0.626 0.535 0.59 0.484 0.635
2024-09-28 11:40:18
geo_new OFF RCP GRD SAM1 STH0.1 COL1 CTH0.1 BAT_G
50 1.0 0.384 0.389 0.529 0.604 0.52 0.57 0.59
60 1.0 0.39 0.367 0.511 0.595 0.501 0.562 0.601
70 1.0 0.401 0.369 0.493 0.59 0.488 0.546 0.611
80 1.0 0.4 0.372 0.481 0.613 0.474 0.563 0.622
90 1.0 0.402 0.357 0.487 0.615 0.484 0.562 0.629
100 1.0 0.392 0.355 0.478 0.618 0.468 0.562 0.64
2024-09-28 12:37:49 tn 50
geo_new OFF RCP GRD SAM1 STH0.1 COL1 CTH0.1 BAT_G
5 1.0 0.36 0.599 0.681 0.705 0.688 0.703 0.599
10 1.0 0.367 0.53 0.607 0.671 0.608 0.639 0.539
15 1.0 0.381 0.488 0.587 0.636 0.58 0.612 0.549
20 1.0 0.379 0.469 0.572 0.642 0.563 0.613 0.543
25 1.0 0.37 0.456 0.54 0.612 0.529 0.584 0.554
30 1.0 0.36 0.445 0.542 0.631 0.528 0.588 0.567
35 1.0 0.363 0.434 0.518 0.623 0.5 0.575 0.566
40 1.0 0.348 0.424 0.522 0.633 0.501 0.589 0.575
45 1.0 0.344 0.409 0.515 0.64 0.492 0.583 0.575
50 1.0 0.341 0.409 0.501 0.634 0.482 0.562 0.579
55 1.0 0.35 0.416 0.485 0.63 0.468 0.556 0.583
60 1.0 0.348 0.419 0.486 0.646 0.492 0.588 0.595
65 1.0 0.34 0.416 0.483 0.65 0.473 0.586 0.605
70 1.0 0.341 0.401 0.469 0.655 0.483 0.575 0.603
75 1.0 0.346 0.392 0.48 0.667 0.473 0.564 0.603
80 1.0 0.357 0.397 0.486 0.673 0.493 0.591 0.614

2024-09-28 15:52:49
geo_new OFF RCP GRD SAM1 STH0.1 COL1 CTH0.1 BAT_G
5 1.0 0.335 0.585 0.683 0.692 0.685 0.685 0.585
10 1.0 0.358 0.496 0.65 0.661 0.634 0.655 0.541
15 1.0 0.36 0.477 0.586 0.622 0.583 0.606 0.561
20 1.0 0.382 0.439 0.584 0.616 0.573 0.602 0.561
25 1.0 0.39 0.425 0.563 0.617 0.571 0.589 0.567
30 1.0 0.372 0.404 0.567 0.619 0.563 0.6 0.565
35 1.0 0.355 0.413 0.544 0.605 0.539 0.583 0.574
40 1.0 0.364 0.399 0.537 0.619 0.535 0.57 0.573
45 1.0 0.38 0.4 0.533 0.608 0.513 0.565 0.591
50 1.0 0.384 0.389 0.529 0.604 0.52 0.57 0.59
55 1.0 0.414 0.377 0.529 0.604 0.508 0.572 0.593
60 1.0 0.389 0.367 0.511 0.595 0.501 0.562 0.601
65 1.0 0.409 0.378 0.518 0.602 0.496 0.55 0.613
70 1.0 0.401 0.369 0.493 0.59 0.488 0.546 0.611
75 1.0 0.395 0.367 0.508 0.615 0.487 0.562 0.619
80 1.0 0.399 0.372 0.481 0.613 0.474 0.563 0.622
2024-09-28 19:12:45 tn 50 std 10
geo_new OFF RCP GRD SAM1 STH0.5 COL1 CTH0.5 BAT_G
5 1.0 0.354 0.612 0.674 0.68 0.666 0.673 0.612
10 1.0 0.351 0.524 0.613 0.631 0.604 0.614 0.556
15 1.0 0.387 0.504 0.587 0.597 0.58 0.593 0.547
20 1.0 0.389 0.465 0.575 0.592 0.563 0.581 0.542
25 1.0 0.35 0.454 0.574 0.599 0.558 0.581 0.559
30 1.0 0.356 0.44 0.534 0.565 0.509 0.545 0.551
35 1.0 0.366 0.428 0.531 0.565 0.514 0.538 0.557
40 1.0 0.352 0.431 0.524 0.551 0.493 0.527 0.58
45 1.0 0.359 0.413 0.511 0.55 0.501 0.537 0.583
50 1.0 0.351 0.418 0.495 0.546 0.493 0.518 0.586
55 1.0 0.37 0.41 0.487 0.533 0.488 0.522 0.589
60 1.0 0.348 0.4 0.491 0.518 0.483 0.52 0.583
65 1.0 0.346 0.4 0.505 0.536 0.486 0.525 0.583
70 1.0 0.33 0.399 0.489 0.529 0.49 0.535 0.603
75 1.0 0.342 0.391 0.497 0.508 0.51 0.535 0.609
80 1.0 0.336 0.399 0.476 0.504 0.483 0.511 0.608
2024-09-28 19:58:39
geo_new OFF RCP GRD SAM1 STH0.5 COL1 CTH0.5 BAT_G
5 1.0 0.321 0.693 0.729 0.739 0.72 0.723 0.499
10 1.0 0.352 0.642 0.653 0.66 0.65 0.65 0.488
15 1.0 0.338 0.575 0.605 0.65 0.603 0.621 0.511
20 1.0 0.335 0.552 0.582 0.614 0.572 0.589 0.515
25 1.0 0.348 0.535 0.566 0.606 0.556 0.581 0.525
30 1.0 0.316 0.523 0.544 0.603 0.543 0.562 0.53
35 1.0 0.338 0.522 0.539 0.572 0.528 0.555 0.532
40 1.0 0.349 0.511 0.522 0.574 0.524 0.557 0.553
45 1.0 0.348 0.504 0.516 0.555 0.508 0.53 0.557
50 1.0 0.357 0.491 0.538 0.566 0.509 0.544 0.575
55 1.0 0.333 0.503 0.49 0.547 0.497 0.532 0.582
60 1.0 0.296 0.475 0.5 0.538 0.486 0.536 0.576
65 1.0 0.326 0.493 0.496 0.528 0.494 0.547 0.584
70 1.0 0.339 0.49 0.51 0.516 0.501 0.554 0.583
75 1.0 0.322 0.489 0.492 0.499 0.493 0.537 0.59
80 1.0 0.314 0.487 0.487 0.481 0.502 0.54 0.608
2024-09-28 20:11:49
geo_new OFF RCP GRD SAM1 STH0.5 COL1 CTH0.5 BAT
5 1.0 0.321 0.693 0.729 0.739 0.72 0.723 0.499
10 1.0 0.352 0.642 0.653 0.66 0.65 0.65 0.488
15 1.0 0.338 0.575 0.605 0.65 0.603 0.621 0.511
20 1.0 0.335 0.552 0.582 0.614 0.572 0.589 0.515
25 1.0 0.348 0.535 0.566 0.606 0.556 0.581 0.525
30 1.0 0.316 0.523 0.544 0.603 0.543 0.562 0.53
35 1.0 0.338 0.522 0.539 0.572 0.528 0.555 0.532
40 1.0 0.349 0.511 0.522 0.574 0.524 0.557 0.553
45 1.0 0.348 0.504 0.516 0.555 0.508 0.53 0.557
50 1.0 0.357 0.491 0.538 0.566 0.509 0.544 0.575
55 1.0 0.333 0.503 0.49 0.547 0.497 0.532 0.582
60 1.0 0.296 0.475 0.5 0.538 0.486 0.536 0.576
65 1.0 0.326 0.493 0.496 0.528 0.494 0.547 0.584
70 1.0 0.339 0.49 0.51 0.516 0.501 0.554 0.583
75 1.0 0.322 0.489 0.492 0.499 0.493 0.537 0.59
80 1.0 0.314 0.487 0.487 0.481 0.502 0.54 0.608
2024-09-28 20:32:35
geo_new OFF RCP GRD SAM1 STH0.5 COL1 CTH0.5 BAT
5 1.0 0.354 0.612 0.674 0.68 0.666 0.673 0.612
10 1.0 0.351 0.524 0.613 0.631 0.604 0.614 0.556
15 1.0 0.387 0.504 0.587 0.597 0.58 0.593 0.547
20 1.0 0.389 0.465 0.575 0.592 0.563 0.581 0.542
25 1.0 0.35 0.454 0.574 0.599 0.558 0.581 0.559
30 1.0 0.356 0.44 0.534 0.565 0.509 0.545 0.551
35 1.0 0.366 0.428 0.531 0.565 0.514 0.538 0.557
40 1.0 0.352 0.431 0.524 0.551 0.493 0.527 0.58
45 1.0 0.359 0.413 0.511 0.55 0.501 0.537 0.583
50 1.0 0.351 0.418 0.495 0.546 0.493 0.518 0.586
55 1.0 0.37 0.41 0.487 0.533 0.488 0.522 0.589
60 1.0 0.348 0.4 0.491 0.518 0.483 0.52 0.583
65 1.0 0.346 0.4 0.505 0.536 0.486 0.525 0.583
70 1.0 0.33 0.399 0.489 0.529 0.49 0.535 0.603
75 1.0 0.342 0.391 0.497 0.508 0.51 0.535 0.609
80 1.0 0.336 0.399 0.476 0.504 0.483 0.511 0.608
2024-09-29 13:17:34 density 1
geo_new OFF RCP GRD SAM1 STH0.5 COL1 CTH0.5 BAT
5 1.0 0.354 0.612 0.674 0.68 0.666 0.673 0.612
10 1.0 0.351 0.524 0.613 0.631 0.604 0.614 0.556
15 1.0 0.387 0.504 0.587 0.597 0.58 0.593 0.547
20 1.0 0.389 0.465 0.575 0.592 0.563 0.581 0.542
25 1.0 0.35 0.454 0.574 0.599 0.558 0.581 0.559
30 1.0 0.356 0.44 0.534 0.565 0.509 0.545 0.551
35 1.0 0.366 0.428 0.531 0.565 0.514 0.538 0.557
40 1.0 0.352 0.431 0.524 0.551 0.493 0.527 0.58
45 1.0 0.359 0.413 0.511 0.55 0.501 0.537 0.583
50 1.0 0.351 0.418 0.495 0.546 0.493 0.518 0.586
55 1.0 0.37 0.41 0.487 0.533 0.488 0.522 0.589
60 1.0 0.348 0.4 0.491 0.518 0.483 0.52 0.583
65 1.0 0.346 0.4 0.505 0.536 0.486 0.525 0.583
70 1.0 0.33 0.399 0.489 0.529 0.49 0.535 0.603
75 1.0 0.342 0.391 0.497 0.508 0.51 0.535 0.609
80 1.0 0.336 0.399 0.476 0.504 0.483 0.511 0.608
2024-09-29 17:33:44 density 0.2
geo_new OFF RCP GRD SAM1 STH0.5 COL1 CTH0.5 BAT
5 1.0 0.275 0.831 0.833 0.842 0.836 0.84 0.389
10 1.0 0.284 0.758 0.769 0.787 0.774 0.77 0.41
15 1.0 0.277 0.718 0.708 0.724 0.699 0.71 0.398
20 1.0 0.271 0.68 0.654 0.673 0.645 0.662 0.413
25 1.0 0.291 0.684 0.614 0.646 0.606 0.636 0.428
30 1.0 0.3 0.654 0.606 0.651 0.589 0.622 0.43
35 1.0 0.279 0.664 0.584 0.618 0.547 0.565 0.447
40 1.0 0.298 0.655 0.587 0.625 0.56 0.587 0.442
45 1.0 0.337 0.63 0.574 0.627 0.547 0.569 0.468
50 1.0 0.316 0.639 0.547 0.576 0.54 0.583 0.467
55 1.0 0.297 0.618 0.548 0.562 0.537 0.578 0.466
60 1.0 0.302 0.638 0.531 0.57 0.524 0.561 0.486
65 1.0 0.319 0.616 0.542 0.558 0.519 0.554 0.488
70 1.0 0.319 0.625 0.511 0.54 0.499 0.544 0.493
75 1.0 0.333 0.619 0.534 0.581 0.541 0.589 0.49
80 1.0 0.295 0.634 0.493 0.545 0.512 0.558 0.511
85 1.0 0.299 0.627 0.499 0.539 0.504 0.553 0.508
90 1.0 0.331 0.628 0.515 0.535 0.534 0.589 0.514
95 1.0 0.264 0.625 0.47 0.495 0.514 0.563 0.521
100 1.0 0.294 0.624 0.496 0.537 0.539 0.584 0.507
2024-09-29 17:41:27 density 0.3
geo_new OFF RCP GRD SAM1 STH COL1 CTH BAT
5 1.0 0.301 0.781 0.801 0.815 0.793 0.809 0.46
10 1.0 0.3 0.704 0.706 0.738 0.71 0.728 0.451
15 1.0 0.327 0.658 0.664 0.721 0.654 0.698 0.46
20 1.0 0.342 0.63 0.609 0.705 0.602 0.66 0.466
25 1.0 0.331 0.606 0.603 0.699 0.583 0.633 0.486
30 1.0 0.337 0.609 0.585 0.669 0.557 0.626 0.488
35 1.0 0.307 0.592 0.545 0.654 0.528 0.606 0.49
40 1.0 0.332 0.6 0.525 0.653 0.52 0.606 0.502
45 1.0 0.324 0.584 0.539 0.671 0.519 0.604 0.512
50 1.0 0.292 0.579 0.515 0.659 0.505 0.601 0.531
55 1.0 0.297 0.577 0.505 0.644 0.517 0.584 0.536
60 1.0 0.307 0.565 0.491 0.643 0.506 0.59 0.538
65 1.0 0.298 0.569 0.508 0.667 0.524 0.59 0.547
70 1.0 0.313 0.568 0.482 0.667 0.501 0.587 0.558
75 1.0 0.294 0.565 0.488 0.669 0.514 0.599 0.566
80 1.0 0.291 0.572 0.48 0.67 0.506 0.584 0.574
2024-09-29 17:56:51 tn 50 density 1
geo_new OFF RCP GRD SAM1 STH COL1 CTH BAT
5 1.0 0.357 0.618 0.67 0.695 0.674 0.691 0.618
10 1.0 0.377 0.531 0.62 0.666 0.617 0.639 0.55
15 1.0 0.394 0.496 0.589 0.633 0.584 0.62 0.556
20 1.0 0.372 0.464 0.574 0.648 0.549 0.599 0.557
25 1.0 0.389 0.454 0.546 0.624 0.531 0.592 0.555
30 1.0 0.382 0.441 0.551 0.644 0.529 0.585 0.557
35 1.0 0.372 0.428 0.52 0.622 0.52 0.583 0.567
40 1.0 0.34 0.423 0.528 0.635 0.498 0.596 0.584
45 1.0 0.348 0.411 0.494 0.634 0.485 0.586 0.574
50 1.0 0.357 0.426 0.51 0.646 0.487 0.571 0.58
55 1.0 0.356 0.408 0.504 0.646 0.495 0.584 0.584
60 1.0 0.349 0.403 0.494 0.646 0.487 0.569 0.586
65 1.0 0.357 0.39 0.496 0.659 0.496 0.587 0.604
70 1.0 0.339 0.413 0.486 0.666 0.49 0.577 0.594
75 1.0 0.335 0.391 0.487 0.652 0.497 0.573 0.591
80 1.0 0.346 0.394 0.472 0.667 0.493 0.587 0.615
2024-09-29 21:27:06
geo_new OFF RCP GRD SAM1 STH COL1 CTH BAT
5 1.0 0.355 0.618 0.67 0.695 0.674 0.691 0.618
10 1.0 0.375 0.531 0.62 0.666 0.617 0.639 0.55
15 1.0 0.394 0.496 0.589 0.633 0.584 0.62 0.556
20 1.0 0.376 0.464 0.574 0.648 0.549 0.599 0.557
25 1.0 0.388 0.454 0.546 0.624 0.531 0.592 0.555
30 1.0 0.381 0.441 0.551 0.644 0.529 0.585 0.557
35 1.0 0.379 0.428 0.52 0.622 0.52 0.583 0.567
40 1.0 0.334 0.423 0.528 0.635 0.498 0.596 0.584
45 1.0 0.347 0.411 0.494 0.634 0.485 0.586 0.574
50 1.0 0.36 0.426 0.51 0.646 0.487 0.571 0.58
55 1.0 0.353 0.408 0.504 0.646 0.495 0.584 0.584
60 1.0 0.347 0.403 0.494 0.646 0.487 0.569 0.586
65 1.0 0.348 0.39 0.496 0.659 0.496 0.587 0.604
70 1.0 0.342 0.413 0.486 0.666 0.49 0.577 0.594
75 1.0 0.333 0.391 0.487 0.652 0.497 0.573 0.591
80 1.0 0.349 0.394 0.472 0.667 0.493 0.587 0.615
2024-09-29 21:47:54
geo_new OFF RCP GRD SAM1 STH COL1 CTH BAT
5 1.0 0.296 0.57 0.676 0.735 0.663 0.713 0.57
10 1.0 0.323 0.485 0.611 0.709 0.589 0.67 0.542
15 1.0 0.321 0.471 0.574 0.686 0.57 0.658 0.556
20 1.0 0.233 0.421 0.532 0.684 0.554 0.663 0.557
25 1.0 0.235 0.424 0.523 0.681 0.557 0.662 0.549
30 1.0 0.284 0.407 0.498 0.706 0.558 0.656 0.566
35 1.0 0.239 0.399 0.504 0.711 0.566 0.672 0.563
40 1.0 0.229 0.393 0.49 0.733 0.57 0.67 0.569
45 1.0 0.207 0.39 0.486 0.734 0.582 0.689 0.587
50 1.0 0.223 0.398 0.468 0.743 0.606 0.687 0.584
2024-09-29 22:04:19
geo_new OFF RCP GRD SAM1 STH COL1 CTH BAT
5 1.0 0.213 0.815 0.789 0.814 0.789 0.801 0.461
10 1.0 0.248 0.735 0.724 0.781 0.723 0.774 0.425
15 1.0 0.218 0.69 0.663 0.766 0.654 0.709 0.442
20 1.0 0.152 0.669 0.611 0.768 0.618 0.688 0.434
25 1.0 0.194 0.653 0.575 0.764 0.588 0.7 0.45
30 1.0 0.189 0.659 0.563 0.767 0.59 0.703 0.461
35 1.0 0.188 0.648 0.552 0.769 0.589 0.709 0.466
40 1.0 0.16 0.644 0.543 0.777 0.596 0.715 0.462
45 1.0 0.183 0.652 0.508 0.782 0.603 0.714 0.481
50 1.0 0.164 0.658 0.508 0.776 0.598 0.713 0.496
2024-09-29 22:36:16
geo_new OFF RCP GRD SAM1 STH COL1 CTH BAT
5 1.0 0.213 0.815 0.789 0.814 0.789 0.801 0.461
10 1.0 0.248 0.735 0.724 0.781 0.723 0.774 0.425
15 1.0 0.218 0.69 0.663 0.766 0.654 0.709 0.442
20 1.0 0.152 0.669 0.611 0.768 0.618 0.688 0.434
2024-09-29 22:40:32
geo_new OFF RCP GRD SAM1 STH COL1 CTH BAT
5 1.0 0.321 0.777 0.621 0.768 0.607 0.752 0.59
10 1.0 0.221 0.725 0.53 0.779 0.585 0.724 0.608
15 1.0 0.24 0.718 0.515 0.809 0.627 0.749 0.636
20 1.0 0.327 0.723 0.507 0.818 0.646 0.774 0.667
2024-09-29 23:43:46
geo_new OFF RCP GRD SAM1 STH COL1 CTH BAT
5 1.0 0.296 0.781 0.801 0.815 0.793 0.809 0.46
10 1.0 0.307 0.704 0.706 0.738 0.71 0.728 0.451
15 1.0 0.322 0.658 0.664 0.721 0.654 0.698 0.46
20 1.0 0.339 0.63 0.609 0.705 0.602 0.66 0.466
2024-09-30 10:00:13 tn 50 density 0.3
geo_new OFF RCP GRD SAM1 STH COL1 CTH BAT
5 1.0 0.301 0.781 0.801 0.815 0.793 0.809 0.46
10 1.0 0.3 0.704 0.706 0.738 0.71 0.728 0.451
15 1.0 0.327 0.658 0.664 0.721 0.654 0.698 0.46
20 1.0 0.342 0.63 0.609 0.705 0.602 0.66 0.466
2024-09-30 10:16:45
geo_new OFF RCP GRD SAM1 STH COL1 CTH BAT
5 1.0 0.301 0.781 0.801 0.815 0.793 0.809 0.46
10 1.0 0.3 0.704 0.706 0.738 0.71 0.728 0.451
15 1.0 0.327 0.658 0.664 0.721 0.654 0.698 0.46
20 1.0 0.342 0.63 0.609 0.705 0.602 0.66 0.466
25 1.0 0.331 0.606 0.603 0.699 0.583 0.633 0.486
30 1.0 0.337 0.609 0.585 0.669 0.557 0.626 0.488
35 1.0 0.307 0.592 0.545 0.654 0.528 0.606 0.49
40 1.0 0.332 0.6 0.525 0.653 0.52 0.606 0.502
45 1.0 0.324 0.584 0.539 0.671 0.519 0.604 0.512
50 1.0 0.292 0.579 0.515 0.659 0.505 0.601 0.531
2024-09-30 10:24:57
density=0.3 type_number=20 gamma=1 w_std=10
geo_new OFF RCP GRD SAM1 STH COL1 CTH BAT
5 1.0 0.213 0.815 0.789 0.814 0.789 0.801 0.461
10 1.0 0.271 0.735 0.724 0.781 0.723 0.774 0.425
15 1.0 0.218 0.69 0.663 0.766 0.654 0.709 0.442
20 1.0 0.157 0.669 0.611 0.768 0.618 0.688 0.434
25 1.0 0.187 0.653 0.575 0.764 0.588 0.7 0.45
30 1.0 0.19 0.659 0.563 0.767 0.59 0.703 0.461
35 1.0 0.187 0.648 0.552 0.769 0.589 0.709 0.466
40 1.0 0.16 0.644 0.543 0.777 0.596 0.715 0.462
45 1.0 0.183 0.652 0.508 0.782 0.603 0.714 0.481
50 1.0 0.166 0.658 0.508 0.776 0.598 0.713 0.496
2024-09-30 10:41:21
density=0.5 type_number=50 gamma=1 w_std=10
geo_new OFF RCP GRD SAM1 STH COL1 CTH BAT
5 1.0 0.324 0.693 0.726 0.754 0.724 0.739 0.498
10 1.0 0.342 0.605 0.674 0.716 0.669 0.697 0.491
15 1.0 0.329 0.584 0.621 0.667 0.602 0.64 0.495
20 1.0 0.336 0.567 0.576 0.664 0.562 0.628 0.503
25 1.0 0.347 0.533 0.564 0.659 0.547 0.609 0.533
30 1.0 0.332 0.535 0.558 0.661 0.529 0.614 0.525
35 1.0 0.318 0.515 0.54 0.659 0.517 0.594 0.535
40 1.0 0.354 0.508 0.516 0.651 0.482 0.551 0.545
45 1.0 0.348 0.502 0.52 0.691 0.524 0.588 0.567
50 1.0 0.364 0.496 0.512 0.675 0.502 0.579 0.569
2024-09-30 12:13:37
density=0.5 type_number=30 gamma=1 w_std=10
geo_new OFF RCP GRD SAM1 STH COL1 CTH BAT
5 1.0 0.311 0.717 0.747 0.775 0.748 0.773 0.479
10 1.0 0.332 0.624 0.658 0.726 0.664 0.715 0.468
15 1.0 0.313 0.587 0.622 0.704 0.607 0.676 0.473
20 1.0 0.336 0.569 0.59 0.708 0.562 0.638 0.491
25 1.0 0.347 0.568 0.572 0.739 0.542 0.664 0.506
30 1.0 0.292 0.545 0.549 0.727 0.526 0.67 0.503
35 1.0 0.291 0.537 0.543 0.744 0.533 0.674 0.528
40 1.0 0.319 0.526 0.522 0.75 0.525 0.67 0.524
45 1.0 0.302 0.535 0.51 0.738 0.525 0.663 0.534
50 1.0 0.301 0.517 0.501 0.752 0.546 0.684 0.523
2024-09-30 12:29:10
density=0.5 type_number=25 gamma=1 w_std=10
geo_new OFF RCP GRD SAM1 STH COL1 CTH BAT
5 1.0 0.282 0.743 0.763 0.801 0.767 0.795 0.499
10 1.0 0.268 0.654 0.696 0.761 0.7 0.747 0.462
15 1.0 0.218 0.613 0.676 0.73 0.671 0.712 0.466
20 1.0 0.228 0.577 0.617 0.692 0.606 0.687 0.463
25 1.0 0.209 0.574 0.606 0.72 0.577 0.657 0.484
30 1.0 0.181 0.545 0.562 0.694 0.567 0.631 0.481
35 1.0 0.211 0.553 0.556 0.718 0.563 0.614 0.49
40 1.0 0.223 0.545 0.542 0.717 0.585 0.651 0.493
45 1.0 0.223 0.551 0.507 0.698 0.566 0.636 0.507
50 1.0 0.218 0.53 0.515 0.724 0.532 0.598 0.496
2024-09-30 12:57:25
density=0.5 type_number=25 gamma=1 w_std=1
geo_new OFF RCP GRD SAM1 STH COL1 CTH BAT
5 1.0 0.282 0.743 0.763 0.801 0.767 0.795 0.499
10 1.0 0.268 0.654 0.696 0.761 0.7 0.747 0.462
15 1.0 0.218 0.613 0.676 0.73 0.671 0.712 0.466
20 1.0 0.228 0.577 0.617 0.692 0.606 0.687 0.463
25 1.0 0.209 0.574 0.606 0.72 0.577 0.657 0.484
30 1.0 0.181 0.545 0.562 0.694 0.567 0.631 0.481
35 1.0 0.211 0.553 0.556 0.718 0.563 0.614 0.49
40 1.0 0.223 0.545 0.542 0.717 0.585 0.651 0.493
45 1.0 0.223 0.551 0.507 0.698 0.566 0.636 0.507
50 1.0 0.218 0.53 0.515 0.724 0.532 0.598 0.496
2024-10-01 16:48:01
density=1 type_number=20 gamma=1 w_std=10
geo_new OFF GRD SAM1 COL1 BAT
5 1.0 0.562 0.668 0.655 0.562
10 1.0 0.481 0.622 0.6 0.533
15 1.0 0.449 0.575 0.55 0.54
20 1.0 0.425 0.54 0.548 0.538
25 1.0 0.414 0.528 0.559 0.55
30 1.0 0.413 0.515 0.555 0.561
2024-10-01 16:56:15
density=1 type_number=20 gamma=1 w_std=10
geo_new OFF GRD SAM1 COL1 BAT
2 1.0 0.705 0.754 0.751 0.705
4 1.0 0.585 0.709 0.705 0.585
6 1.0 0.546 0.678 0.67 0.55
8 1.0 0.513 0.644 0.624 0.525
10 1.0 0.481 0.622 0.6 0.533
12 1.0 0.471 0.602 0.586 0.532
14 1.0 0.469 0.562 0.562 0.558
16 1.0 0.461 0.561 0.554 0.541
18 1.0 0.444 0.561 0.551 0.551
20 1.0 0.425 0.54 0.548 0.538
2024-10-02 22:02:53
density=1 type_number=20 gamma=1 w_std=10
geo_new OFF RCP GRD BAT SAM1 COL1
2 1.0 0.306 0.697 0.697 0.772 0.768
4 1.0 0.305 0.595 0.595 0.72 0.717
6 1.0 0.296 0.546 0.552 0.66 0.657
8 1.0 0.309 0.526 0.541 0.624 0.609
10 1.0 0.331 0.481 0.529 0.626 0.606
12 1.0 0.316 0.478 0.537 0.592 0.576
14 1.0 0.328 0.474 0.54 0.56 0.562
16 1.0 0.338 0.453 0.546 0.555 0.568
18 1.0 0.247 0.446 0.542 0.547 0.561
20 1.0 0.239 0.432 0.554 0.549 0.558
2024-10-03 12:08:47
density=1 type_number=20 gamma=1 w_std=10
geo_new OFF RCP GRD BAT SAM1 COL1
2 1.0 0.298 0.697 0.697 0.772 0.768
4 1.0 0.305 0.595 0.595 0.72 0.717
6 1.0 0.291 0.546 0.552 0.66 0.657
8 1.0 0.307 0.526 0.541 0.624 0.609
10 1.0 0.319 0.481 0.529 0.626 0.606
12 1.0 0.309 0.478 0.537 0.592 0.576
14 1.0 0.329 0.474 0.54 0.56 0.562
16 1.0 0.311 0.453 0.546 0.555 0.568
18 1.0 0.248 0.446 0.542 0.547 0.561
20 1.0 0.24 0.432 0.554 0.549 0.558
2024-10-03 12:28:11
density=1 type_number=10 gamma=1 w_std=10
geo_new OFF RCP GRD BAT SAM1 COL1
2 1.0 0.3 0.774 0.774 0.713 0.708
4 1.0 0.233 0.69 0.69 0.668 0.653
6 1.0 0.222 0.654 0.654 0.612 0.56
8 1.0 0.248 0.613 0.62 0.587 0.53
10 1.0 0.215 0.596 0.628 0.565 0.54
12 1.0 0.21 0.573 0.623 0.544 0.534
14 1.0 0.191 0.562 0.634 0.532 0.542
16 1.0 0.192 0.562 0.627 0.506 0.557
18 1.0 0.2 0.539 0.621 0.5 0.56
20 1.0 0.215 0.542 0.63 0.503 0.562
2024-10-08 10:59:41
density=1 type_number=10 gamma=1 w_std=10
geo_new OFF RCP GRD BAT SAM1 COL1
2 1.0 0.301 0.774 0.774 0.713 0.708
4 1.0 0.233 0.69 0.69 0.668 0.653
6 1.0 0.204 0.654 0.654 0.612 0.56
8 1.0 0.241 0.613 0.62 0.587 0.53
10 1.0 0.22 0.596 0.628 0.565 0.54
12 1.0 0.21 0.573 0.623 0.544 0.534
14 1.0 0.209 0.562 0.634 0.532 0.542
16 1.0 0.192 0.562 0.627 0.506 0.557
18 1.0 0.2 0.539 0.621 0.5 0.56
20 1.0 0.215 0.542 0.63 0.503 0.562
2024-10-08 11:05:12
density=1 type_number=20 gamma=1 w_std=10
geo_new OFF RCP GRD BAT SAM1 STH COL1 CTH
2 1.0 0.31 0.698 0.698 0.776 0.805 0.778 0.792
4 1.0 0.283 0.599 0.599 0.693 0.737 0.698 0.716
6 1.0 0.298 0.561 0.561 0.652 0.743 0.646 0.681
8 1.0 0.311 0.522 0.543 0.632 0.716 0.621 0.682
10 1.0 0.336 0.485 0.542 0.611 0.709 0.589 0.67
12 1.0 0.313 0.475 0.541 0.589 0.701 0.572 0.664
14 1.0 0.322 0.447 0.534 0.568 0.703 0.558 0.653
16 1.0 0.322 0.452 0.547 0.557 0.678 0.566 0.66
18 1.0 0.243 0.45 0.554 0.536 0.68 0.546 0.665
20 1.0 0.232 0.421 0.557 0.532 0.684 0.554 0.663
2024-10-08 14:57:24
density=1 type_number=20 gamma=1 w_std=5
geo_new OFF RCP GRD BAT SAM1 STH COL1 CTH
2 1.0 0.31543 0.70247 0.70247 0.77483 0.8045 0.77625 0.79131
4 1.0 0.29578 0.60458 0.60458 0.69117 0.73516 0.69592 0.71398
6 1.0 0.29014 0.5665 0.5665 0.6503 0.74193 0.64446 0.6797
8 1.0 0.29731 0.52734 0.54495 0.63052 0.71482 0.61959 0.68078
10 1.0 0.33603 0.48996 0.54372 0.60893 0.70709 0.58676 0.66781
12 1.0 0.31398 0.48316 0.55155 0.58153 0.69957 0.56953 0.66099
14 1.0 0.33548 0.46869 0.54316 0.5646 0.71123 0.55703 0.65746
16 1.0 0.32213 0.45773 0.54864 0.55624 0.67643 0.56494 0.65854
18 1.0 0.31618 0.45502 0.55647 0.53453 0.67823 0.54462 0.66401
20 1.0 0.27603 0.42673 0.55905 0.53048 0.68279 0.55274 0.66154
2024-10-09 19:46:50
density=1 type_number=20 gamma=1 w_std=5
geo_new OFF RCP GRD BAT SAM1 STH COL1 CTH
10 1.0 0.32456 0.48996 0.54372 0.60893 0.70709 0.58676 0.66781
2024-10-09 20:44:39
density=1 type_number=20 gamma=1 w_std=5
geo_new OFF RCP GRD BAT SAM1 STH COL1 CTH
10 1.0 0.32456 0.48996 0.54372 0.60893 0.70709 0.58676 0.66781
2024-10-09 20:46:46
density=1 type_number=20 gamma=1 w_std=5
geo_new OFF RCP GRD BAT SAM1 STH COL1 CTH
10 1.0 0.32456 0.48996 0.54372 0.60893 0.70709 0.58676 0.66781
2024-10-09 20:56:56
density=1 type_number=20 gamma=1 w_std=5
geo_new OFF RCP GRD BAT SAM1 STH COL1 CTH
10 1.0 0.32456 0.48996 0.54372 0.60893 0.70709 0.58676 0.66781
2025-05-04 11:59:46
density=1 type_number=20 gamma=1 w_std=5
geo_new OFF RCP GRD BAT SAM1 STH COL1 CTH
10 1.0 0.31571 0.49647 0.51898 0.61306 0.68917 0.59516 0.65745
2025-05-04 12:01:47
density=1 type_number=20 gamma=1 w_std=5
geo_new OFF RCP GRD BAT SAM1 STH COL1 CTH
10 1.0 0.31164 0.49336 0.53806 0.59878 0.69193 0.57955 0.65997
2025-05-07 08:07:41
density=1 type_number=20 gamma=1 w_std=5
geo_new OFF STH
2 1.0 0.79643
4 1.0 0.74873
6 1.0 0.74423
8 1.0 0.723
10 1.0 0.70689
12 1.0 0.71811
14 1.0 0.71743
16 1.0 0.72106
18 1.0 0.72285
20 1.0 0.73233
2025-05-07 11:04:06
density=1 type_number=20 gamma=1 w_std=5
geo_new OFF SAM1
10 1.0 0.61936
2025-05-07 11:06:40
density=1 type_number=20 gamma=1 w_std=5
geo_new OFF SAM1
10 1.0 0.60807
2025-05-07 11:08:52
density=1 type_number=20 gamma=1 w_std=5
geo_new OFF SAM1
10 1.0 0.60653
2025-05-07 11:12:29
density=1 type_number=20 gamma=1 w_std=5
geo_new OFF SAM1
10 1.0 0.61407
2025-05-07 11:13:05
density=1 type_number=20 gamma=1 w_std=5
geo_new OFF SAM1
10 1.0 0.60653
2025-05-13 08:10:48
density=1 type_number=10 gamma=1 w_std=10
geo_new OFF SGAM STH SAMTH0
2 1.0 9273.78463 9351.0089 9299.08488
4 1.0 9921.30959 9949.70192 9867.61754
6 1.0 10594.68644 10653.74271 10383.11104
8 1.0 11337.36566 11348.81108 11090.6976
10 1.0 11633.57415 11639.44199 11386.60648
12 1.0 11919.48687 11981.7734 11933.37458
14 1.0 12152.11084 12149.16187 12190.69129
16 1.0 12602.63097 12630.4936 12510.24778
18 1.0 12746.77417 12732.78173 12586.3407
20 1.0 13192.73571 13177.41432 13080.65336
2025-05-13 09:58:23
density=1 type_number=10 gamma=1 w_std=10
geo_new OFF SGAM STH SAMTH0 CTH
20 1.0 13433.6 13264.082 13263.898 12105.01
30 1.0 14464.954 14364.998 14090.978 12889.235
2025-05-13 16:57:00
density=1 type_number=10 gamma=1 w_std=10
geo_new OFF SGAM STH SAMTH0 CTH
20 1.0 13155.936 13098.816 12770.522 11992.24
30 1.0 14075.176 13911.904 13876.468 12203.58
2025-05-13 18:15:04
density=1 type_number=10 gamma=1 w_std=10
geo_new OFF SGAM STH SAMTH0 CTH
20 1.0 0.778 0.776 0.757 0.696
30 1.0 0.787 0.779 0.782 0.716
2025-05-13 18:23:00
density=1 type_number=10 gamma=1 w_std=10
geo_new OFF SGAM STH SAMTH0 CTH
2 1.0 0.783 0.789 0.795 0.758
4 1.0 0.715 0.714 0.72 0.694
6 1.0 0.727 0.725 0.734 0.664
8 1.0 0.752 0.749 0.75 0.664
10 1.0 0.762 0.762 0.766 0.678
12 1.0 0.747 0.747 0.763 0.66
14 1.0 0.759 0.756 0.757 0.697
16 1.0 0.781 0.772 0.754 0.714
18 1.0 0.76 0.753 0.773 0.687
20 1.0 0.783 0.782 0.778 0.725
2025-05-14 00:45:15
density=1 type_number=10 gamma=1 w_std=10
geo_new OFF SGAM STH SAMTH0 CTH
2 1.0 0.779 0.78 0.782 0.762
4 1.0 0.723 0.725 0.723 0.705
6 1.0 0.743 0.744 0.73 0.663
8 1.0 0.744 0.745 0.729 0.669
10 1.0 0.763 0.764 0.764 0.672
12 1.0 0.751 0.746 0.744 0.651
14 1.0 0.75 0.74 0.74 0.662
16 1.0 0.763 0.759 0.742 0.686
18 1.0 0.781 0.776 0.78 0.701
20 1.0 0.763 0.758 0.738 0.695
2025-05-14 09:07:21
density=1 type_number=10 gamma=1 w_std=5
geo_new OFF SGAM STH CTH GRD
2 1.0 12163.543 12215.611 11823.392 12145.045
4 1.0 12821.995 12850.908 12443.719 12157.305
6 1.0 13913.425 13983.038 12223.908 12234.328
8 1.0 14345.553 14385.314 13028.888 12139.487
10 1.0 14926.597 14924.959 13036.864 12293.846
12 1.0 15828.771 15809.097 13969.882 12318.575
14 1.0 16464.759 16399.95 14706.739 12139.952
16 1.0 16310.735 16264.952 14735.592 12104.684
18 1.0 16479.263 16435.167 15049.545 12140.524
20 1.0 16864.246 16703.867 15600.348 12227.21
2025-05-14 09:18:12
density=1 type_number=10 gamma=1 w_std=5
geo_new OFF SGAM STH CTH GRD
2 1.0 12144.342 12078.551 11874.149 12119.882
4 1.0 12835.581 12788.062 12397.354 12176.452
6 1.0 13623.17 13562.702 12420.197 12207.844
8 1.0 14648.287 14677.786 13179.684 12254.386
10 1.0 15115.463 15082.285 13503.671 12241.416
12 1.0 15755.84 15638.381 14211.069 12276.855
14 1.0 16010.752 15853.152 14636.823 12238.339
16 1.0 16571.953 16325.75 15166.575 12155.165
18 1.0 16709.45 16592.424 15132.906 12088.389
20 1.0 17131.802 16950.12 15726.122 12124.189
2025-05-14 09:30:10
density=1 type_number=10 gamma=1 w_std=10
geo_new OFF SGAM STH CTH GRD
2 1.0 23125.298 22838.32 22303.264 23216.194
4 1.0 24785.354 24620.97 24116.893 23303.774
6 1.0 26693.075 26571.123 24482.773 23251.091
8 1.0 27880.921 27924.584 24989.527 23388.004
10 1.0 29268.262 29128.481 26111.381 23182.557
12 1.0 30507.198 30349.199 26896.679 23335.067
14 1.0 31586.376 31123.415 28554.084 23248.627
16 1.0 31783.447 31628.117 28249.604 23135.249
18 1.0 32945.764 32470.242 29991.929 23302.242
20 1.0 32922.943 32659.052 30650.947 23290.825
2025-05-22 15:05:47
density=1 type_number=20 gamma=1 w_std=5
geo_new OFF RCP GRD BAT SAM1 SAM+ COL1 COL+
2 1.0 0.283 0.722 0.736 0.743 0.814 0.751 0.803
4 1.0 0.288 0.598 0.612 0.704 0.738 0.707 0.717
6 1.0 0.31 0.559 0.564 0.653 0.737 0.651 0.692
8 1.0 0.318 0.504 0.534 0.618 0.706 0.592 0.668
10 1.0 0.322 0.473 0.51 0.649 0.694 0.635 0.657
12 1.0 0.313 0.465 0.531 0.589 0.701 0.569 0.657
14 1.0 0.311 0.462 0.529 0.584 0.711 0.553 0.656
16 1.0 0.293 0.448 0.531 0.561 0.735 0.573 0.672
18 1.0 0.283 0.455 0.539 0.538 0.712 0.564 0.662
20 1.0 0.28 0.442 0.537 0.552 0.728 0.56 0.675
2025-05-24 10:06:04
density=1 type_number=10 gamma=1 w_std=5
geo_new OFF RCP GRD BAT SAM1 SAM+ COL1 COL+
2 1.0 0.321 0.784 0.798 0.72 0.796 0.714 0.765
4 1.0 0.278 0.704 0.716 0.675 0.737 0.664 0.724
6 1.0 0.25 0.653 0.65 0.61 0.729 0.579 0.644
8 1.0 0.237 0.605 0.608 0.586 0.741 0.55 0.655
10 1.0 0.219 0.617 0.621 0.544 0.76 0.548 0.666
12 1.0 0.203 0.587 0.601 0.529 0.773 0.55 0.69
14 1.0 0.199 0.585 0.621 0.537 0.767 0.564 0.69
16 1.0 0.173 0.566 0.582 0.529 0.763 0.546 0.7
18 1.0 0.285 0.577 0.605 0.511 0.764 0.516 0.685
20 1.0 0.214 0.549 0.604 0.511 0.778 0.556 0.707
2025-05-24 10:39:08
density=1 type_number=20 gamma=1 w_std=5
geo_new OFF RCP GRD BAT SAM1 SAM+ COL1 COL+
2 1.0 0.319 0.719 0.713 0.759 0.798 0.75 0.786
4 1.0 0.277 0.599 0.599 0.701 0.737 0.698 0.719
6 1.0 0.31 0.555 0.557 0.644 0.741 0.64 0.681
8 1.0 0.312 0.515 0.531 0.628 0.709 0.621 0.677
10 1.0 0.333 0.505 0.522 0.617 0.693 0.606 0.658
12 1.0 0.307 0.481 0.536 0.596 0.713 0.561 0.668
14 1.0 0.326 0.494 0.525 0.59 0.698 0.568 0.651
16 1.0 0.334 0.472 0.554 0.56 0.733 0.557 0.686
18 1.0 0.298 0.448 0.532 0.552 0.714 0.562 0.669
20 1.0 0.282 0.434 0.551 0.523 0.729 0.564 0.675
