2024-10-05 11:56:13
density=1 type_number=10 gamma=1 w_std=10
geo_new OFF RCP GRD HG BAT SAM1 STH COL1 CTH
2 1.0 0.134 0.779 0.688 0.734 0.729 0.741 0.73 0.738
4 1.0 0.196 0.683 0.613 0.645 0.65 0.666 0.654 0.658
6 1.0 0.219 0.665 0.567 0.611 0.616 0.635 0.62 0.631
8 1.0 0.251 0.635 0.567 0.592 0.612 0.629 0.607 0.622
10 1.0 0.257 0.619 0.531 0.594 0.577 0.596 0.565 0.587
12 1.0 0.273 0.606 0.516 0.6 0.557 0.588 0.563 0.579
14 1.0 0.283 0.596 0.507 0.603 0.544 0.563 0.535 0.554
16 1.0 0.29 0.581 0.499 0.618 0.549 0.578 0.546 0.561
18 1.0 0.308 0.575 0.494 0.611 0.539 0.562 0.529 0.549
20 1.0 0.319 0.567 0.503 0.621 0.542 0.571 0.521 0.559
2024-10-07 11:14:45
density=1 type_number=10 gamma=1 w_std=10
geo_new OFF GRD HG BAT SAM1 STH COL1 CTH
5 1.0 0.671 0.596 0.613 0.635 0.643 0.629 0.64
10 1.0 0.622 0.538 0.596 0.572 0.598 0.576 0.593
15 1.0 0.588 0.488 0.61 0.546 0.574 0.545 0.559
20 1.0 0.554 0.478 0.618 0.526 0.558 0.528 0.548
