rmin OFF RCP GRD SAM1 STH COL1 CTH BAT
0 1.0 0.209 0.574 0.606 0.72 0.577 0.657 0.484
0.1 1.0 0.257 0.551 0.596 0.699 0.578 0.662 0.469
0.2 1.0 0.227 0.56 0.611 0.703 0.585 0.692 0.493
0.3 1.0 0.253 0.572 0.603 0.689 0.582 0.677 0.468
0.4 1.0 0.239 0.567 0.609 0.715 0.582 0.68 0.483
0.5 1.0 0.264 0.581 0.6 0.696 0.581 0.66 0.486
0.6 1.0 0.239 0.572 0.601 0.676 0.594 0.656 0.482
0.7 1.0 0.264 0.566 0.599 0.691 0.578 0.649 0.484
0.8 1.0 0.256 0.568 0.599 0.686 0.58 0.633 0.483
0.9 1.0 0.274 0.562 0.587 0.69 0.565 0.647 0.487