2024-10-04 15:01:12
density=1 type_number=10 gamma=1 w_std=10
geo_new OFF GRD SAM1 STH COL1 CTH HG
2 1.0 0.928 0.64 0.669 0.639 0.665 0.878
4 1.0 0.876 0.585 0.622 0.583 0.6 0.841
6 1.0 0.855 0.557 0.638 0.551 0.587 0.812
8 1.0 0.845 0.538 0.62 0.53 0.585 0.8
10 1.0 0.829 0.525 0.634 0.511 0.583 0.787
12 1.0 0.826 0.518 0.614 0.504 0.573 0.787
14 1.0 0.82 0.52 0.625 0.509 0.599 0.777
16 1.0 0.806 0.514 0.629 0.524 0.59 0.776
18 1.0 0.799 0.505 0.643 0.501 0.617 0.773
20 1.0 0.801 0.489 0.657 0.499 0.614 0.765
2024-10-04 15:13:43
density=1 type_number=10 gamma=1 w_std=10
geo_new OFF GRD SAM1 STH COL1 CTH HG
2 1.0 0.928 0.64 0.669 0.639 0.665 0.878
4 1.0 0.876 0.585 0.622 0.583 0.6 0.841
6 1.0 0.855 0.557 0.638 0.551 0.587 0.812
8 1.0 0.845 0.538 0.62 0.53 0.585 0.8
10 1.0 0.829 0.525 0.634 0.511 0.583 0.787
12 1.0 0.826 0.518 0.614 0.504 0.573 0.787
14 1.0 0.82 0.52 0.625 0.509 0.599 0.777
16 1.0 0.806 0.514 0.629 0.524 0.59 0.776
18 1.0 0.799 0.505 0.643 0.501 0.617 0.773
20 1.0 0.801 0.489 0.657 0.499 0.614 0.765
