geometric OFF RCP GRD SAM1 STH COL1 CTH BAT
5 1.0 0.357 0.618 0.67 0.695 0.674 0.691 0.618
10 1.0 0.377 0.531 0.62 0.666 0.617 0.639 0.55
15 1.0 0.394 0.496 0.589 0.633 0.584 0.62 0.556
20 1.0 0.372 0.464 0.574 0.648 0.549 0.599 0.557
25 1.0 0.389 0.454 0.546 0.624 0.531 0.592 0.555
30 1.0 0.382 0.441 0.551 0.644 0.529 0.585 0.557
35 1.0 0.372 0.428 0.52 0.622 0.52 0.583 0.567
40 1.0 0.34 0.423 0.528 0.635 0.498 0.596 0.584
45 1.0 0.348 0.411 0.494 0.634 0.485 0.586 0.574
50 1.0 0.357 0.426 0.51 0.646 0.487 0.571 0.58
55 1.0 0.356 0.408 0.504 0.646 0.495 0.584 0.584
60 1.0 0.349 0.403 0.494 0.646 0.487 0.569 0.586
65 1.0 0.357 0.39 0.496 0.659 0.496 0.587 0.604
70 1.0 0.339 0.413 0.486 0.666 0.49 0.577 0.594
75 1.0 0.335 0.391 0.487 0.652 0.497 0.573 0.591
80 1.0 0.346 0.394 0.472 0.667 0.493 0.587 0.615