2025-05-06 20:01:21
density=1 type_number=20 gamma=1 w_std=0.5 r_min=0
kRCP OFF RCP
0.05 1.0 0.35159
0.1 1.0 0.33528
0.15 1.0 0.35181
0.2 1.0 0.34973
0.25 1.0 0.35311
0.3 1.0 0.35991
0.35 1.0 0.33865
0.4 1.0 0.34166
0.45 1.0 0.34773
0.5 1.0 0.34363
0.55 1.0 0.34973
0.6 1.0 0.35468
0.65 1.0 0.34319
0.7 1.0 0.3425
0.75 1.0 0.35169
0.8 1.0 0.34247
0.85 1.0 0.34867
0.9 1.0 0.34358
0.95 1.0 0.35392
1 1.0 0.33922
2025-05-06 20:02:21
density=1 type_number=20 gamma=1 w_std=1 r_min=0
kRCP OFF RCP
0.05 1.0 0.32262
0.1 1.0 0.31899
0.15 1.0 0.32368
0.2 1.0 0.31798
0.25 1.0 0.32591
0.3 1.0 0.32357
0.35 1.0 0.32202
0.4 1.0 0.3434
0.45 1.0 0.31774
0.5 1.0 0.32944
0.55 1.0 0.33077
0.6 1.0 0.33448
0.65 1.0 0.33317
0.7 1.0 0.33022
0.75 1.0 0.32399
0.8 1.0 0.32406
0.85 1.0 0.32681
0.9 1.0 0.31463
0.95 1.0 0.32139
1 1.0 0.32179
2025-05-06 20:03:20
density=1 type_number=20 gamma=1 w_std=5 r_min=0
kRCP OFF RCP
0.05 1.0 0.31272
0.1 1.0 0.30923
0.15 1.0 0.328
0.2 1.0 0.32188
0.25 1.0 0.3194
0.3 1.0 0.31526
0.35 1.0 0.30869
0.4 1.0 0.3124
0.45 1.0 0.3181
0.5 1.0 0.32138
0.55 1.0 0.31536
0.6 1.0 0.30976
0.65 1.0 0.30606
0.7 1.0 0.30494
0.75 1.0 0.30489
0.8 1.0 0.31583
0.85 1.0 0.32472
0.9 1.0 0.33487
0.95 1.0 0.32122
1 1.0 0.32405
2025-05-06 20:04:19
density=1 type_number=20 gamma=1 w_std=10 r_min=0
kRCP OFF RCP
0.05 1.0 0.31805
0.1 1.0 0.32088
0.15 1.0 0.31064
0.2 1.0 0.30113
0.25 1.0 0.30882
0.3 1.0 0.33376
0.35 1.0 0.31316
0.4 1.0 0.3265
0.45 1.0 0.33065
0.5 1.0 0.31688
0.55 1.0 0.32971
0.6 1.0 0.31181
0.65 1.0 0.31925
0.7 1.0 0.30908
0.75 1.0 0.30308
0.8 1.0 0.30263
0.85 1.0 0.33468
0.9 1.0 0.32095
0.95 1.0 0.32371
1 1.0 0.318
