2025-05-06 16:41:46
density=1 type_number=20 gamma=1 w_std=5 r_min=0
kRCP OFF RCP
0.1 1.0 0.31527
0.25 1.0 0.31192
0.5 1.0 0.31311
2025-05-06 16:44:37
density=1 type_number=20 gamma=1 w_std=5 r_min=0
kRCP OFF RCP
0.1 1.0 0.29476
0.25 1.0 0.32309
0.5 1.0 0.30576
2025-05-06 16:47:41
density=1 type_number=20 gamma=1 w_std=5 r_min=0
kRCP OFF RCP
0.05 1.0 0.3055
0.1 1.0 0.31206
0.15 1.0 0.31028
0.2 1.0 0.29518
0.25 1.0 0.3169
0.3 1.0 0.30207
0.35 1.0 0.30908
0.4 1.0 0.31821
0.45 1.0 0.30616
0.5 1.0 0.30972
0.55 1.0 0.2857
0.6 1.0 0.31377
0.65 1.0 0.31035
0.7 1.0 0.31664
0.75 1.0 0.31098
0.8 1.0 0.30918
0.85 1.0 0.31108
0.9 1.0 0.30446
0.95 1.0 0.31943
1 1.0 0.31129
2025-05-06 19:56:36
density=1 type_number=20 gamma=1 w_std=0.5 r_min=0
kRCP OFF RCP
0.05 1.0 0.3675
0.1 1.0 0.35442
0.15 1.0 0.36037
0.2 1.0 0.36551
0.25 1.0 0.37294
0.3 1.0 0.36619
0.35 1.0 0.35106
0.4 1.0 0.35647
0.45 1.0 0.3595
0.5 1.0 0.35736
0.55 1.0 0.34932
0.6 1.0 0.36463
0.65 1.0 0.36122
0.7 1.0 0.36718
0.75 1.0 0.36313
0.8 1.0 0.36163
0.85 1.0 0.36006
0.9 1.0 0.36173
0.95 1.0 0.35337
1 1.0 0.35737
2025-05-06 19:57:51
density=1 type_number=20 gamma=1 w_std=1 r_min=0
kRCP OFF RCP
0.05 1.0 0.34641
0.1 1.0 0.3421
0.15 1.0 0.32912
0.2 1.0 0.33546
0.25 1.0 0.33337
0.3 1.0 0.33736
0.35 1.0 0.33126
0.4 1.0 0.32652
0.45 1.0 0.33736
0.5 1.0 0.34391
0.55 1.0 0.33322
0.6 1.0 0.34398
0.65 1.0 0.34458
0.7 1.0 0.3322
0.75 1.0 0.34117
0.8 1.0 0.33744
0.85 1.0 0.33652
0.9 1.0 0.33278
0.95 1.0 0.32964
1 1.0 0.33573
2025-05-06 19:59:07
density=1 type_number=20 gamma=1 w_std=5 r_min=0
kRCP OFF RCP
0.05 1.0 0.31719
0.1 1.0 0.31013
0.15 1.0 0.31713
0.2 1.0 0.29922
0.25 1.0 0.30728
0.3 1.0 0.3195
0.35 1.0 0.29725
0.4 1.0 0.31418
0.45 1.0 0.30795
0.5 1.0 0.3093
0.55 1.0 0.30025
0.6 1.0 0.3089
0.65 1.0 0.30348
0.7 1.0 0.29768
0.75 1.0 0.30617
0.8 1.0 0.29134
0.85 1.0 0.31032
0.9 1.0 0.31083
0.95 1.0 0.30102
1 1.0 0.30393
2025-05-06 20:00:22
density=1 type_number=20 gamma=1 w_std=10 r_min=0
kRCP OFF RCP
0.05 1.0 0.31163
0.1 1.0 0.30192
0.15 1.0 0.31563
0.2 1.0 0.28842
0.25 1.0 0.29624
0.3 1.0 0.29815
0.35 1.0 0.30363
0.4 1.0 0.29611
0.45 1.0 0.29288
0.5 1.0 0.29249
0.55 1.0 0.31117
0.6 1.0 0.29529
0.65 1.0 0.3009
0.7 1.0 0.28951
0.75 1.0 0.2917
0.8 1.0 0.31654
0.85 1.0 0.30474
0.9 1.0 0.32425
0.95 1.0 0.3025
1 1.0 0.2996
