2025-05-06 20:05:35
density=1 type_number=20 gamma=1 w_std=0.5 r_min=0
kRCP OFF RCP
0.05 1.0 0.39842
0.1 1.0 0.40541
0.15 1.0 0.39462
0.2 1.0 0.40056
0.25 1.0 0.41122
0.3 1.0 0.38214
0.35 1.0 0.38217
0.4 1.0 0.37452
0.45 1.0 0.38596
0.5 1.0 0.37022
0.55 1.0 0.40672
0.6 1.0 0.3927
0.65 1.0 0.38745
0.7 1.0 0.40927
0.75 1.0 0.3875
0.8 1.0 0.39151
0.85 1.0 0.3794
0.9 1.0 0.38534
0.95 1.0 0.37178
1 1.0 0.38489
2025-05-06 20:06:51
density=1 type_number=20 gamma=1 w_std=1 r_min=0
kRCP OFF RCP
0.05 1.0 0.36999
0.1 1.0 0.36523
0.15 1.0 0.34066
0.2 1.0 0.34559
0.25 1.0 0.35888
0.3 1.0 0.3572
0.35 1.0 0.35307
0.4 1.0 0.37576
0.45 1.0 0.34974
0.5 1.0 0.34325
0.55 1.0 0.34857
0.6 1.0 0.35817
0.65 1.0 0.35098
0.7 1.0 0.33701
0.75 1.0 0.33136
0.8 1.0 0.34919
0.85 1.0 0.36774
0.9 1.0 0.35996
0.95 1.0 0.34417
1 1.0 0.35392
2025-05-06 20:08:07
density=1 type_number=20 gamma=1 w_std=5 r_min=0
kRCP OFF RCP
0.05 1.0 0.31943
0.1 1.0 0.31915
0.15 1.0 0.31405
0.2 1.0 0.34121
0.25 1.0 0.32514
0.3 1.0 0.31444
0.35 1.0 0.32736
0.4 1.0 0.32368
0.45 1.0 0.34575
0.5 1.0 0.30748
0.55 1.0 0.32612
0.6 1.0 0.31839
0.65 1.0 0.3352
0.7 1.0 0.33923
0.75 1.0 0.29025
0.8 1.0 0.32108
0.85 1.0 0.33092
0.9 1.0 0.32025
0.95 1.0 0.31606
1 1.0 0.34453
2025-05-06 20:09:24
density=1 type_number=20 gamma=1 w_std=10 r_min=0
kRCP OFF RCP
0.05 1.0 0.2907
0.1 1.0 0.30774
0.15 1.0 0.32537
0.2 1.0 0.30888
0.25 1.0 0.2979
0.3 1.0 0.3207
0.35 1.0 0.3337
0.4 1.0 0.29513
0.45 1.0 0.34623
0.5 1.0 0.31555
0.55 1.0 0.32063
0.6 1.0 0.34084
0.65 1.0 0.33281
0.7 1.0 0.30552
0.75 1.0 0.30138
0.8 1.0 0.31126
0.85 1.0 0.31882
0.9 1.0 0.30366
0.95 1.0 0.30757
1 1.0 0.30842
