rmin OFF RCP GRD SAM1 STH COL1 CTH BAT
0 1.0 0.212 0.554 0.637 0.755 0.619 0.697 0.543
0.1 1.0 0.217 0.555 0.654 0.74 0.641 0.719 0.565
0.2 1.0 0.228 0.559 0.654 0.728 0.618 0.723 0.556
0.3 1.0 0.245 0.552 0.639 0.745 0.619 0.714 0.561
0.4 1.0 0.244 0.561 0.627 0.714 0.61 0.691 0.562
0.5 1.0 0.225 0.584 0.624 0.705 0.604 0.675 0.56
0.6 1.0 0.252 0.555 0.612 0.716 0.599 0.692 0.562
0.7 1.0 0.249 0.567 0.631 0.718 0.614 0.676 0.57
0.8 1.0 0.236 0.556 0.638 0.736 0.632 0.701 0.566
0.9 1.0 0.293 0.583 0.637 0.725 0.612 0.704 0.562