poisson OFF RCP GRD SAM1 STH COL1 CTH BAT
5 1.0 0.276 0.743 0.787 0.821 0.781 0.813 0.438
10 1.0 0.271 0.663 0.696 0.751 0.692 0.717 0.492
15 1.0 0.23 0.589 0.686 0.746 0.674 0.729 0.511
20 1.0 0.191 0.576 0.668 0.748 0.639 0.736 0.535
25 1.0 0.207 0.554 0.637 0.755 0.619 0.697 0.543
30 1.0 0.187 0.545 0.612 0.77 0.619 0.69 0.559
35 1.0 0.194 0.529 0.595 0.779 0.634 0.687 0.575
40 1.0 0.22 0.53 0.59 0.78 0.622 0.711 0.595
45 1.0 0.258 0.521 0.589 0.767 0.636 0.712 0.593
50 1.0 0.273 0.521 0.589 0.795 0.661 0.737 0.598