poisson OFF RCP GRD SAM1 STH0.5 COL1 CTH0.5 BAT
5 1.0 0.336 0.589 0.694 0.702 0.695 0.698 0.542
10 1.0 0.375 0.493 0.645 0.657 0.642 0.654 0.565
15 1.0 0.39 0.466 0.612 0.64 0.618 0.631 0.589
20 1.0 0.395 0.423 0.605 0.632 0.591 0.63 0.611
25 1.0 0.405 0.417 0.595 0.609 0.576 0.602 0.628
30 1.0 0.432 0.415 0.575 0.607 0.563 0.579 0.651
35 1.0 0.412 0.414 0.559 0.62 0.555 0.59 0.648
40 1.0 0.406 0.403 0.551 0.604 0.536 0.584 0.661
45 1.0 0.383 0.405 0.556 0.596 0.541 0.589 0.667
50 1.0 0.397 0.388 0.555 0.618 0.557 0.591 0.675
55 1.0 0.398 0.392 0.546 0.592 0.54 0.575 0.68
60 1.0 0.405 0.391 0.548 0.572 0.549 0.587 0.689
65 1.0 0.404 0.389 0.528 0.58 0.543 0.592 0.688
70 1.0 0.417 0.383 0.56 0.592 0.563 0.604 0.698
75 1.0 0.414 0.393 0.534 0.561 0.542 0.589 0.688
80 1.0 0.43 0.385 0.555 0.581 0.57 0.624 0.704