poisson OFF RCP GRD SAM1 SAM4 SAMC1 SAMC4 BAT BAT_G
10 1.0 0.344 0.664 0.685 0.712 0.667 0.69 0.573 0.567
20 1.0 0.389 0.621 0.603 0.671 0.586 0.631 0.654 0.647
30 1.0 0.403 0.593 0.566 0.693 0.56 0.633 0.68 0.668
40 1.0 0.373 0.578 0.57 0.728 0.562 0.638 0.717 0.713
50 1.0 0.408 0.559 0.554 0.744 0.566 0.646 0.728 0.721
60 1.0 0.368 0.539 0.539 0.748 0.544 0.655 0.743 0.736
70 1.0 0.42 0.54 0.532 0.785 0.552 0.67 0.757 0.753
80 1.0 0.388 0.536 0.534 0.801 0.557 0.673 0.765 0.763
90 1.0 0.373 0.543 0.517 0.795 0.557 0.669 0.762 0.755
100 1.0 0.358 0.551 0.534 0.802 0.579 0.699 0.767 0.766