poisson OFF GRD HG BAT RCP SAM1 STH COL1 CTH
2 1.0 0.747 0.492 0.466 0.251 0.79 0.801 0.785 0.801
4 1.0 0.708 0.436 0.544 0.254 0.733 0.771 0.725 0.747
6 1.0 0.645 0.403 0.563 0.246 0.727 0.76 0.735 0.751
8 1.0 0.622 0.353 0.591 0.212 0.712 0.763 0.706 0.761
10 1.0 0.59 0.336 0.584 0.246 0.689 0.79 0.693 0.791
12 1.0 0.584 0.366 0.568 0.262 0.65 0.777 0.648 0.772
14 1.0 0.568 0.322 0.569 0.233 0.65 0.814 0.646 0.807
16 1.0 0.576 0.308 0.551 0.152 0.63 0.811 0.62 0.797
18 1.0 0.548 0.307 0.535 0.232 0.631 0.822 0.65 0.815
20 1.0 0.523 0.311 0.512 0.198 0.614 0.828 0.649 0.828