poisson OFF RCP GRD BAT SAM1 STH COL1 CTH
2 1.0 0.26868 0.69793 0.53633 0.76188 0.77652 0.75804 0.7697
4 1.0 0.27305 0.57844 0.52864 0.72076 0.75642 0.71106 0.74209
6 1.0 0.30465 0.53008 0.54628 0.68353 0.74883 0.67846 0.71426
8 1.0 0.32166 0.48783 0.54207 0.68282 0.76383 0.66802 0.72097
10 1.0 0.30942 0.46506 0.57526 0.6443 0.74839 0.63137 0.72353
12 1.0 0.30214 0.45277 0.58699 0.62819 0.76118 0.62176 0.72287
14 1.0 0.34356 0.44926 0.59986 0.59562 0.73113 0.58855 0.7058
16 1.0 0.34107 0.42935 0.59472 0.60282 0.73235 0.6146 0.7129
18 1.0 0.25211 0.42569 0.61482 0.60533 0.7515 0.6363 0.74289
20 1.0 0.27358 0.41081 0.61773 0.59714 0.75164 0.62017 0.74777