poisson OFF RCP GRD SAM1 SAMC1 BAT HG
5 1.0 0.176 0.318 0.863 0.877 0.451 0.281
10 1.0 0.21 0.207 0.765 0.755 0.378 0.203
15 1.0 0.225 0.221 0.699 0.712 0.353 0.202
20 1.0 0.267 0.181 0.679 0.684 0.342 0.159
25 1.0 0.261 0.155 0.708 0.7 0.306 0.143
30 1.0 0.254 0.145 0.682 0.679 0.295 0.14
35 1.0 0.278 0.152 0.661 0.665 0.276 0.156
40 1.0 0.278 0.148 0.656 0.654 0.283 0.157
45 1.0 0.275 0.168 0.643 0.632 0.267 0.162
50 1.0 0.304 0.148 0.627 0.638 0.256 0.162
55 1.0 0.291 0.156 0.631 0.615 0.27 0.169
60 1.0 0.302 0.155 0.596 0.61 0.264 0.173
65 1.0 0.323 0.152 0.6 0.604 0.263 0.163
70 1.0 0.306 0.145 0.624 0.623 0.255 0.166