poisson OFF RCP GRD SAM1 SAMC1 BAT HG
5 1.0 0.018 0.232 0.93 0.931 0.372 0.249
10 1.0 0.071 0.18 0.856 0.859 0.368 0.173
15 1.0 0.098 0.141 0.796 0.795 0.302 0.113
20 1.0 0.148 0.125 0.75 0.75 0.272 0.132
25 1.0 0.178 0.135 0.73 0.723 0.25 0.132
30 1.0 0.208 0.139 0.669 0.671 0.252 0.108
35 1.0 0.216 0.132 0.655 0.645 0.218 0.125
40 1.0 0.238 0.135 0.666 0.666 0.218 0.119
45 1.0 0.259 0.13 0.655 0.663 0.2 0.096
50 1.0 0.287 0.141 0.632 0.632 0.183 0.1
55 1.0 0.297 0.137 0.641 0.639 0.17 0.086
60 1.0 0.287 0.141 0.63 0.615 0.173 0.098
65 1.0 0.271 0.145 0.633 0.631 0.194 0.097
70 1.0 0.31 0.141 0.633 0.638 0.173 0.123
