2024-06-03 21:12:38
poisson OFF HG
10 1.0 0.145
20 1.0 0.072
30 1.0 0.057
40 1.0 0.063
50 1.0 0.054
2024-06-03 22:54:46
poisson OFF GRD SAM1 COL1 BATCH
10 1.0 0.146 0.968 0.971 0.385
20 1.0 0.075 0.931 0.933 0.415
30 1.0 0.068 0.872 0.868 0.421
40 1.0 0.058 0.844 0.837 0.452
50 1.0 0.057 0.799 0.799 0.458
2024-06-03 23:28:17
poisson OFF HG
10 1.0 0.132
20 1.0 0.086
30 1.0 0.065
40 1.0 0.065
50 1.0 0.057
2024-06-03 23:36:37
poisson OFF RCP GRD SAM1 COL1 BATCH HG
10 1.0 0.053 0.095 0.947 0.947 0.356 0.132
20 1.0 0.134 0.097 0.956 0.953 0.393 0.117
30 1.0 0.142 0.078 0.875 0.88 0.404 0.056
40 1.0 0.177 0.058 0.834 0.821 0.461 0.082
50 1.0 0.208 0.061 0.793 0.813 0.442 0.071
