2024-06-04 07:12:21
poisson OFF RCP GRD SAM1 COL1 BATCH HG
10 1.0 0.019 0.2 0.828 0.832 0.469 0.232
20 1.0 0.071 0.159 0.739 0.749 0.488 0.17
30 1.0 0.109 0.137 0.593 0.606 0.537 0.138
40 1.0 0.131 0.143 0.637 0.651 0.542 0.153
50 1.0 0.167 0.153 0.61 0.586 0.59 0.139
2024-06-04 23:45:52
poisson OFF RCP GRD SAM1 COL1 BATCH HG
10 1.0 0.034 0.15 0.861 0.867 0.399 0.163
20 1.0 0.076 0.103 0.775 0.776 0.471 0.095
30 1.0 0.114 0.099 0.731 0.732 0.508 0.109
40 1.0 0.146 0.094 0.67 0.667 0.545 0.104
50 1.0 0.18 0.1 0.667 0.662 0.554 0.104
2024-06-05 18:24:20
poisson OFF RCP GRD SAM1 COL1 BATCH HG
2 1.0 0.0 0.374 0.959 0.959 0.386 0.38
4 1.0 0.004 0.229 0.92 0.916 0.415 0.338
6 1.0 0.003 0.25 0.935 0.935 0.416 0.218
8 1.0 0.058 0.193 0.873 0.871 0.382 0.17
10 1.0 0.048 0.167 0.877 0.867 0.469 0.142
12 1.0 0.03 0.108 0.834 0.814 0.373 0.164
14 1.0 0.037 0.133 0.807 0.808 0.427 0.166
16 1.0 0.074 0.135 0.843 0.835 0.438 0.159
18 1.0 0.057 0.137 0.786 0.797 0.479 0.105
20 1.0 0.085 0.138 0.751 0.759 0.491 0.12
