2024-10-07 21:30:17
density=1 type_number=10 gamma=1 w_std=10
poisson OFF GRD HG BAT SAM1 STH COL1 CTH GRD2
2 1.0 0.888 0.433 0.433 0.888 0.893 0.887 0.894 0.0
4 1.0 0.785 0.289 0.458 0.832 0.842 0.857 0.867 0.0
6 1.0 0.748 0.257 0.488 0.823 0.843 0.823 0.836 0.0
8 1.0 0.723 0.202 0.488 0.787 0.842 0.791 0.847 0.0
10 1.0 0.681 0.18 0.46 0.751 0.843 0.722 0.839 0.0
12 1.0 0.684 0.186 0.442 0.707 0.845 0.695 0.845 0.0
14 1.0 0.669 0.177 0.433 0.696 0.878 0.707 0.873 0.0
16 1.0 0.66 0.182 0.417 0.695 0.868 0.697 0.862 0.0
18 1.0 0.624 0.175 0.384 0.653 0.872 0.671 0.867 0.0
20 1.0 0.65 0.181 0.369 0.666 0.885 0.687 0.875 0.0
2024-10-07 23:35:41
density=1 type_number=10 gamma=1 w_std=10
poisson OFF GRD HG BAT RCP SAM1 STH COL1 CTH
2 1.0 0.838 0.387 0.445 0.099 0.836 0.84 0.851 0.852
4 1.0 0.782 0.303 0.454 0.049 0.821 0.828 0.822 0.834
6 1.0 0.727 0.256 0.479 0.127 0.819 0.839 0.829 0.836
8 1.0 0.727 0.229 0.467 0.155 0.78 0.832 0.778 0.832
10 1.0 0.713 0.195 0.487 0.178 0.75 0.845 0.739 0.843
12 1.0 0.673 0.202 0.465 0.136 0.709 0.848 0.702 0.858
14 1.0 0.697 0.199 0.453 0.142 0.721 0.881 0.698 0.876
16 1.0 0.643 0.172 0.383 0.085 0.669 0.877 0.681 0.875
18 1.0 0.66 0.181 0.384 0.132 0.667 0.878 0.666 0.876
20 1.0 0.644 0.161 0.395 0.158 0.647 0.906 0.684 0.9
