2024-07-01 23:51:35
poisson OFF RCP GRD SAM1 SAMC1 BAT
5 1.0 0.268 0.29 0.967 0.962 0.38
10 1.0 0.332 0.212 0.857 0.857 0.427
15 1.0 0.346 0.178 0.771 0.761 0.448
20 1.0 0.364 0.163 0.709 0.701 0.464
25 1.0 0.377 0.151 0.685 0.67 0.491
30 1.0 0.409 0.139 0.655 0.632 0.5
35 1.0 0.406 0.133 0.632 0.614 0.514
40 1.0 0.417 0.13 0.611 0.597 0.523
2024-08-27 23:26:37
poisson OFF RCP GRD SAM1 SAMC1 BAT
40 1.0 0.397 0.133 0.626 0.619 0.554
45 1.0 0.376 0.133 0.654 0.629 0.577
50 1.0 0.411 0.128 0.614 0.61 0.584
55 1.0 0.381 0.132 0.627 0.59 0.585
60 1.0 0.407 0.148 0.625 0.6 0.61
65 1.0 0.399 0.159 0.591 0.595 0.618
70 1.0 0.406 0.145 0.593 0.589 0.631
2024-08-28 10:30:08
poisson OFF RCP GRD SAM1 SAMC1 BAT
75 1.0 0.429 0.143 0.592 0.589 0.623
80 1.0 0.4 0.142 0.595 0.618 0.628
2024-08-29 09:46:09
poisson OFF RCP GRD SAM1 SAMC1 BAT
2 1.0 0.219 0.43 0.989 0.988 0.386
3 1.0 0.199 0.341 0.985 0.989 0.39
4 1.0 0.234 0.348 0.989 0.988 0.374
5 1.0 0.236 0.253 0.979 0.972 0.382
6 1.0 0.249 0.246 0.963 0.961 0.394
7 1.0 0.293 0.188 0.938 0.944 0.38
8 1.0 0.309 0.233 0.913 0.909 0.382
9 1.0 0.287 0.19 0.888 0.895 0.375
10 1.0 0.281 0.19 0.848 0.832 0.338
2024-09-09 10:42:36
poisson OFF RCP GRD SAM1 SAMC1 BAT
10 1.0 0.269 0.19 0.848 0.832 0.338
20 1.0 0.354 0.154 0.747 0.733 0.318
30 1.0 0.395 0.141 0.682 0.663 0.257
40 1.0 0.395 0.133 0.626 0.619 0.265
50 1.0 0.413 0.128 0.614 0.61 0.273
2024-09-09 10:49:04
poisson OFF RCP GRD SAM1 SAMC1 BAT
10 1.0 0.269 0.19 0.848 0.832 0.338
20 1.0 0.354 0.154 0.747 0.733 0.318
30 1.0 0.395 0.141 0.682 0.663 0.257
40 1.0 0.395 0.133 0.626 0.619 0.265
50 1.0 0.413 0.128 0.614 0.61 0.273
2024-09-09 10:52:09
poisson OFF RCP GRD SAM1 SAMC1 BAT
10 1.0 0.309 0.201 0.859 0.866 0.357
20 1.0 0.353 0.15 0.753 0.735 0.306
30 1.0 0.376 0.14 0.683 0.661 0.283
40 1.0 0.377 0.14 0.643 0.629 0.258
50 1.0 0.4 0.14 0.616 0.585 0.262
2024-09-09 11:00:58
poisson OFF RCP GRD SAM1 SAMC1 BAT
10 1.0 0.309 0.201 0.859 0.866 0.357
20 1.0 0.353 0.15 0.753 0.735 0.306
30 1.0 0.376 0.14 0.683 0.661 0.283
40 1.0 0.377 0.14 0.643 0.629 0.258
50 1.0 0.4 0.14 0.616 0.585 0.262
2024-09-09 11:08:03
poisson OFF RCP GRD SAM1 SAMC1 BAT
10 1.0 0.309 0.201 0.859 0.866 0.357
20 1.0 0.353 0.15 0.753 0.735 0.306
30 1.0 0.376 0.14 0.683 0.661 0.283
40 1.0 0.377 0.14 0.643 0.629 0.258
50 1.0 0.4 0.14 0.616 0.585 0.262
60 1.0 0.406 0.146 0.598 0.593 0.257
70 1.0 0.406 0.15 0.581 0.592 0.24
80 1.0 0.41 0.16 0.586 0.601 0.235
2024-09-09 11:23:52
poisson OFF RCP GRD SAM1 SAMC1 BAT
10 1.0_0.0 0.309_0.037 0.201_0.038 0.859_0.02 0.866_0.024 0.357_0.035
20 1.0_0.0 0.353_0.035 0.15_0.025 0.753_0.028 0.735_0.033 0.306_0.032
30 1.0_0.0 0.376_0.03 0.14_0.023 0.683_0.034 0.661_0.028 0.283_0.026
40 1.0_0.0 0.377_0.021 0.14_0.024 0.643_0.027 0.629_0.026 0.258_0.019
50 1.0_0.0 0.4_0.025 0.14_0.026 0.616_0.033 0.585_0.036 0.262_0.024
60 1.0_0.0 0.406_0.026 0.146_0.03 0.598_0.022 0.593_0.028 0.257_0.02
70 1.0_0.0 0.406_0.025 0.15_0.033 0.581_0.029 0.592_0.034 0.24_0.022
80 1.0_0.0 0.41_0.019 0.16_0.034 0.586_0.021 0.601_0.025 0.235_0.022
2024-09-09 13:45:28
poisson OFF RCP GRD SAM1 SAMC1 BAT
10 1.0_0.0 0.306_0.039 0.194_0.035 0.865_0.029 0.859_0.03 0.354_0.04
20 1.0_0.0 0.357_0.035 0.151_0.033 0.75_0.027 0.74_0.03 0.303_0.031
30 1.0_0.0 0.386_0.03 0.143_0.03 0.687_0.032 0.672_0.029 0.281_0.033
40 1.0_0.0 0.381_0.031 0.142_0.029 0.645_0.028 0.624_0.03 0.268_0.028
50 1.0_0.0 0.393_0.025 0.144_0.032 0.611_0.03 0.592_0.026 0.259_0.026
60 1.0_0.0 0.402_0.028 0.152_0.032 0.595_0.03 0.591_0.029 0.254_0.029
70 1.0_0.0 0.404_0.028 0.157_0.039 0.582_0.029 0.596_0.031 0.247_0.028
80 1.0_0.0 0.421_0.028 0.155_0.043 0.577_0.029 0.598_0.03 0.239_0.029
2024-09-26 13:02:30
poisson OFF RCP GRD SAM1 SAM4 SAMC1 SAMC4 BAT BAT_G
10 1.0 0.344 0.664 0.685 0.712 0.667 0.69 0.573 0.567
20 1.0 0.389 0.621 0.603 0.671 0.586 0.631 0.654 0.647
30 1.0 0.403 0.593 0.566 0.693 0.56 0.633 0.68 0.668
40 1.0 0.373 0.578 0.57 0.728 0.562 0.638 0.717 0.713
50 1.0 0.408 0.559 0.554 0.744 0.566 0.646 0.728 0.721
60 1.0 0.368 0.539 0.539 0.748 0.544 0.655 0.743 0.736
70 1.0 0.42 0.54 0.532 0.785 0.552 0.67 0.757 0.753
80 1.0 0.388 0.536 0.534 0.801 0.557 0.673 0.765 0.763
90 1.0 0.373 0.543 0.517 0.795 0.557 0.669 0.762 0.755
100 1.0 0.358 0.551 0.534 0.802 0.579 0.699 0.767 0.766
2024-09-27 16:57:02
poisson OFF RCP GRD SAM1 TH TH0.25 SAMC1 BAT_G
10 1.0 0.344 0.489 0.656 0.659 0.669 0.658 0.587
20 1.0 0.402 0.419 0.624 0.63 0.643 0.621 0.633
30 1.0 0.419 0.401 0.594 0.613 0.643 0.592 0.662
40 1.0 0.407 0.372 0.569 0.601 0.626 0.557 0.688
50 1.0 0.407 0.372 0.549 0.575 0.617 0.547 0.698
60 1.0 0.454 0.362 0.543 0.581 0.611 0.537 0.713
70 1.0 0.467 0.351 0.553 0.605 0.633 0.553 0.719
80 1.0 0.465 0.347 0.54 0.596 0.639 0.536 0.724
90 1.0 0.457 0.343 0.55 0.595 0.661 0.548 0.74
100 1.0 0.464 0.35 0.535 0.601 0.646 0.524 0.735
2024-09-28 19:27:01
poisson OFF RCP GRD SAM1 STH0.5 COL1 CTH0.5 BAT_G
5 1.0 0.336 0.589 0.694 0.702 0.695 0.698 0.542
10 1.0 0.375 0.493 0.645 0.657 0.642 0.654 0.565
15 1.0 0.39 0.466 0.612 0.64 0.618 0.631 0.589
20 1.0 0.395 0.423 0.605 0.632 0.591 0.63 0.611
25 1.0 0.405 0.417 0.595 0.609 0.576 0.602 0.628
30 1.0 0.432 0.415 0.575 0.607 0.563 0.579 0.651
35 1.0 0.412 0.414 0.559 0.62 0.555 0.59 0.648
40 1.0 0.406 0.403 0.551 0.604 0.536 0.584 0.661
45 1.0 0.383 0.405 0.556 0.596 0.541 0.589 0.667
50 1.0 0.397 0.388 0.555 0.618 0.557 0.591 0.675
55 1.0 0.398 0.392 0.546 0.592 0.54 0.575 0.68
60 1.0 0.405 0.391 0.548 0.572 0.549 0.587 0.689
65 1.0 0.404 0.389 0.528 0.58 0.543 0.592 0.688
70 1.0 0.417 0.383 0.56 0.592 0.563 0.604 0.698
75 1.0 0.414 0.393 0.534 0.561 0.542 0.589 0.688
80 1.0 0.43 0.385 0.555 0.581 0.57 0.624 0.704
2024-09-28 20:55:15
poisson OFF RCP GRD SAM1 STH0.5 COL1 CTH0.5 BAT
5 1.0 0.336 0.589 0.694 0.702 0.695 0.698 0.542
10 1.0 0.375 0.493 0.645 0.657 0.642 0.654 0.565
15 1.0 0.39 0.466 0.612 0.64 0.618 0.631 0.589
20 1.0 0.395 0.423 0.605 0.632 0.591 0.63 0.611
25 1.0 0.405 0.417 0.595 0.609 0.576 0.602 0.628
30 1.0 0.432 0.415 0.575 0.607 0.563 0.579 0.651
35 1.0 0.412 0.414 0.559 0.62 0.555 0.59 0.648
40 1.0 0.406 0.403 0.551 0.604 0.536 0.584 0.661
45 1.0 0.383 0.405 0.556 0.596 0.541 0.589 0.667
50 1.0 0.397 0.388 0.555 0.618 0.557 0.591 0.675
55 1.0 0.398 0.392 0.546 0.592 0.54 0.575 0.68
60 1.0 0.405 0.391 0.548 0.572 0.549 0.587 0.689
65 1.0 0.404 0.389 0.528 0.58 0.543 0.592 0.688
70 1.0 0.417 0.383 0.56 0.592 0.563 0.604 0.698
75 1.0 0.414 0.393 0.534 0.561 0.542 0.589 0.688
80 1.0 0.43 0.385 0.555 0.581 0.57 0.624 0.704
2024-09-29 13:25:35
poisson OFF RCP GRD SAM1 STH0.5 COL1 CTH0.5 BAT
5 1.0 0.336 0.589 0.694 0.702 0.695 0.698 0.542
10 1.0 0.375 0.493 0.645 0.657 0.642 0.654 0.565
15 1.0 0.39 0.466 0.612 0.64 0.618 0.631 0.589
20 1.0 0.395 0.423 0.605 0.632 0.591 0.63 0.611
25 1.0 0.405 0.417 0.595 0.609 0.576 0.602 0.628
30 1.0 0.432 0.415 0.575 0.607 0.563 0.579 0.651
35 1.0 0.412 0.414 0.559 0.62 0.555 0.59 0.648
40 1.0 0.406 0.403 0.551 0.604 0.536 0.584 0.661
45 1.0 0.383 0.405 0.556 0.596 0.541 0.589 0.667
50 1.0 0.397 0.388 0.555 0.618 0.557 0.591 0.675
55 1.0 0.398 0.392 0.546 0.592 0.54 0.575 0.68
60 1.0 0.405 0.391 0.548 0.572 0.549 0.587 0.689
65 1.0 0.404 0.389 0.528 0.58 0.543 0.592 0.688
70 1.0 0.417 0.383 0.56 0.592 0.563 0.604 0.698
75 1.0 0.414 0.393 0.534 0.561 0.542 0.589 0.688
80 1.0 0.43 0.385 0.555 0.581 0.57 0.624 0.704
2024-09-30 12:39:53
density=0.5 type_number=25 gamma=1 w_std=10
poisson OFF RCP GRD SAM1 STH COL1 CTH BAT
5 1.0 0.276 0.743 0.787 0.821 0.781 0.813 0.438
10 1.0 0.271 0.663 0.696 0.751 0.692 0.717 0.492
15 1.0 0.23 0.589 0.686 0.746 0.674 0.729 0.511
20 1.0 0.191 0.576 0.668 0.748 0.639 0.736 0.535
25 1.0 0.207 0.554 0.637 0.755 0.619 0.697 0.543
30 1.0 0.187 0.545 0.612 0.77 0.619 0.69 0.559
35 1.0 0.194 0.529 0.595 0.779 0.634 0.687 0.575
40 1.0 0.22 0.53 0.59 0.78 0.622 0.711 0.595
45 1.0 0.258 0.521 0.589 0.767 0.636 0.712 0.593
50 1.0 0.273 0.521 0.589 0.795 0.661 0.737 0.598
2024-10-01 16:59:33
density=1 type_number=20 gamma=1 w_std=10
poisson OFF GRD SAM1 COL1 BAT
2 1.0 0.689 0.787 0.778 0.546
4 1.0 0.599 0.728 0.722 0.531
6 1.0 0.53 0.673 0.671 0.563
8 1.0 0.476 0.673 0.678 0.565
10 1.0 0.466 0.656 0.654 0.572
12 1.0 0.446 0.633 0.615 0.592
14 1.0 0.422 0.615 0.63 0.578
16 1.0 0.422 0.61 0.626 0.595
18 1.0 0.396 0.617 0.635 0.608
20 1.0 0.4 0.599 0.624 0.604
2024-10-02 22:04:06
density=1 type_number=20 gamma=1 w_std=10
poisson OFF RCP GRD BAT SAM1 COL1
2 1.0 0.259 0.707 0.541 0.785 0.783
4 1.0 0.29 0.578 0.527 0.718 0.719
6 1.0 0.291 0.523 0.542 0.693 0.688
8 1.0 0.339 0.489 0.563 0.676 0.679
10 1.0 0.307 0.455 0.575 0.638 0.634
12 1.0 0.335 0.454 0.591 0.631 0.62
14 1.0 0.333 0.433 0.592 0.621 0.62
16 1.0 0.338 0.414 0.601 0.619 0.616
18 1.0 0.267 0.411 0.607 0.596 0.623
20 1.0 0.264 0.41 0.608 0.597 0.621
2024-10-03 12:04:30
density=1 type_number=20 gamma=1 w_std=10
poisson OFF RCP GRD BAT SAM1 COL1
2 1.0 0.257 0.707 0.541 0.785 0.783
4 1.0 0.29 0.578 0.527 0.718 0.719
6 1.0 0.292 0.523 0.542 0.693 0.688
8 1.0 0.339 0.489 0.563 0.676 0.679
10 1.0 0.307 0.455 0.575 0.638 0.634
12 1.0 0.317 0.454 0.591 0.631 0.62
14 1.0 0.333 0.433 0.592 0.621 0.62
16 1.0 0.338 0.414 0.601 0.619 0.616
18 1.0 0.268 0.411 0.607 0.596 0.623
20 1.0 0.271 0.41 0.608 0.597 0.621
2024-10-03 12:23:23
density=1 type_number=10 gamma=1 w_std=10
poisson OFF RCP GRD BAT SAM1 COL1
2 1.0 0.296 0.74 0.634 0.717 0.718
4 1.0 0.305 0.676 0.634 0.681 0.678
6 1.0 0.268 0.626 0.629 0.623 0.617
8 1.0 0.23 0.588 0.655 0.595 0.585
10 1.0 0.181 0.569 0.671 0.589 0.583
12 1.0 0.184 0.571 0.698 0.581 0.604
14 1.0 0.208 0.547 0.699 0.566 0.6
16 1.0 0.22 0.54 0.717 0.566 0.609
18 1.0 0.286 0.551 0.724 0.571 0.615
20 1.0 0.293 0.539 0.737 0.554 0.621
2024-10-08 10:58:41
density=1 type_number=10 gamma=1 w_std=10
poisson OFF RCP GRD BAT SAM1 COL1
2 1.0 0.296 0.74 0.634 0.717 0.718
4 1.0 0.303 0.676 0.634 0.681 0.678
6 1.0 0.269 0.626 0.629 0.623 0.617
8 1.0 0.23 0.588 0.655 0.595 0.585
10 1.0 0.197 0.569 0.671 0.589 0.583
12 1.0 0.201 0.571 0.698 0.581 0.604
14 1.0 0.211 0.547 0.699 0.566 0.6
16 1.0 0.22 0.54 0.717 0.566 0.609
18 1.0 0.286 0.551 0.724 0.571 0.615
20 1.0 0.294 0.539 0.737 0.554 0.621
2024-10-08 11:01:55
density=1 type_number=20 gamma=1 w_std=10
poisson OFF RCP GRD BAT SAM1 COL1
2 1.0 0.259 0.707 0.541 0.785 0.783
4 1.0 0.29 0.578 0.527 0.718 0.719
6 1.0 0.291 0.523 0.542 0.693 0.688
8 1.0 0.339 0.489 0.563 0.676 0.679
10 1.0 0.307 0.455 0.575 0.638 0.634
12 1.0 0.335 0.454 0.591 0.631 0.62
14 1.0 0.333 0.433 0.592 0.621 0.62
16 1.0 0.338 0.414 0.601 0.619 0.616
18 1.0 0.267 0.411 0.607 0.596 0.623
20 1.0 0.264 0.41 0.608 0.597 0.621
2024-10-08 11:04:05
density=1 type_number=20 gamma=1 w_std=10
poisson OFF RCP GRD BAT SAM1 STH COL1 CTH
2 1.0 0.256 0.694 0.534 0.761 0.776 0.758 0.769
4 1.0 0.279 0.584 0.523 0.723 0.749 0.729 0.739
6 1.0 0.298 0.533 0.548 0.698 0.76 0.683 0.716
8 1.0 0.325 0.483 0.54 0.685 0.765 0.67 0.722
10 1.0 0.309 0.46 0.574 0.646 0.75 0.633 0.725
12 1.0 0.304 0.461 0.592 0.623 0.754 0.616 0.723
14 1.0 0.321 0.442 0.596 0.604 0.734 0.597 0.718
16 1.0 0.328 0.424 0.592 0.604 0.733 0.616 0.714
18 1.0 0.251 0.42 0.613 0.607 0.753 0.638 0.744
20 1.0 0.268 0.406 0.615 0.598 0.753 0.621 0.749
2024-10-08 14:56:17
density=1 type_number=20 gamma=1 w_std=5
poisson OFF RCP GRD BAT SAM1 STH COL1 CTH
2 1.0 0.26868 0.69793 0.53633 0.76188 0.77652 0.75804 0.7697
4 1.0 0.27305 0.57844 0.52864 0.72076 0.75642 0.71106 0.74209
6 1.0 0.30465 0.53008 0.54628 0.68353 0.74883 0.67846 0.71426
8 1.0 0.32166 0.48783 0.54207 0.68282 0.76383 0.66802 0.72097
10 1.0 0.30942 0.46506 0.57526 0.6443 0.74839 0.63137 0.72353
12 1.0 0.30214 0.45277 0.58699 0.62819 0.76118 0.62176 0.72287
14 1.0 0.34356 0.44926 0.59986 0.59562 0.73113 0.58855 0.7058
16 1.0 0.34107 0.42935 0.59472 0.60282 0.73235 0.6146 0.7129
18 1.0 0.25211 0.42569 0.61482 0.60533 0.7515 0.6363 0.74289
20 1.0 0.27358 0.41081 0.61773 0.59714 0.75164 0.62017 0.74777
2025-05-04 12:09:25
density=1 type_number=20 gamma=1 w_std=5
poisson OFF RCP GRD BAT SAM1 STH COL1 CTH
2 1.0 0.28372 0.64608 0.58589 0.75011 0.77964 0.76323 0.77152
4 1.0 0.31591 0.58297 0.56992 0.70315 0.74562 0.70209 0.73006
6 1.0 0.30541 0.52351 0.5891 0.67054 0.72543 0.66595 0.70283
8 1.0 0.32617 0.50304 0.59733 0.68432 0.74911 0.67327 0.72072
10 1.0 0.33084 0.489 0.6221 0.62869 0.70268 0.6168 0.67357
12 1.0 0.29774 0.46523 0.60728 0.60979 0.71716 0.59392 0.66222
14 1.0 0.31085 0.45585 0.59966 0.6282 0.73984 0.61663 0.70289
16 1.0 0.3498 0.45982 0.6117 0.6021 0.75459 0.60295 0.69931
18 1.0 0.32411 0.43698 0.64893 0.59952 0.76513 0.58531 0.71403
20 1.0 0.29756 0.43744 0.58366 0.60126 0.76135 0.63254 0.71521
2025-05-11 16:22:54
density=1 type_number=5 gamma=1 w_std=5
poisson OFF STH
20 1.0 0.86582
2025-05-11 16:41:39
density=1 type_number=20 gamma=1 w_std=10
poisson OFF STH
20 1.0 0.77978
2025-05-13 06:40:16
density=1 type_number=20 gamma=1 w_std=10
poisson OFF STH
20 1.0 0.7699
2025-05-14 00:46:26
density=1 type_number=10 gamma=1 w_std=10
poisson OFF SGAM STH SAMTH0 CTH
2 1.0 0.765 0.763 0.783 0.744
4 1.0 0.762 0.769 0.76 0.75
6 1.0 0.751 0.758 0.745 0.721
8 1.0 0.773 0.772 0.779 0.702
10 1.0 0.787 0.79 0.785 0.72
12 1.0 0.777 0.77 0.792 0.718
14 1.0 0.822 0.812 0.822 0.722
16 1.0 0.821 0.814 0.824 0.745
18 1.0 0.843 0.835 0.827 0.753
20 1.0 0.863 0.852 0.832 0.764
2025-05-14 09:09:20
density=1 type_number=10 gamma=1 w_std=5
poisson OFF SGAM STH CTH GRD
2 1.0 10930.503 10922.568 10710.162 10540.735
4 1.0 12214.116 12382.143 12038.598 11270.818
6 1.0 14002.775 14024.357 13363.373 11732.566
8 1.0 14898.936 14927.811 13581.331 11546.359
10 1.0 15377.407 15326.192 13886.272 11646.417
12 1.0 16817.594 16760.518 15466.154 11755.83
14 1.0 17010.23 16988.395 15359.96 11725.619
16 1.0 17464.494 17368.145 16087.629 11717.175
18 1.0 17016.099 16951.034 15909.376 11546.386
20 1.0 18086.923 18037.909 16033.563 11775.867
2025-05-14 09:20:05
density=1 type_number=10 gamma=1 w_std=5
poisson OFF SGAM STH CTH GRD
2 1.0 11036.023 10985.569 10829.243 10513.096
4 1.0 12519.435 12332.888 12057.533 11199.101
6 1.0 14339.133 14304.426 13308.06 11707.194
8 1.0 15295.512 15175.198 14050.648 11843.196
10 1.0 15541.03 15413.499 14313.551 11636.353
12 1.0 15617.847 15518.074 14377.221 11516.458
14 1.0 16753.297 16543.257 14731.786 11645.848
16 1.0 16643.174 16573.633 15030.826 11661.451
18 1.0 17713.084 17437.803 16039.205 11727.033
20 1.0 18107.074 17941.276 16345.559 11754.329
2025-05-14 09:32:04
density=1 type_number=10 gamma=1 w_std=10
poisson OFF SGAM STH CTH GRD
2 1.0 21591.263 21492.037 21064.544 20295.009
4 1.0 24590.35 24298.072 23947.251 21582.144
6 1.0 26433.864 26203.693 24890.026 21920.681
8 1.0 28847.269 28428.181 26770.818 22357.499
10 1.0 30506.012 30253.746 27555.283 22686.777
12 1.0 31793.615 31417.041 29186.815 22417.208
14 1.0 31681.747 31348.059 29146.943 22554.17
16 1.0 35223.649 34960.29 31969.325 22568.883
18 1.0 33271.779 33030.364 30362.063 22680.99
20 1.0 34547.158 34394.789 31617.075 22607.405
2025-05-22 15:10:25
density=1 type_number=20 gamma=1 w_std=5
poisson OFF RCP GRD BAT SAM1 SAM+ COL1 COL+
2 1.0 0.272 0.633 0.569 0.78 0.802 0.785 0.798
4 1.0 0.309 0.566 0.562 0.701 0.756 0.686 0.744
6 1.0 0.319 0.51 0.587 0.676 0.764 0.679 0.743
8 1.0 0.306 0.518 0.597 0.654 0.75 0.635 0.722
10 1.0 0.345 0.478 0.606 0.638 0.739 0.619 0.72
12 1.0 0.315 0.444 0.615 0.61 0.734 0.598 0.684
14 1.0 0.336 0.447 0.656 0.619 0.771 0.61 0.715
16 1.0 0.322 0.436 0.628 0.606 0.778 0.601 0.72
18 1.0 0.289 0.45 0.616 0.608 0.775 0.604 0.711
20 1.0 0.3 0.429 0.645 0.607 0.793 0.598 0.719
2025-05-24 10:10:08
density=1 type_number=10 gamma=1 w_std=5
poisson OFF RCP GRD BAT SAM1 SAM+ COL1 COL+
2 1.0 0.295 0.741 0.64 0.708 0.757 0.715 0.736
4 1.0 0.27 0.699 0.627 0.683 0.752 0.671 0.716
6 1.0 0.249 0.638 0.629 0.655 0.756 0.633 0.721
8 1.0 0.279 0.601 0.608 0.641 0.763 0.617 0.723
10 1.0 0.26 0.581 0.646 0.595 0.767 0.616 0.685
12 1.0 0.228 0.577 0.614 0.612 0.798 0.613 0.737
14 1.0 0.285 0.558 0.631 0.575 0.823 0.597 0.728
16 1.0 0.216 0.547 0.655 0.574 0.82 0.621 0.742
18 1.0 0.23 0.559 0.662 0.59 0.827 0.597 0.732
20 1.0 0.291 0.525 0.666 0.575 0.846 0.619 0.78
2025-05-24 10:46:56
density=1 type_number=20 gamma=1 w_std=5
poisson OFF RCP GRD BAT SAM1 SAM+ COL1 COL+
2 1.0 0.25 0.714 0.543 0.799 0.822 0.784 0.822
4 1.0 0.288 0.576 0.525 0.727 0.77 0.725 0.765
6 1.0 0.314 0.551 0.531 0.674 0.738 0.692 0.725
8 1.0 0.305 0.498 0.551 0.657 0.747 0.654 0.725
10 1.0 0.305 0.461 0.579 0.655 0.768 0.627 0.76
12 1.0 0.297 0.441 0.623 0.615 0.762 0.592 0.709
14 1.0 0.331 0.441 0.613 0.612 0.757 0.612 0.712
16 1.0 0.272 0.452 0.59 0.637 0.763 0.602 0.699
18 1.0 0.34 0.391 0.593 0.618 0.771 0.605 0.71
20 1.0 0.326 0.413 0.604 0.592 0.784 0.594 0.723
