2024-09-01 00:34:10
poisson OFF RCP GRD SAM1 SAMC1 BAT HG
5 1.0 0.219 0.325 0.863 0.853 0.423 0.331
10 1.0 0.281 0.259 0.802 0.806 0.407 0.233
15 1.0 0.32 0.237 0.729 0.721 0.408 0.236
20 1.0 0.357 0.219 0.695 0.686 0.385 0.228
25 1.0 0.34 0.183 0.673 0.662 0.383 0.194
30 1.0 0.36 0.176 0.638 0.643 0.352 0.176
35 1.0 0.345 0.161 0.641 0.626 0.346 0.161
40 1.0 0.334 0.166 0.616 0.597 0.326 0.186
45 1.0 0.357 0.164 0.615 0.605 0.339 0.179
50 1.0 0.374 0.181 0.609 0.625 0.334 0.204
55 1.0 0.385 0.18 0.591 0.613 0.325 0.19
60 1.0 0.402 0.185 0.62 0.608 0.302 0.16
65 1.0 0.385 0.183 0.589 0.612 0.298 0.184
70 1.0 0.373 0.157 0.587 0.611 0.297 0.176
