density OFF RCP GRD SAM1 STH0.5 COL1 CTH0.5 BAT
0.1 1.0 0.254 0.776 0.775 0.796 0.753 0.769 0.376
0.2 1.0 0.271 0.68 0.654 0.673 0.645 0.662 0.413
0.3 1.0 0.319 0.629 0.611 0.651 0.612 0.633 0.454
0.4 1.0 0.323 0.602 0.616 0.645 0.601 0.633 0.489
0.5 1.0 0.335 0.552 0.582 0.614 0.572 0.589 0.515
0.6 1.0 0.348 0.54 0.557 0.562 0.554 0.575 0.531
0.7 1.0 0.362 0.513 0.557 0.599 0.553 0.582 0.537
0.8 1.0 0.378 0.506 0.567 0.596 0.545 0.564 0.562
0.9 1.0 0.356 0.496 0.585 0.6 0.571 0.583 0.566
1.0 1.0 0.389 0.465 0.575 0.592 0.563 0.581 0.542