density OFF RCP GRD SAM1 STH COL1 CTH BAT
0.1 1.0 0.16 0.761 0.731 0.834 0.718 0.768 0.372
0.2 1.0 0.271 0.763 0.723 0.769 0.727 0.771 0.396
0.3 1.0 0.253 0.72 0.72 0.799 0.714 0.771 0.419
0.4 1.0 0.3 0.704 0.667 0.771 0.653 0.705 0.45
0.5 1.0 0.268 0.654 0.696 0.761 0.7 0.747 0.462
0.6 1.0 0.291 0.604 0.635 0.752 0.621 0.678 0.523
0.7 1.0 0.347 0.595 0.602 0.683 0.598 0.65 0.529
0.8 1.0 0.364 0.585 0.577 0.69 0.575 0.638 0.565
0.9 1.0 0.342 0.561 0.597 0.674 0.592 0.645 0.54
1.0 1.0 0.328 0.522 0.586 0.705 0.576 0.636 0.564