
density OFF RCP GRD SAM1 STH COL1 CTH BAT
0.1 1.0 0.171 0.683 0.626 0.758 0.591 0.73 0.422
0.2 1.0 0.264 0.712 0.562 0.754 0.551 0.645 0.423
0.3 1.0 0.245 0.649 0.575 0.769 0.575 0.696 0.442
0.4 1.0 0.309 0.633 0.559 0.706 0.525 0.648 0.482
0.5 1.0 0.209 0.574 0.606 0.72 0.577 0.657 0.484
0.6 1.0 0.35 0.539 0.543 0.729 0.526 0.662 0.559
0.7 1.0 0.341 0.514 0.52 0.638 0.504 0.557 0.554
0.8 1.0 0.375 0.52 0.518 0.718 0.494 0.596 0.622
0.9 1.0 0.387 0.495 0.523 0.677 0.489 0.615 0.569
1.0 1.0 0.355 0.454 0.483 0.686 0.485 0.604 0.591