density OFF RCP GRD SAM1 STH0.5 COL1 CTH0.5 BAT
0.1 1.0 0.201 0.725 0.622 0.659 0.614 0.652 0.392
0.2 1.0 0.316 0.639 0.547 0.576 0.54 0.583 0.467
0.3 1.0 0.324 0.574 0.526 0.577 0.506 0.541 0.525
0.4 1.0 0.342 0.541 0.511 0.567 0.519 0.537 0.537
0.5 1.0 0.357 0.491 0.538 0.566 0.509 0.544 0.575
0.6 1.0 0.37 0.455 0.507 0.555 0.517 0.549 0.571
0.7 1.0 0.378 0.472 0.507 0.528 0.514 0.535 0.586
0.8 1.0 0.397 0.443 0.499 0.522 0.479 0.521 0.609
0.9 1.0 0.401 0.435 0.513 0.555 0.501 0.521 0.608
1.0 1.0 0.351 0.418 0.495 0.546 0.493 0.518 0.586