density OFF RCP GRD SAM1 STH0.5 COL1 CTH0.5 BAT
0.1 1.0 0.251 0.777 0.655 0.699 0.643 0.7 0.504
0.2 1.0 0.35 0.685 0.584 0.631 0.568 0.614 0.579
0.3 1.0 0.351 0.595 0.569 0.617 0.556 0.606 0.656
0.4 1.0 0.415 0.544 0.568 0.596 0.562 0.592 0.685
0.5 1.0 0.345 0.492 0.555 0.612 0.561 0.6 0.702
0.6 1.0 0.447 0.479 0.555 0.61 0.549 0.6 0.719
0.7 1.0 0.419 0.46 0.555 0.609 0.568 0.604 0.709
0.8 1.0 0.451 0.45 0.551 0.571 0.543 0.593 0.736
0.9 1.0 0.417 0.43 0.563 0.596 0.556 0.605 0.737
1.0 1.0 0.397 0.388 0.555 0.618 0.557 0.591 0.675