density OFF RCP GRD SAM1 STH0.5 COL1 CTH0.5 BAT
0.1 1.0 0.264 0.836 0.81 0.828 0.798 0.817 0.443
0.2 1.0 0.32 0.717 0.689 0.708 0.7 0.707 0.495
0.3 1.0 0.341 0.672 0.642 0.699 0.64 0.669 0.569
0.4 1.0 0.365 0.602 0.658 0.678 0.651 0.676 0.603
0.5 1.0 0.365 0.574 0.618 0.654 0.605 0.634 0.615
0.6 1.0 0.382 0.536 0.6 0.626 0.59 0.621 0.639
0.7 1.0 0.391 0.495 0.624 0.66 0.608 0.62 0.636
0.8 1.0 0.411 0.491 0.593 0.621 0.586 0.605 0.658
0.9 1.0 0.377 0.487 0.617 0.649 0.61 0.63 0.641
1.0 1.0 0.395 0.423 0.605 0.632 0.591 0.63 0.611