density OFF RCP GRD SAM1 STH COL1 CTH BAT
0.1 1.0 0.167 0.758 0.768 0.876 0.763 0.805 0.428
0.2 1.0 0.227 0.786 0.762 0.832 0.759 0.822 0.434
0.3 1.0 0.305 0.745 0.743 0.811 0.719 0.77 0.464
0.4 1.0 0.259 0.695 0.705 0.805 0.709 0.76 0.467
0.5 1.0 0.266 0.663 0.696 0.751 0.692 0.717 0.492
0.6 1.0 0.317 0.621 0.654 0.779 0.654 0.723 0.591
0.7 1.0 0.343 0.588 0.64 0.729 0.633 0.699 0.577
0.8 1.0 0.393 0.593 0.6 0.713 0.602 0.67 0.637
0.9 1.0 0.361 0.535 0.621 0.679 0.624 0.659 0.571
1.0 1.0 0.351 0.474 0.609 0.71 0.595 0.659 0.625