density OFF RCP GRD SAM1 STH COL1 CTH BAT
0.1 1.0 0.179 0.703 0.637 0.86 0.614 0.792 0.494
0.2 1.0 0.278 0.743 0.611 0.819 0.648 0.743 0.525
0.3 1.0 0.236 0.679 0.603 0.792 0.596 0.733 0.519
0.4 1.0 0.305 0.635 0.588 0.73 0.585 0.713 0.529
0.5 1.0 0.207 0.554 0.637 0.755 0.619 0.697 0.543
0.6 1.0 0.387 0.566 0.568 0.783 0.561 0.732 0.682
0.7 1.0 0.321 0.515 0.571 0.693 0.56 0.628 0.632
0.8 1.0 0.413 0.524 0.562 0.787 0.531 0.69 0.741
0.9 1.0 0.395 0.48 0.55 0.678 0.538 0.639 0.657
1.0 1.0 0.417 0.425 0.543 0.756 0.558 0.683 0.707