density OFF RCP GRD SAM1 STH0.5 COL1 CTH0.5 BAT
0.1 1.0 0.267 0.805 0.651 0.673 0.635 0.709 0.512
0.2 1.0 0.315 0.644 0.623 0.661 0.59 0.648 0.571
0.3 1.0 0.381 0.564 0.574 0.632 0.574 0.617 0.595
0.4 1.0 0.361 0.526 0.578 0.62 0.577 0.616 0.655
0.5 1.0 0.389 0.512 0.588 0.616 0.578 0.647 0.741
0.6 1.0 0.367 0.456 0.575 0.623 0.562 0.62 0.609
0.7 1.0 0.469 0.45 0.549 0.59 0.535 0.634 0.772
0.8 1.0 0.407 0.44 0.562 0.588 0.54 0.588 0.691
0.9 1.0 0.476 0.411 0.547 0.567 0.537 0.593 0.791
1.0 1.0 0.426 0.397 0.558 0.605 0.532 0.576 0.761