density OFF RCP GRD SAM1 STH0.5 COL1 CTH0.5 BAT
0.1 1.0 0.258 0.824 0.811 0.833 0.789 0.815 0.411
0.2 1.0 0.264 0.721 0.729 0.746 0.715 0.747 0.49
0.3 1.0 0.346 0.645 0.656 0.682 0.635 0.67 0.561
0.4 1.0 0.356 0.599 0.661 0.702 0.648 0.676 0.604
0.5 1.0 0.378 0.568 0.61 0.657 0.603 0.632 0.66
0.6 1.0 0.36 0.512 0.62 0.646 0.617 0.644 0.583
0.7 1.0 0.372 0.531 0.611 0.632 0.608 0.628 0.611
0.8 1.0 0.367 0.484 0.607 0.637 0.61 0.64 0.572
0.9 1.0 0.379 0.466 0.607 0.618 0.585 0.608 0.617
1.0 1.0 0.381 0.437 0.59 0.631 0.596 0.63 0.628