density OFF RCP GRD SAM1 STH COL1 CTH BAT
0.1 1.0 0.166 0.817 0.628 0.779 0.623 0.72 0.641
0.2 1.0 0.344 0.714 0.625 0.81 0.599 0.732 0.641
0.3 1.0 0.41 0.678 0.606 0.861 0.676 0.749 0.688
0.4 1.0 0.307 0.657 0.584 0.759 0.578 0.727 0.625
0.5 1.0 0.311 0.584 0.625 0.777 0.608 0.722 0.602
0.6 1.0 0.352 0.537 0.589 0.775 0.589 0.706 0.692
0.7 1.0 0.378 0.535 0.574 0.733 0.552 0.645 0.678
0.8 1.0 0.405 0.507 0.562 0.784 0.585 0.7 0.698
0.9 1.0 0.404 0.471 0.586 0.738 0.57 0.675 0.669
1.0 1.0 0.389 0.415 0.584 0.756 0.56 0.657 0.698