density OFF RCP GRD SAM1 STH COL1 CTH BAT
0.1 1.0 0.088 0.838 0.837 0.856 0.853 0.859 0.42
0.2 1.0 0.224 0.792 0.767 0.829 0.769 0.814 0.44
0.3 1.0 0.281 0.76 0.767 0.83 0.758 0.806 0.529
0.4 1.0 0.341 0.731 0.687 0.789 0.674 0.71 0.588
0.5 1.0 0.295 0.639 0.679 0.744 0.676 0.738 0.619
0.6 1.0 0.307 0.637 0.684 0.784 0.68 0.749 0.506
0.7 1.0 0.312 0.631 0.694 0.752 0.691 0.725 0.548
0.8 1.0 0.375 0.577 0.611 0.691 0.608 0.673 0.707
0.9 1.0 0.351 0.544 0.652 0.724 0.634 0.691 0.585
1.0 1.0 0.326 0.558 0.681 0.756 0.67 0.724 0.603