rmin OFF RCP GRD BAT SAM1 STH COL1 CTH
0 1.0 0.33603 0.48996 0.54372 0.60893 0.70709 0.58676 0.66781
0.1 1.0 0.34892 0.5025 0.54416 0.61273 0.70834 0.59938 0.66583
0.2 1.0 0.32322 0.51055 0.54646 0.61531 0.69789 0.59187 0.65759
0.3 1.0 0.32404 0.5024 0.53712 0.61775 0.69585 0.60294 0.65387
0.4 1.0 0.32709 0.50762 0.54856 0.59769 0.67951 0.58013 0.63486
0.5 1.0 0.33591 0.50307 0.5526 0.60848 0.68895 0.59929 0.65435
0.6 1.0 0.36401 0.5104 0.55144 0.60143 0.68035 0.57975 0.63637
0.7 1.0 0.34376 0.51207 0.55719 0.59847 0.68631 0.58877 0.6493
0.8 1.0 0.32691 0.51403 0.5509 0.59212 0.68487 0.59046 0.64424
0.9 1.0 0.3341 0.50278 0.5497 0.59383 0.68438 0.59673 0.64424