rmin OFF RCP GRD BAT SAM1 STH COL1 CTH
0 1.0 0.23777 0.49555 0.46151 0.6912 0.78071 0.68744 0.72908
0.1 1.0 0.26726 0.49417 0.46982 0.6998 0.78566 0.69298 0.76487
0.2 1.0 0.29941 0.50808 0.47227 0.67661 0.76201 0.68179 0.75076
0.3 1.0 0.2793 0.50041 0.47206 0.69129 0.7614 0.68925 0.75046
0.4 1.0 0.3132 0.51246 0.4741 0.69569 0.76108 0.69352 0.75458
0.5 1.0 0.26887 0.50507 0.48233 0.69193 0.75549 0.69048 0.74079
0.6 1.0 0.33243 0.51117 0.47391 0.68503 0.75115 0.68768 0.74295
0.7 1.0 0.30261 0.50463 0.48595 0.69013 0.75908 0.68169 0.73688
0.8 1.0 0.30083 0.51265 0.48439 0.68659 0.75009 0.69143 0.7212
0.9 1.0 0.28787 0.52655 0.4888 0.67905 0.73615 0.67343 0.71266