rmin OFF RCP GRD BAT SAM1 STH COL1 CTH
0 1.0 0.30942 0.46506 0.57526 0.6443 0.74839 0.63137 0.72353
0.1 1.0 0.31291 0.47542 0.58076 0.63469 0.73792 0.638 0.70475
0.2 1.0 0.33228 0.47165 0.58992 0.64999 0.73734 0.64959 0.69758
0.3 1.0 0.33278 0.48077 0.57854 0.63163 0.7404 0.64254 0.68829
0.4 1.0 0.32342 0.47303 0.59355 0.63299 0.72358 0.629 0.68793
0.5 1.0 0.32313 0.4755 0.58782 0.65037 0.71859 0.62214 0.67916
0.6 1.0 0.34752 0.48743 0.58621 0.62974 0.71221 0.62012 0.67659
0.7 1.0 0.34026 0.4754 0.579 0.63409 0.71801 0.63294 0.67323
0.8 1.0 0.35743 0.48066 0.59479 0.63678 0.70987 0.63087 0.68575
0.9 1.0 0.33573 0.47969 0.58819 0.63933 0.72256 0.63471 0.69527