2024-06-26 10:32:54
rmin_geometric OFF RCP GRD SAM1 SAMC1 BAT
0.5 1.0 0.273 0.355 0.979 0.979 0.418
2024-06-26 10:49:56
rmin_single OFF RCP GRD SAM1 SAMC1 BAT
0.5 1.0 0.389 0.147 0.721 0.7 0.528
2024-06-26 11:05:37
rmin_poisson OFF RCP GRD SAM1 SAMC1 BAT
0.5 1.0 0.364 0.163 0.709 0.701 0.464
2024-06-27 18:35:26
rmin_geometric OFF RCP GRD SAM1 SAMC1 BAT
0.5 1.0 0.273 0.355 0.979 0.979 0.418
2024-06-27 18:51:18
rmin_poisson OFF RCP GRD SAM1 SAMC1 BAT
0.5 1.0 0.364 0.163 0.709 0.701 0.464
2024-06-27 19:08:34
rmin_single OFF RCP GRD SAM1 SAMC1 BAT
0.5 1.0 0.389 0.147 0.721 0.7 0.528
2024-07-03 22:09:56
rmin_geometric OFF RCP GRD SAM1 SAMC1 BAT
0.1 1.0 0.271 0.355 0.979 0.979 0.418
0.2 1.0 0.271 0.355 0.979 0.979 0.418
0.3 1.0 0.271 0.355 0.979 0.979 0.418
0.4 1.0 0.271 0.355 0.979 0.979 0.418
0.5 1.0 0.271 0.355 0.979 0.979 0.418
0.6 1.0 0.271 0.355 0.979 0.979 0.418
0.7 1.0 0.271 0.355 0.979 0.979 0.418
0.8 1.0 0.271 0.355 0.979 0.979 0.418
0.9 1.0 0.271 0.355 0.979 0.979 0.418
2024-07-03 22:49:25
rmin_single OFF RCP GRD SAM1 SAMC1 BAT
0.1 1.0 0.386 0.148 0.721 0.7 0.528
0.2 1.0 0.386 0.148 0.721 0.7 0.528
0.3 1.0 0.386 0.148 0.721 0.7 0.528
0.4 1.0 0.386 0.148 0.721 0.7 0.528
0.5 1.0 0.386 0.148 0.721 0.7 0.528
0.6 1.0 0.386 0.148 0.721 0.7 0.528
0.7 1.0 0.386 0.148 0.721 0.7 0.528
0.8 1.0 0.386 0.148 0.721 0.7 0.528
0.9 1.0 0.386 0.148 0.721 0.7 0.528
2024-07-04 01:08:21
rmin_poisson OFF RCP GRD SAM1 SAMC1 BAT
0.1 1.0 0.364 0.163 0.709 0.701 0.464
0.2 1.0 0.364 0.163 0.709 0.701 0.464
0.3 1.0 0.364 0.163 0.709 0.701 0.464
0.4 1.0 0.364 0.163 0.709 0.701 0.464
0.5 1.0 0.364 0.163 0.709 0.701 0.464
0.6 1.0 0.364 0.163 0.709 0.701 0.464
0.7 1.0 0.364 0.163 0.709 0.701 0.464
0.8 1.0 0.364 0.163 0.709 0.701 0.464
0.9 1.0 0.364 0.163 0.709 0.701 0.464
2024-07-04 09:39:47
rmin_geometric OFF RCP GRD SAM1 SAMC1 BAT
0 1.0 0.271 0.355 0.979 0.979 0.418
0.1 1.0 0.264 0.344 0.974 0.974 0.423
0.2 1.0 0.267 0.352 0.972 0.973 0.428
0.3 1.0 0.263 0.347 0.974 0.975 0.419
0.4 1.0 0.27 0.343 0.976 0.976 0.422
0.5 1.0 0.27 0.341 0.979 0.982 0.426
0.6 1.0 0.268 0.338 0.98 0.979 0.426
0.7 1.0 0.27 0.339 0.977 0.979 0.422
0.8 1.0 0.271 0.346 0.976 0.975 0.418
0.9 1.0 0.271 0.353 0.974 0.975 0.425
2024-07-05 11:57:02
rmin_single OFF RCP GRD SAM1 SAMC1 BAT
0 1.0 0.386 0.148 0.721 0.7 0.528
0.1 1.0 0.384 0.147 0.715 0.704 0.521
0.2 1.0 0.389 0.146 0.719 0.713 0.521
0.3 1.0 0.391 0.145 0.725 0.712 0.516
0.4 1.0 0.387 0.147 0.723 0.72 0.51
0.5 1.0 0.385 0.144 0.726 0.718 0.513
0.6 1.0 0.379 0.145 0.727 0.718 0.512
0.7 1.0 0.376 0.147 0.733 0.717 0.51
0.8 1.0 0.378 0.149 0.727 0.723 0.509
0.9 1.0 0.383 0.149 0.73 0.724 0.509
2024-07-05 12:36:58
rmin_poisson OFF RCP GRD SAM1 SAMC1 BAT
0 1.0 0.364 0.163 0.709 0.701 0.464
0.1 1.0 0.365 0.156 0.715 0.707 0.464
0.2 1.0 0.366 0.157 0.717 0.712 0.458
0.3 1.0 0.367 0.159 0.722 0.713 0.457
0.4 1.0 0.368 0.156 0.719 0.715 0.461
0.5 1.0 0.373 0.156 0.721 0.712 0.456
0.6 1.0 0.366 0.159 0.725 0.718 0.453
0.7 1.0 0.368 0.156 0.722 0.715 0.457
0.8 1.0 0.366 0.157 0.713 0.706 0.456
0.9 1.0 0.37 0.151 0.721 0.715 0.463
