sigma OFF RCP GRD BAT SAM1 STH COL1 CTH
0.1 1.0 0.38614 0.79723 0.67228 0.58844 0.64219 0.57479 0.61234
0.2 1.0 0.35673 0.74589 0.62827 0.61973 0.6758 0.60554 0.64461
0.3 1.0 0.32534 0.69539 0.58506 0.64343 0.70118 0.62885 0.66902
0.4 1.0 0.28849 0.65357 0.5509 0.65754 0.7266 0.65128 0.69086
0.5 1.0 0.27862 0.61841 0.52608 0.66957 0.73929 0.66287 0.70311
0.6 1.0 0.27282 0.5933 0.51065 0.67784 0.74828 0.6708 0.71149
0.7 1.0 0.26983 0.57702 0.50629 0.68125 0.7628 0.67153 0.71674
0.8 1.0 0.24368 0.56362 0.49976 0.68479 0.76682 0.67495 0.7203
0.9 1.0 0.28328 0.55355 0.49475 0.68739 0.7698 0.67747 0.72292
1 1.0 0.27132 0.54577 0.49081 0.68936 0.77208 0.67936 0.7249