2024-10-08 11:36:32
type_number=20 gamma=1 dist_hyperpara=10 density=1
sigma_geo_new OFF RCP GRD BAT SAM1 STH COL1 CTH
2 1.0 0.342 0.508 0.55 0.603 0.702 0.581 0.662
4 1.0 0.32 0.493 0.545 0.608 0.706 0.586 0.667
6 1.0 0.329 0.488 0.543 0.61 0.708 0.587 0.668
8 1.0 0.336 0.486 0.542 0.61 0.708 0.588 0.669
10 1.0 0.336 0.485 0.542 0.611 0.709 0.589 0.67
12 1.0 0.336 0.484 0.541 0.611 0.709 0.589 0.67
14 1.0 0.335 0.483 0.541 0.611 0.709 0.589 0.67
16 1.0 0.335 0.483 0.541 0.611 0.709 0.589 0.67
18 1.0 0.335 0.482 0.541 0.612 0.709 0.589 0.67
20 1.0 0.335 0.482 0.541 0.612 0.709 0.589 0.671
2024-10-08 11:40:02
type_number=20 gamma=1 dist_hyperpara=10 density=1
sigma_geo_new OFF RCP GRD BAT SAM1 STH COL1 CTH
0.01 1.0 0.625 0.988 0.988 0.479 0.578 0.48 0.547
0.1 1.0 0.507 0.895 0.895 0.501 0.599 0.5 0.568
1 1.0 0.337 0.555 0.558 0.595 0.689 0.58 0.654
10 1.0 0.336 0.485 0.542 0.611 0.709 0.589 0.67
100 1.0 0.31 0.482 0.532 0.609 0.708 0.589 0.66
2024-10-08 11:47:12
type_number=20 gamma=1 dist_hyperpara=10 density=1
sigma_geo_new OFF RCP GRD BAT SAM1 STH COL1 CTH
2 1.0 0.325 0.509 0.546 0.612 0.702 0.595 0.66
4 1.0 0.322 0.494 0.538 0.617 0.706 0.601 0.665
6 1.0 0.321 0.489 0.536 0.618 0.707 0.602 0.667
8 1.0 0.321 0.487 0.535 0.619 0.708 0.603 0.668
10 1.0 0.321 0.486 0.535 0.62 0.708 0.603 0.668
12 1.0 0.321 0.485 0.534 0.62 0.709 0.604 0.668
14 1.0 0.321 0.484 0.534 0.62 0.709 0.604 0.669
16 1.0 0.321 0.484 0.534 0.62 0.709 0.604 0.669
18 1.0 0.321 0.483 0.534 0.62 0.709 0.604 0.669
20 1.0 0.321 0.483 0.533 0.621 0.709 0.604 0.669
2024-10-08 11:50:53
type_number=20 gamma=1 dist_hyperpara=10 density=1
sigma_uniform OFF RCP GRD BAT SAM1 STH COL1 CTH
2 1.0 0.24297 0.51637 0.47711 0.70174 0.77284 0.68757 0.72828
4 1.0 0.23149 0.50311 0.46686 0.69769 0.77565 0.69504 0.72752
6 1.0 0.23774 0.49395 0.46077 0.69153 0.78114 0.68784 0.72941
8 1.0 0.2501 0.50076 0.4703 0.70486 0.77615 0.69506 0.73013
10 1.0 0.23658 0.49316 0.47831 0.71446 0.78058 0.68977 0.73841
12 1.0 0.23655 0.4924 0.47796 0.71467 0.78079 0.68994 0.73857
14 1.0 0.23653 0.49187 0.47772 0.71482 0.78093 0.69006 0.73868
16 1.0 0.23651 0.49147 0.47754 0.71493 0.78104 0.69015 0.73877
18 1.0 0.2365 0.49116 0.4774 0.71501 0.78113 0.69022 0.73883
20 1.0 0.23649 0.49092 0.47729 0.71508 0.78119 0.69027 0.73889
2024-10-08 11:57:13
type_number=20 gamma=1 dist_hyperpara=10 density=1
sigma_uniform OFF RCP GRD BAT SAM1 STH COL1 CTH
2 1.0 0.24297 0.51637 0.47711 0.70174 0.77284 0.68757 0.72828
4 1.0 0.23149 0.50311 0.46686 0.69769 0.77565 0.69504 0.72752
6 1.0 0.23774 0.49395 0.46077 0.69153 0.78114 0.68784 0.72941
8 1.0 0.2501 0.50076 0.4703 0.70486 0.77615 0.69506 0.73013
10 1.0 0.23658 0.49316 0.47831 0.71446 0.78058 0.68977 0.73841
12 1.0 0.23655 0.4924 0.47796 0.71467 0.78079 0.68994 0.73857
14 1.0 0.23653 0.49187 0.47772 0.71482 0.78093 0.69006 0.73868
16 1.0 0.23651 0.49147 0.47754 0.71493 0.78104 0.69015 0.73877
18 1.0 0.2365 0.49116 0.4774 0.71501 0.78113 0.69022 0.73883
20 1.0 0.23649 0.49092 0.47729 0.71508 0.78119 0.69027 0.73889
2024-10-08 12:05:53
type_number=20 gamma=1 dist_hyperpara=10 density=1
sigma_uniform OFF RCP GRD BAT SAM1 STH COL1 CTH
0.2 1.0 0.35673 0.74589 0.62827 0.61973 0.6758 0.60554 0.64461
0.4 1.0 0.28849 0.65357 0.5509 0.65754 0.7266 0.65128 0.69086
0.6 1.0 0.27282 0.5933 0.51065 0.67784 0.74828 0.6708 0.71149
0.8 1.0 0.24368 0.56362 0.49976 0.68479 0.76682 0.67495 0.7203
1 1.0 0.27132 0.54577 0.49081 0.68936 0.77208 0.67936 0.7249
1.2 1.0 0.26219 0.53462 0.48507 0.69212 0.7753 0.68199 0.72767
1.4 1.0 0.29027 0.52705 0.4811 0.6939 0.7774 0.68367 0.72949
1.6 1.0 0.24299 0.52353 0.48094 0.70022 0.77073 0.68579 0.72663
1.8 1.0 0.24299 0.5195 0.47879 0.70109 0.77192 0.6868 0.72756
2 1.0 0.24297 0.51637 0.47711 0.70174 0.77284 0.68757 0.72828
2024-10-08 14:54:32
type_number=20 gamma=1 dist_hyperpara=10 density=1
sigma_uniform OFF RCP GRD BAT SAM1 STH COL1 CTH
0.1 1.0 0.38614 0.79723 0.67228 0.58844 0.64219 0.57479 0.61234
0.2 1.0 0.35673 0.74589 0.62827 0.61973 0.6758 0.60554 0.64461
0.3 1.0 0.32534 0.69539 0.58506 0.64343 0.70118 0.62885 0.66902
0.4 1.0 0.28849 0.65357 0.5509 0.65754 0.7266 0.65128 0.69086
0.5 1.0 0.27862 0.61841 0.52608 0.66957 0.73929 0.66287 0.70311
0.6 1.0 0.27282 0.5933 0.51065 0.67784 0.74828 0.6708 0.71149
0.7 1.0 0.26983 0.57702 0.50629 0.68125 0.7628 0.67153 0.71674
0.8 1.0 0.24368 0.56362 0.49976 0.68479 0.76682 0.67495 0.7203
0.9 1.0 0.28328 0.55355 0.49475 0.68739 0.7698 0.67747 0.72292
1 1.0 0.27132 0.54577 0.49081 0.68936 0.77208 0.67936 0.7249
2024-10-08 19:36:59
type_number=20 gamma=1 dist_hyperpara=10 density=1
sigma_geo_new OFF RCP GRD BAT SAM1 STH COL1 CTH
0.1 1.0 0.50693 0.89454 0.89454 0.50068 0.59928 0.50037 0.56796
0.2 1.0 0.42191 0.80764 0.80764 0.52028 0.61882 0.51935 0.58734
0.3 1.0 0.3891 0.73543 0.73543 0.53472 0.63213 0.52061 0.58893
0.4 1.0 0.36697 0.68607 0.68607 0.54009 0.64223 0.53072 0.59923
0.5 1.0 0.36417 0.64911 0.64911 0.56159 0.64968 0.54781 0.61638
0.6 1.0 0.34299 0.62369 0.62369 0.56453 0.67113 0.54888 0.62224
0.7 1.0 0.32641 0.58451 0.58882 0.58533 0.67471 0.5705 0.63162
0.8 1.0 0.32616 0.5691 0.57822 0.58983 0.67877 0.57493 0.63596
0.9 1.0 0.32589 0.55755 0.57353 0.59331 0.68189 0.57835 0.63931
1 1.0 0.33741 0.55494 0.5577 0.59466 0.68916 0.57958 0.65359
2024-10-08 19:38:07
type_number=20 gamma=1 dist_hyperpara=10 density=1
sigma_poisson OFF RCP GRD BAT SAM1 STH COL1 CTH
0.1 1.0 0.47985 0.83793 0.78304 0.54429 0.67446 0.52808 0.61546
0.2 1.0 0.4296 0.76077 0.70865 0.56672 0.69497 0.54959 0.63607
0.3 1.0 0.38234 0.69536 0.66342 0.59241 0.70867 0.56811 0.66436
0.4 1.0 0.36618 0.63902 0.64296 0.59566 0.71507 0.58711 0.66916
0.5 1.0 0.36129 0.60075 0.61964 0.60983 0.73146 0.59654 0.67987
0.6 1.0 0.35889 0.58316 0.61227 0.60849 0.72697 0.58775 0.67856
0.7 1.0 0.36285 0.56425 0.60878 0.62343 0.73253 0.60912 0.69832
0.8 1.0 0.35795 0.55002 0.60421 0.6277 0.73599 0.61347 0.70232
0.9 1.0 0.33282 0.53931 0.60099 0.631 0.73861 0.61684 0.70539
1 1.0 0.34726 0.52542 0.59592 0.62264 0.737 0.61526 0.69708
2024-10-08 19:43:48
type_number=20 gamma=1 dist_hyperpara=10 density=1
sigma_uniform OFF RCP GRD BAT SAM1 STH COL1 CTH
1 1.0 0.27132 0.54577 0.49081 0.68936 0.77208 0.67936 0.7249
2 1.0 0.24297 0.51637 0.47711 0.70174 0.77284 0.68757 0.72828
3 1.0 0.23797 0.50745 0.47224 0.7035 0.77538 0.68969 0.73023
4 1.0 0.23149 0.50311 0.46686 0.69769 0.77565 0.69504 0.72752
5 1.0 0.23777 0.49555 0.46151 0.6912 0.78071 0.68744 0.72908
6 1.0 0.23774 0.49395 0.46077 0.69153 0.78114 0.68784 0.72941
7 1.0 0.23771 0.49281 0.46024 0.69175 0.78142 0.68811 0.72962
8 1.0 0.2501 0.50076 0.4703 0.70486 0.77615 0.69506 0.73013
9 1.0 0.2501 0.50012 0.46999 0.70502 0.77633 0.69523 0.73027
10 1.0 0.23658 0.49316 0.47831 0.71446 0.78058 0.68977 0.73841
2024-10-08 19:44:54
type_number=20 gamma=1 dist_hyperpara=10 density=1
sigma_geo_new OFF RCP GRD BAT SAM1 STH COL1 CTH
1 1.0 0.33741 0.55494 0.5577 0.59466 0.68916 0.57958 0.65359
2 1.0 0.34225 0.5077 0.55046 0.60289 0.70208 0.58078 0.66187
3 1.0 0.31989 0.4975 0.54663 0.60633 0.70495 0.58418 0.66525
4 1.0 0.31997 0.49273 0.5448 0.60797 0.7063 0.58581 0.66687
5 1.0 0.33603 0.48996 0.54372 0.60893 0.70709 0.58676 0.66781
6 1.0 0.32856 0.48816 0.54302 0.60956 0.70761 0.58738 0.66843
7 1.0 0.33566 0.4869 0.54252 0.61 0.70797 0.58782 0.66887
8 1.0 0.33562 0.48596 0.54215 0.61033 0.70824 0.58815 0.66919
9 1.0 0.33559 0.48524 0.54186 0.61059 0.70845 0.5884 0.66944
10 1.0 0.33556 0.48466 0.54163 0.61079 0.70861 0.5886 0.66964
2024-10-08 19:45:58
type_number=20 gamma=1 dist_hyperpara=10 density=1
sigma_poisson OFF RCP GRD BAT SAM1 STH COL1 CTH
1 1.0 0.34726 0.52542 0.59592 0.62264 0.737 0.61526 0.69708
2 1.0 0.32571 0.48217 0.58063 0.63899 0.7445 0.62564 0.71865
3 1.0 0.30681 0.47234 0.5776 0.64202 0.74674 0.6289 0.72144
4 1.0 0.30939 0.46773 0.57612 0.64346 0.74779 0.63046 0.72277
5 1.0 0.30942 0.46506 0.57526 0.6443 0.74839 0.63137 0.72353
6 1.0 0.30945 0.46331 0.57468 0.64484 0.74878 0.63197 0.72403
7 1.0 0.30946 0.46209 0.57428 0.64523 0.74905 0.63239 0.72438
8 1.0 0.30947 0.46118 0.57397 0.64552 0.74925 0.6327 0.72464
9 1.0 0.30948 0.46048 0.57374 0.64574 0.74941 0.63294 0.72484
10 1.0 0.30949 0.45992 0.57355 0.64591 0.74953 0.63314 0.725
