sigma OFF RCP GRD BAT SAM1 STH COL1 CTH
1 1.0 0.33741 0.55494 0.5577 0.59466 0.68916 0.57958 0.65359
2 1.0 0.34225 0.5077 0.55046 0.60289 0.70208 0.58078 0.66187
3 1.0 0.31989 0.4975 0.54663 0.60633 0.70495 0.58418 0.66525
4 1.0 0.31997 0.49273 0.5448 0.60797 0.7063 0.58581 0.66687
5 1.0 0.33603 0.48996 0.54372 0.60893 0.70709 0.58676 0.66781
6 1.0 0.32856 0.48816 0.54302 0.60956 0.70761 0.58738 0.66843
7 1.0 0.33566 0.4869 0.54252 0.61 0.70797 0.58782 0.66887
8 1.0 0.33562 0.48596 0.54215 0.61033 0.70824 0.58815 0.66919
9 1.0 0.33559 0.48524 0.54186 0.61059 0.70845 0.5884 0.66944
10 1.0 0.33556 0.48466 0.54163 0.61079 0.70861 0.5886 0.66964