sigma OFF RCP GRD BAT SAM1 STH COL1 CTH
1 1.0 0.27132 0.54577 0.49081 0.68936 0.77208 0.67936 0.7249
2 1.0 0.24297 0.51637 0.47711 0.70174 0.77284 0.68757 0.72828
3 1.0 0.23797 0.50745 0.47224 0.7035 0.77538 0.68969 0.73023
4 1.0 0.23149 0.50311 0.46686 0.69769 0.77565 0.69504 0.72752
5 1.0 0.23777 0.49555 0.46151 0.6912 0.78071 0.68744 0.72908
6 1.0 0.23774 0.49395 0.46077 0.69153 0.78114 0.68784 0.72941
7 1.0 0.23771 0.49281 0.46024 0.69175 0.78142 0.68811 0.72962
8 1.0 0.2501 0.50076 0.4703 0.70486 0.77615 0.69506 0.73013
9 1.0 0.2501 0.50012 0.46999 0.70502 0.77633 0.69523 0.73027
10 1.0 0.23658 0.49316 0.47831 0.71446 0.78058 0.68977 0.73841