sigma OFF RCP GRD BAT SAM1 STH COL1 CTH
0.1 1.0 0.50693 0.89454 0.89454 0.50068 0.59928 0.50037 0.56796
0.2 1.0 0.42191 0.80764 0.80764 0.52028 0.61882 0.51935 0.58734
0.3 1.0 0.3891 0.73543 0.73543 0.53472 0.63213 0.52061 0.58893
0.4 1.0 0.36697 0.68607 0.68607 0.54009 0.64223 0.53072 0.59923
0.5 1.0 0.36417 0.64911 0.64911 0.56159 0.64968 0.54781 0.61638
0.6 1.0 0.34299 0.62369 0.62369 0.56453 0.67113 0.54888 0.62224
0.7 1.0 0.32641 0.58451 0.58882 0.58533 0.67471 0.5705 0.63162
0.8 1.0 0.32616 0.5691 0.57822 0.58983 0.67877 0.57493 0.63596
0.9 1.0 0.32589 0.55755 0.57353 0.59331 0.68189 0.57835 0.63931
1 1.0 0.33741 0.55494 0.5577 0.59466 0.68916 0.57958 0.65359