sigma OFF RCP GRD BAT SAM1 STH COL1 CTH
1 1.0 0.34726 0.52542 0.59592 0.62264 0.737 0.61526 0.69708
2 1.0 0.32571 0.48217 0.58063 0.63899 0.7445 0.62564 0.71865
3 1.0 0.30681 0.47234 0.5776 0.64202 0.74674 0.6289 0.72144
4 1.0 0.30939 0.46773 0.57612 0.64346 0.74779 0.63046 0.72277
5 1.0 0.30942 0.46506 0.57526 0.6443 0.74839 0.63137 0.72353
6 1.0 0.30945 0.46331 0.57468 0.64484 0.74878 0.63197 0.72403
7 1.0 0.30946 0.46209 0.57428 0.64523 0.74905 0.63239 0.72438
8 1.0 0.30947 0.46118 0.57397 0.64552 0.74925 0.6327 0.72464
9 1.0 0.30948 0.46048 0.57374 0.64574 0.74941 0.63294 0.72484
10 1.0 0.30949 0.45992 0.57355 0.64591 0.74953 0.63314 0.725