sigma OFF RCP GRD BAT SAM1 STH COL1 CTH
0.1 1.0 0.47985 0.83793 0.78304 0.54429 0.67446 0.52808 0.61546
0.2 1.0 0.4296 0.76077 0.70865 0.56672 0.69497 0.54959 0.63607
0.3 1.0 0.38234 0.69536 0.66342 0.59241 0.70867 0.56811 0.66436
0.4 1.0 0.36618 0.63902 0.64296 0.59566 0.71507 0.58711 0.66916
0.5 1.0 0.36129 0.60075 0.61964 0.60983 0.73146 0.59654 0.67987
0.6 1.0 0.35889 0.58316 0.61227 0.60849 0.72697 0.58775 0.67856
0.7 1.0 0.36285 0.56425 0.60878 0.62343 0.73253 0.60912 0.69832
0.8 1.0 0.35795 0.55002 0.60421 0.6277 0.73599 0.61347 0.70232
0.9 1.0 0.33282 0.53931 0.60099 0.631 0.73861 0.61684 0.70539
1 1.0 0.34726 0.52542 0.59592 0.62264 0.737 0.61526 0.69708