single OFF RCP GRD SAM1 STH0.5 COL1 CTH0.5 BAT
5 1.0 0.332 0.629 0.739 0.743 0.742 0.744 0.592
10 1.0 0.365 0.498 0.632 0.653 0.632 0.643 0.61
15 1.0 0.395 0.479 0.629 0.644 0.628 0.637 0.648
20 1.0 0.381 0.437 0.59 0.631 0.596 0.63 0.628
25 1.0 0.409 0.431 0.583 0.612 0.574 0.596 0.678
30 1.0 0.405 0.418 0.575 0.605 0.568 0.605 0.674
35 1.0 0.45 0.407 0.575 0.606 0.539 0.575 0.735
40 1.0 0.426 0.408 0.575 0.597 0.541 0.593 0.733
45 1.0 0.406 0.389 0.553 0.606 0.534 0.573 0.73
50 1.0 0.426 0.397 0.558 0.605 0.532 0.576 0.761
55 1.0 0.457 0.395 0.545 0.592 0.548 0.586 0.768
60 1.0 0.5 0.384 0.539 0.579 0.526 0.575 0.794
65 1.0 0.411 0.394 0.551 0.552 0.533 0.574 0.756
70 1.0 0.418 0.385 0.553 0.573 0.561 0.596 0.765
75 1.0 0.407 0.376 0.55 0.573 0.545 0.584 0.749
80 1.0 0.424 0.382 0.551 0.565 0.586 0.601 0.752