rmin OFF RCP GRD SAM1 STH COL1 CTH BAT
0 1.0 0.311 0.584 0.625 0.777 0.608 0.722 0.602
0.1 1.0 0.327 0.567 0.617 0.764 0.614 0.697 0.604
0.2 1.0 0.303 0.582 0.614 0.765 0.599 0.698 0.606
0.3 1.0 0.333 0.584 0.621 0.749 0.587 0.678 0.592
0.4 1.0 0.288 0.578 0.631 0.748 0.614 0.684 0.608
0.5 1.0 0.311 0.568 0.626 0.753 0.604 0.683 0.592
0.6 1.0 0.319 0.576 0.623 0.75 0.606 0.709 0.595
0.7 1.0 0.301 0.564 0.624 0.745 0.608 0.684 0.599
0.8 1.0 0.324 0.577 0.614 0.737 0.578 0.685 0.591
0.9 1.0 0.337 0.581 0.615 0.741 0.618 0.694 0.59