single OFF RCP GRD SAM1 SAMC1 BAT
5 1.0 0.261 0.3 0.973 0.972 0.48
10 1.0 0.33 0.198 0.866 0.86 0.498
15 1.0 0.333 0.15 0.827 0.821 0.484
20 1.0 0.389 0.147 0.721 0.7 0.528
25 1.0 0.37 0.141 0.708 0.695 0.504
30 1.0 0.401 0.125 0.672 0.653 0.55
35 1.0 0.419 0.128 0.632 0.611 0.577
40 1.0 0.425 0.123 0.63 0.608 0.603
45 1.0 0.437 0.151 0.613 0.575 0.594
50 1.0 0.441 0.159 0.586 0.581 0.636
55 1.0 0.459 0.153 0.581 0.562 0.622
60 1.0 0.42 0.152 0.584 0.574 0.61
65 1.0 0.462 0.178 0.615 0.601 0.659
70 1.0 0.482 0.172 0.569 0.59 0.696