single OFF RCP GRD SAM1 STH COL1 CTH BAT
5 1.0 0.26 0.78 0.758 0.811 0.757 0.793 0.547
10 1.0 0.288 0.639 0.679 0.744 0.676 0.738 0.619
15 1.0 0.317 0.602 0.657 0.769 0.647 0.745 0.6
20 1.0 0.308 0.593 0.634 0.758 0.618 0.712 0.654
25 1.0 0.311 0.584 0.625 0.777 0.608 0.722 0.602
30 1.0 0.294 0.572 0.603 0.764 0.582 0.69 0.632
35 1.0 0.246 0.567 0.564 0.794 0.595 0.722 0.682
40 1.0 0.25 0.549 0.581 0.801 0.637 0.708 0.699
45 1.0 0.277 0.542 0.572 0.829 0.624 0.76 0.689
50 1.0 0.224 0.537 0.592 0.813 0.649 0.76 0.702