single OFF RCP GRD SAM1 SAM4 SAMC1 SAMC4 BAT BAT_G
10 1.0 0.339 0.699 0.703 0.737 0.699 0.718 0.539 0.532
20 1.0 0.376 0.622 0.597 0.687 0.583 0.641 0.679 0.673
30 1.0 0.383 0.59 0.609 0.716 0.579 0.669 0.626 0.611
40 1.0 0.386 0.57 0.582 0.73 0.543 0.66 0.726 0.717
50 1.0 0.432 0.57 0.572 0.761 0.563 0.67 0.767 0.762
60 1.0 0.41 0.562 0.565 0.746 0.57 0.674 0.751 0.742
70 1.0 0.401 0.558 0.548 0.79 0.561 0.711 0.775 0.768
80 1.0 0.398 0.544 0.551 0.793 0.593 0.713 0.729 0.723
90 1.0 0.39 0.538 0.535 0.809 0.592 0.73 0.765 0.758
100 1.0 0.376 0.529 0.534 0.79 0.587 0.687 0.749 0.743