single OFF RCP GRD SAM1 SAMC1 BAT HG
5 1.0 0.175 0.257 0.878 0.876 0.493 0.273
10 1.0 0.223 0.187 0.8 0.807 0.465 0.185
15 1.0 0.223 0.158 0.736 0.738 0.374 0.147
20 1.0 0.201 0.122 0.706 0.689 0.345 0.139
25 1.0 0.233 0.135 0.677 0.675 0.32 0.13
30 1.0 0.245 0.123 0.671 0.686 0.296 0.134
35 1.0 0.26 0.111 0.652 0.654 0.293 0.121
40 1.0 0.265 0.121 0.658 0.653 0.279 0.131
45 1.0 0.28 0.129 0.651 0.648 0.278 0.134
50 1.0 0.259 0.146 0.655 0.655 0.27 0.128
55 1.0 0.275 0.121 0.649 0.638 0.26 0.14
60 1.0 0.308 0.14 0.625 0.619 0.256 0.164
65 1.0 0.306 0.147 0.635 0.631 0.257 0.141
70 1.0 0.321 0.128 0.615 0.617 0.261 0.167