single OFF RCP GRD SAM1 SAMC1 BAT HG
5 1.0 0.005 0.249 0.936 0.934 0.467 0.244
10 1.0 0.027 0.162 0.875 0.873 0.482 0.155
15 1.0 0.048 0.126 0.807 0.809 0.465 0.121
20 1.0 0.071 0.106 0.76 0.759 0.483 0.102
25 1.0 0.097 0.1 0.726 0.725 0.499 0.096
30 1.0 0.11 0.089 0.708 0.707 0.501 0.088
35 1.0 0.128 0.086 0.69 0.693 0.527 0.082
40 1.0 0.143 0.083 0.682 0.681 0.525 0.08
45 1.0 0.219 0.1 0.672 0.681 0.618 0.074
50 1.0 0.249 0.114 0.659 0.651 0.601 0.079
55 1.0 0.244 0.088 0.644 0.642 0.629 0.078
60 1.0 0.261 0.125 0.633 0.661 0.607 0.077
65 1.0 0.27 0.121 0.649 0.648 0.614 0.087
70 1.0 0.291 0.097 0.636 0.625 0.642 0.104
2024-09-01 17:39:55
single OFF RCP GRD SAM1 SAMC1 BAT HG
40 1.0 0.191 0.108 0.66 0.662 0.191 0.078
45 1.0 0.201 0.103 0.674 0.672 0.189 0.073
50 1.0 0.213 0.087 0.633 0.65 0.178 0.087
55 1.0 0.242 0.097 0.666 0.657 0.175 0.081
60 1.0 0.252 0.088 0.643 0.636 0.169 0.092
65 1.0 0.27 0.118 0.633 0.634 0.175 0.092
70 1.0 0.281 0.1 0.607 0.612 0.164 0.098
2024-09-02 01:32:28
single OFF RCP GRD SAM1 SAMC1 BAT HG
40 1.0 0.191 0.108 0.658 0.66 0.191 0.078
45 1.0 0.201 0.103 0.674 0.672 0.189 0.073
50 1.0 0.212 0.087 0.633 0.65 0.178 0.087
55 1.0 0.242 0.097 0.666 0.657 0.175 0.081
60 1.0 0.252 0.088 0.643 0.636 0.169 0.092
65 1.0 0.27 0.118 0.633 0.634 0.175 0.092
70 1.0 0.281 0.1 0.607 0.612 0.164 0.098
