2024-07-02 20:25:00
single OFF GRD SAM1 SAMC1 BAT
40 1.0 0.125 0.63 0.615 0.551
2024-07-02 22:14:34
single OFF GRD SAM1 SAMC1
40 1.0 0.123 0.627 0.611
2024-07-02 22:23:20
single OFF GRD SAM1 SAMC1
35 1.0 0.128 0.629 0.61
40 1.0 0.123 0.627 0.611
2024-07-02 22:33:01
single OFF GRD SAM1 SAMC1
40 1.0 0.123 0.627 0.611
2024-07-02 22:59:05
single OFF GRD SAM1 SAMC1
5 1.0 0.3 0.973 0.974
10 1.0 0.198 0.864 0.862
15 1.0 0.15 0.826 0.814
20 1.0 0.154 0.727 0.712
25 1.0 0.141 0.708 0.692
30 1.0 0.125 0.67 0.651
35 1.0 0.128 0.629 0.61
40 1.0 0.123 0.627 0.611
2024-07-03 02:02:53
single OFF RCP GRD SAM1 SAMC1 BAT
5 1.0 0.261 0.3 0.973 0.972 0.48
10 1.0 0.33 0.198 0.866 0.86 0.498
15 1.0 0.333 0.15 0.827 0.821 0.484
20 1.0 0.395 0.154 0.726 0.713 0.547
25 1.0 0.37 0.141 0.708 0.695 0.504
30 1.0 0.401 0.125 0.672 0.653 0.55
35 1.0 0.419 0.128 0.632 0.611 0.577
40 1.0 0.425 0.123 0.63 0.608 0.603
single OFF RCP GRD SAM1 SAMC1 BAT
5 1.0 0.261 0.3 0.973 0.972 0.48
10 1.0 0.33 0.198 0.866 0.86 0.498
15 1.0 0.333 0.15 0.827 0.821 0.484
20 1.0 0.389 0.147 0.721 0.7 0.528
25 1.0 0.37 0.141 0.708 0.695 0.504
30 1.0 0.401 0.125 0.672 0.653 0.55
35 1.0 0.419 0.128 0.632 0.611 0.577
40 1.0 0.425 0.123 0.63 0.608 0.603
2024-08-27 21:18:11
single OFF RCP GRD SAM1 SAMC1 BAT
40 1.0 0.44 0.111 0.593 0.639 0.556
50 1.0 0.472 0.17 0.59 0.541 0.591
60 1.0 0.391 0.188 0.562 0.525 0.64
70 1.0 0.439 0.169 0.529 0.555 0.615
2024-08-27 21:27:03
single OFF RCP GRD SAM1 SAMC1 BAT
40 1.0 0.449 0.15 0.613 0.593 0.585
50 1.0 0.463 0.182 0.603 0.589 0.638
60 1.0 0.344 0.145 0.61 0.594 0.578
70 1.0 0.453 0.166 0.527 0.575 0.645
2024-08-27 21:49:15
single OFF RCP GRD SAM1 SAMC1 BAT
40 1.0 0.449 0.15 0.613 0.593 0.585
45 1.0 0.435 0.173 0.589 0.586 0.639
50 1.0 0.463 0.182 0.603 0.589 0.638
55 1.0 0.457 0.159 0.593 0.583 0.62
60 1.0 0.344 0.145 0.61 0.594 0.578
65 1.0 0.436 0.195 0.577 0.611 0.598
70 1.0 0.453 0.166 0.527 0.575 0.645
2024-08-27 23:19:57
single OFF RCP GRD SAM1 SAMC1 BAT
40 1.0 0.441 0.165 0.609 0.595 0.629
45 1.0 0.437 0.151 0.613 0.575 0.594
50 1.0 0.441 0.159 0.586 0.581 0.636
55 1.0 0.459 0.153 0.581 0.562 0.622
60 1.0 0.42 0.152 0.584 0.574 0.61
65 1.0 0.462 0.178 0.615 0.601 0.659
70 1.0 0.482 0.172 0.569 0.59 0.696
2024-08-28 10:27:56
single OFF RCP GRD SAM1 SAMC1 BAT
75 1.0 0.425 0.182 0.574 0.582 0.644
80 1.0 0.437 0.185 0.557 0.587 0.654
2024-08-29 09:45:04
single OFF RCP GRD SAM1 SAMC1 BAT
2 1.0 0.214 0.575 0.998 0.998 0.6
3 1.0 0.242 0.463 0.998 0.998 0.501
4 1.0 0.247 0.327 0.989 0.989 0.53
5 1.0 0.285 0.305 0.981 0.981 0.488
6 1.0 0.251 0.261 0.954 0.958 0.471
7 1.0 0.264 0.251 0.951 0.945 0.442
8 1.0 0.296 0.235 0.913 0.915 0.475
9 1.0 0.28 0.238 0.915 0.923 0.41
10 1.0 0.28 0.203 0.88 0.87 0.397
2024-09-09 11:42:07
single OFF RCP GRD SAM1 SAMC1 BAT
10 1.0_0.0 0.326_0.035 0.214_0.028 0.851_0.027 0.843_0.024 0.421_0.031
20 1.0_0.0 0.393_0.024 0.179_0.032 0.728_0.029 0.727_0.028 0.356_0.033
30 1.0_0.0 0.401_0.032 0.15_0.035 0.646_0.025 0.632_0.028 0.298_0.025
40 1.0_0.0 0.424_0.028 0.161_0.031 0.609_0.023 0.588_0.02 0.293_0.026
50 1.0_0.0 0.43_0.016 0.16_0.03 0.594_0.022 0.579_0.017 0.279_0.025
60 1.0_0.0 0.424_0.031 0.16_0.026 0.583_0.023 0.582_0.02 0.275_0.025
70 1.0_0.0 0.454_0.022 0.171_0.025 0.562_0.027 0.564_0.022 0.261_0.031
80 1.0_0.0 0.419_0.019 0.168_0.039 0.553_0.024 0.572_0.024 0.263_0.028
