single OFF RCP GRD SAM1 SAMC1 BAT HG
5 1.0 0.011 0.244 0.943 0.941 0.44 0.174
10 1.0 0.057 0.145 0.867 0.864 0.323 0.104
15 1.0 0.103 0.121 0.791 0.794 0.278 0.086
20 1.0 0.15 0.114 0.779 0.77 0.232 0.077
25 1.0 0.176 0.109 0.744 0.745 0.22 0.073
30 1.0 0.209 0.107 0.719 0.724 0.209 0.072
35 1.0 0.222 0.079 0.696 0.699 0.187 0.071
40 1.0 0.227 0.105 0.692 0.695 0.186 0.068
45 1.0 0.257 0.094 0.669 0.67 0.177 0.08
50 1.0 0.273 0.081 0.671 0.661 0.177 0.079
55 1.0 0.302 0.102 0.665 0.661 0.165 0.071
60 1.0 0.316 0.093 0.62 0.619 0.172 0.073
65 1.0 0.289 0.109 0.614 0.62 0.161 0.082
70 1.0 0.303 0.098 0.628 0.628 0.162 0.094
