2024-09-01 00:10:46
single OFF RCP GRD SAM1 SAMC1 BAT HG
5 1.0 0.228 0.334 0.892 0.887 0.5 0.311
10 1.0 0.262 0.237 0.809 0.82 0.45 0.234
15 1.0 0.306 0.205 0.71 0.717 0.412 0.215
20 1.0 0.329 0.191 0.694 0.706 0.364 0.184
25 1.0 0.343 0.182 0.688 0.691 0.361 0.185
30 1.0 0.36 0.176 0.642 0.642 0.354 0.183
35 1.0 0.334 0.178 0.641 0.652 0.341 0.181
40 1.0 0.348 0.181 0.629 0.632 0.328 0.177
45 1.0 0.379 0.188 0.623 0.611 0.324 0.166
50 1.0 0.353 0.174 0.613 0.647 0.32 0.171
55 1.0 0.372 0.167 0.564 0.605 0.317 0.17
60 1.0 0.357 0.175 0.614 0.613 0.313 0.164
65 1.0 0.37 0.171 0.576 0.591 0.308 0.174
70 1.0 0.39 0.171 0.582 0.6 0.304 0.177
