2025-05-06 11:40:35
density=1 type_number=20 gamma=1 w_std=10 r_min=0
th OFF SAMTH
0.1 1.0 0.70684
0.2 1.0 0.67498
0.3 1.0 0.66406
0.4 1.0 0.66597
0.5 1.0 0.64939
0.6 1.0 0.61749
0.7 1.0 0.62212
0.8 1.0 0.61826
0.9 1.0 0.63223
1.0 1.0 0.63277
2025-05-06 11:42:10
density=1 type_number=20 gamma=1 w_std=10 r_min=0
th OFF SAMTH
0.05 1.0 0.69755
0.1 1.0 0.7044
0.15 1.0 0.69973
0.2 1.0 0.68787
0.25 1.0 0.66263
0.3 1.0 0.66008
0.35 1.0 0.66376
0.4 1.0 0.656
0.45 1.0 0.64632
0.5 1.0 0.64912
0.55 1.0 0.63531
0.6 1.0 0.63593
0.65 1.0 0.6297
0.7 1.0 0.62553
0.75 1.0 0.63298
0.8 1.0 0.61144
0.85 1.0 0.62246
0.9 1.0 0.60552
0.95 1.0 0.60415
1 1.0 0.62436
2025-05-06 19:30:22
density=1 type_number=20 gamma=1 w_std=0.5 r_min=0
th OFF SAMTH
0.05 1.0 0.65743
0.1 1.0 0.66003
0.15 1.0 0.66733
0.2 1.0 0.64544
0.25 1.0 0.62381
0.3 1.0 0.62836
0.35 1.0 0.62505
0.4 1.0 0.61043
0.45 1.0 0.61142
0.5 1.0 0.61575
0.55 1.0 0.58607
0.6 1.0 0.57722
0.65 1.0 0.58486
0.7 1.0 0.58146
0.75 1.0 0.56866
0.8 1.0 0.57387
0.85 1.0 0.57338
0.9 1.0 0.57784
0.95 1.0 0.56002
1 1.0 0.5691
2025-05-06 19:31:35
density=1 type_number=20 gamma=1 w_std=1 r_min=0
th OFF SAMTH
0.05 1.0 0.68926
0.1 1.0 0.68768
0.15 1.0 0.67622
0.2 1.0 0.65212
0.25 1.0 0.65888
0.3 1.0 0.6445
0.35 1.0 0.64189
0.4 1.0 0.62914
0.45 1.0 0.61482
0.5 1.0 0.62136
0.55 1.0 0.6243
0.6 1.0 0.61785
0.65 1.0 0.59332
0.7 1.0 0.60965
0.75 1.0 0.60272
0.8 1.0 0.59099
0.85 1.0 0.58912
0.9 1.0 0.59202
0.95 1.0 0.59376
1 1.0 0.58641
2025-05-06 19:32:47
density=1 type_number=20 gamma=1 w_std=5 r_min=0
th OFF SAMTH
0.05 1.0 0.70632
0.1 1.0 0.70335
0.15 1.0 0.70042
0.2 1.0 0.67184
0.25 1.0 0.66597
0.3 1.0 0.664
0.35 1.0 0.66598
0.4 1.0 0.66468
0.45 1.0 0.64946
0.5 1.0 0.65182
0.55 1.0 0.63383
0.6 1.0 0.6303
0.65 1.0 0.63635
0.7 1.0 0.61675
0.75 1.0 0.6249
0.8 1.0 0.60822
0.85 1.0 0.61194
0.9 1.0 0.5986
0.95 1.0 0.61125
1 1.0 0.60866
2025-05-06 19:33:59
density=1 type_number=20 gamma=1 w_std=10 r_min=0
th OFF SAMTH
0.05 1.0 0.70909
0.1 1.0 0.71267
0.15 1.0 0.7066
0.2 1.0 0.68531
0.25 1.0 0.67918
0.3 1.0 0.65396
0.35 1.0 0.66523
0.4 1.0 0.65966
0.45 1.0 0.67354
0.5 1.0 0.63965
0.55 1.0 0.64288
0.6 1.0 0.62434
0.65 1.0 0.63344
0.7 1.0 0.62527
0.75 1.0 0.61393
0.8 1.0 0.62259
0.85 1.0 0.6127
0.9 1.0 0.61887
0.95 1.0 0.61452
1 1.0 0.61562
2025-05-07 07:47:48
density=1 type_number=20 gamma=1 w_std=5 r_min=0
th OFF SAMTH
0.05 1.0 0.73123
0.1 1.0 0.70921
0.15 1.0 0.65969
0.2 1.0 0.66905
0.25 1.0 0.6556
0.3 1.0 0.66876
0.35 1.0 0.63965
0.4 1.0 0.64236
0.45 1.0 0.63366
0.5 1.0 0.60719
0.55 1.0 0.56053
0.6 1.0 0.55843
0.65 1.0 0.56374
0.7 1.0 0.53099
0.75 1.0 0.53838
0.8 1.0 0.53998
0.85 1.0 0.53713
0.9 1.0 0.53552
0.95 1.0 0.54269
1 1.0 0.5383
2025-05-07 07:57:19
density=1 type_number=20 gamma=1 w_std=5 r_min=0
th OFF SAMTH
0.02 1.0 0.72425
0.04 1.0 0.72069
0.06 1.0 0.72281
0.08 1.0 0.69517
0.1 1.0 0.69826
0.15 1.0 0.66755
0.2 1.0 0.66232
0.25 1.0 0.6572
0.3 1.0 0.67021
0.35 1.0 0.64541
0.4 1.0 0.63372
0.45 1.0 0.61299
0.5 1.0 0.59022
0.55 1.0 0.5618
0.6 1.0 0.56229
0.65 1.0 0.57519
0.7 1.0 0.54741
0.75 1.0 0.53469
0.8 1.0 0.54644
0.85 1.0 0.5466
0.9 1.0 0.52854
0.95 1.0 0.54364
1 1.0 0.54472
2025-05-07 08:01:25
density=1 type_number=20 gamma=1 w_std=5 r_min=0
th OFF SAMTH
0.01 1.0 0.71277
0.02 1.0 0.7146
0.03 1.0 0.7101
0.04 1.0 0.71826
0.05 1.0 0.70986
0.06 1.0 0.70967
0.07 1.0 0.6982
0.08 1.0 0.70549
0.09 1.0 0.70874
0.1 1.0 0.69445
0.15 1.0 0.68791
0.2 1.0 0.67796
0.25 1.0 0.66477
0.3 1.0 0.65977
0.35 1.0 0.66933
0.4 1.0 0.65204
0.45 1.0 0.65893
0.5 1.0 0.65444
0.55 1.0 0.64851
0.6 1.0 0.61894
0.65 1.0 0.62637
0.7 1.0 0.61393
0.75 1.0 0.61331
0.8 1.0 0.62129
0.85 1.0 0.6157
0.9 1.0 0.61938
0.95 1.0 0.60473
1 1.0 0.62619
2025-05-07 11:23:42
density=1 type_number=20 gamma=1 w_std=5 r_min=0
th OFF SAMTH
0.01 1.0 0.72876
0.02 1.0 0.72255
0.03 1.0 0.72246
0.04 1.0 0.72327
0.05 1.0 0.72248
0.06 1.0 0.7304
0.07 1.0 0.71374
0.08 1.0 0.69685
0.09 1.0 0.69189
0.1 1.0 0.69352
0.15 1.0 0.67694
0.2 1.0 0.66573
0.25 1.0 0.65877
0.3 1.0 0.65985
0.35 1.0 0.6414
0.4 1.0 0.63633
0.45 1.0 0.63238
0.5 1.0 0.59806
0.55 1.0 0.56905
0.6 1.0 0.5532
0.65 1.0 0.55772
0.7 1.0 0.55846
0.75 1.0 0.53926
0.8 1.0 0.54317
0.85 1.0 0.53708
0.9 1.0 0.5526
0.95 1.0 0.53164
1 1.0 0.54314
2025-05-07 11:31:06
density=1 type_number=20 gamma=1 w_std=5 r_min=0
th OFF SAMTH
0.01 1.0 0.75459
0.02 1.0 0.73964
0.03 1.0 0.73683
0.04 1.0 0.73838
0.05 1.0 0.74537
0.06 1.0 0.73981
0.07 1.0 0.73936
0.08 1.0 0.72925
0.09 1.0 0.7498
0.1 1.0 0.7347
0.15 1.0 0.74678
0.2 1.0 0.7298
0.25 1.0 0.73575
0.3 1.0 0.73076
0.35 1.0 0.7244
0.4 1.0 0.71034
0.45 1.0 0.70849
0.5 1.0 0.70923
0.55 1.0 0.68893
0.6 1.0 0.69498
0.65 1.0 0.68874
0.7 1.0 0.70818
0.75 1.0 0.6826
0.8 1.0 0.67321
0.85 1.0 0.68367
0.9 1.0 0.67993
0.95 1.0 0.66581
1 1.0 0.6802
2025-05-07 11:45:07
density=1 type_number=20 gamma=1 w_std=5 r_min=0
th OFF SAMTH
0.01 1.0 0.77183
0.02 1.0 0.77101
0.03 1.0 0.75896
0.04 1.0 0.75812
0.05 1.0 0.75724
0.06 1.0 0.74424
0.07 1.0 0.74596
0.08 1.0 0.74238
0.09 1.0 0.73026
0.1 1.0 0.73423
0.15 1.0 0.71163
0.2 1.0 0.67805
0.25 1.0 0.56854
0.3 1.0 0.52034
0.35 1.0 0.48949
0.4 1.0 0.48946
0.45 1.0 0.48384
0.5 1.0 0.48803
0.55 1.0 0.4785
0.6 1.0 0.46989
0.65 1.0 0.47936
0.7 1.0 0.47417
0.75 1.0 0.46407
0.8 1.0 0.48051
0.85 1.0 0.46423
0.9 1.0 0.47229
0.95 1.0 0.47355
1 1.0 0.47591
2025-05-07 11:48:50
density=1 type_number=5 gamma=1 w_std=5 r_min=0
th OFF SAMTH
0.01 1.0 0.84653
0.02 1.0 0.84834
0.03 1.0 0.84168
0.04 1.0 0.8123
0.05 1.0 0.83375
0.06 1.0 0.85171
0.07 1.0 0.82905
0.08 1.0 0.8524
0.09 1.0 0.8296
0.1 1.0 0.84335
0.15 1.0 0.82701
0.2 1.0 0.59529
0.25 1.0 0.6059
0.3 1.0 0.58932
0.35 1.0 0.5317
0.4 1.0 0.62565
0.45 1.0 0.58951
0.5 1.0 0.57055
0.55 1.0 0.59642
0.6 1.0 0.54237
0.65 1.0 0.58341
0.7 1.0 0.51228
0.75 1.0 0.55262
0.8 1.0 0.52159
0.85 1.0 0.52001
0.9 1.0 0.52601
0.95 1.0 0.5458
1 1.0 0.53364
2025-05-13 09:08:35
density=1 type_number=20 gamma=1 w_std=0.5 r_min=0
th OFF SAMTH
0.0 1.0 984.593
0.05 1.0 976.412
0.1 1.0 976.57
0.15 1.0 971.705
0.2 1.0 972.54
0.25 1.0 957.332
0.3 1.0 949.93
2025-05-13 09:08:39
density=1 type_number=20 gamma=1 w_std=0.5 r_min=0
th OFF SAMTH
0.0 1.0 1052.859
0.05 1.0 1052.881
0.1 1.0 1033.09
0.15 1.0 992.439
0.2 1.0 974.398
0.25 1.0 982.661
0.3 1.0 971.77
2025-05-13 09:08:45
density=1 type_number=20 gamma=1 w_std=0.5 r_min=0
th OFF SAMTH
0.0 1.0 1185.525
0.05 1.0 1158.121
0.1 1.0 1112.206
0.15 1.0 1073.112
0.2 1.0 1069.247
0.25 1.0 1042.167
0.3 1.0 1037.968
2025-05-13 09:08:53
density=1 type_number=20 gamma=1 w_std=0.5 r_min=0
th OFF SAMTH
0.0 1.0 1265.97
0.05 1.0 1215.416
0.1 1.0 1179.344
0.15 1.0 1180.747
0.2 1.0 1170.704
0.25 1.0 1094.737
0.3 1.0 1075.578
2025-05-13 09:08:57
density=1 type_number=20 gamma=1 w_std=1 r_min=0
th OFF SAMTH
0.0 1.0 1435.641
0.05 1.0 1448.233
0.1 1.0 1423.113
0.15 1.0 1418.846
0.2 1.0 1384.692
0.25 1.0 1392.978
0.3 1.0 1383.586
2025-05-13 09:09:01
density=1 type_number=20 gamma=1 w_std=1 r_min=0
th OFF SAMTH
0.0 1.0 1573.234
0.05 1.0 1549.74
0.1 1.0 1499.198
0.15 1.0 1498.102
0.2 1.0 1439.522
0.25 1.0 1437.52
0.3 1.0 1419.238
2025-05-13 09:09:07
density=1 type_number=20 gamma=1 w_std=1 r_min=0
th OFF SAMTH
0.0 1.0 1786.031
0.05 1.0 1730.756
0.1 1.0 1650.062
0.15 1.0 1600.122
0.2 1.0 1583.796
0.25 1.0 1576.796
0.3 1.0 1597.924
2025-05-13 09:09:14
density=1 type_number=20 gamma=1 w_std=1 r_min=0
th OFF SAMTH
0.0 1.0 1904.218
0.05 1.0 1821.179
0.1 1.0 1734.481
0.15 1.0 1770.189
0.2 1.0 1653.038
0.25 1.0 1656.615
0.3 1.0 1654.594
2025-05-13 09:09:18
density=1 type_number=20 gamma=1 w_std=5 r_min=0
th OFF SAMTH
0.0 1.0 5362.272
0.05 1.0 5356.158
0.1 1.0 5205.565
0.15 1.0 5250.719
0.2 1.0 5250.762
0.25 1.0 5322.718
0.3 1.0 5242.7
2025-05-13 09:09:23
density=1 type_number=20 gamma=1 w_std=5 r_min=0
th OFF SAMTH
0.0 1.0 6078.146
0.05 1.0 5861.015
0.1 1.0 5754.969
0.15 1.0 5909.426
0.2 1.0 5518.283
0.25 1.0 5572.42
0.3 1.0 5455.416
2025-05-13 09:09:29
density=1 type_number=20 gamma=1 w_std=5 r_min=0
th OFF SAMTH
0.0 1.0 6763.447
0.05 1.0 6761.341
0.1 1.0 6350.919
0.15 1.0 6249.053
0.2 1.0 6312.513
0.25 1.0 6035.593
0.3 1.0 6056.443
2025-05-13 09:09:36
density=1 type_number=20 gamma=1 w_std=5 r_min=0
th OFF SAMTH
0.0 1.0 7374.366
0.05 1.0 6944.136
0.1 1.0 6765.418
0.15 1.0 6890.468
0.2 1.0 6695.867
0.25 1.0 6240.404
0.3 1.0 6301.092
2025-05-13 09:09:40
density=1 type_number=20 gamma=1 w_std=10 r_min=0
th OFF SAMTH
0.0 1.0 10127.08
0.05 1.0 10330.916
0.1 1.0 10367.723
0.15 1.0 10275.163
0.2 1.0 10195.22
0.25 1.0 10241.186
0.3 1.0 10069.502
2025-05-13 09:09:44
density=1 type_number=20 gamma=1 w_std=10 r_min=0
th OFF SAMTH
0.0 1.0 11591.33
0.05 1.0 11470.314
0.1 1.0 11298.309
0.15 1.0 11094.653
0.2 1.0 10666.343
0.25 1.0 10872.14
0.3 1.0 10684.87
2025-05-13 09:09:50
density=1 type_number=20 gamma=1 w_std=10 r_min=0
th OFF SAMTH
0.0 1.0 13094.807
0.05 1.0 12631.432
0.1 1.0 12368.724
0.15 1.0 12163.826
0.2 1.0 11961.53
0.25 1.0 11759.335
0.3 1.0 11439.366
2025-05-13 09:09:57
density=1 type_number=20 gamma=1 w_std=10 r_min=0
th OFF SAMTH
0.0 1.0 14089.069
0.05 1.0 13514.127
0.1 1.0 12979.974
0.15 1.0 13314.219
0.2 1.0 13223.437
0.25 1.0 12561.178
0.3 1.0 11995.644
2025-05-13 09:15:52
density=1 type_number=5 gamma=1 w_std=5 r_min=0 dist_hyperpara=5
th OFF SAMTH
0.0 1.0 5517.472
0.05 1.0 5759.291
0.1 1.0 5492.776
0.15 1.0 5581.666
0.2 1.0 5416.638
0.25 1.0 5568.328
0.3 1.0 5669.669
2025-05-13 09:15:54
density=1 type_number=5 gamma=1 w_std=5 r_min=0 dist_hyperpara=10
th OFF SAMTH
0.0 1.0 6169.266
0.05 1.0 6104.5
0.1 1.0 6037.778
0.15 1.0 5785.017
0.2 1.0 6041.19
0.25 1.0 4929.806
0.3 1.0 5229.981
2025-05-13 09:15:58
density=1 type_number=5 gamma=1 w_std=5 r_min=0 dist_hyperpara=20
th OFF SAMTH
0.0 1.0 6616.894
0.05 1.0 6633.913
0.1 1.0 6144.878
0.15 1.0 6096.041
0.2 1.0 4619.936
0.25 1.0 4785.279
0.3 1.0 4539.344
2025-05-13 09:16:03
density=1 type_number=5 gamma=1 w_std=5 r_min=0 dist_hyperpara=30
th OFF SAMTH
0.0 1.0 6751.965
0.05 1.0 6672.985
0.1 1.0 6990.355
0.15 1.0 4781.924
0.2 1.0 5073.28
0.25 1.0 5289.573
0.3 1.0 4784.323
2025-05-13 09:24:45
density=1 type_number=5 gamma=1 w_std=5 r_min=0 dist_hyperpara=5 dist_type=geo_new
th OFF SAMTH
0.0 1.0 5605.498
0.05 1.0 5710.598
0.1 1.0 5540.999
0.15 1.0 5624.747
0.2 1.0 5579.664
0.25 1.0 5694.523
0.3 1.0 5616.793
2025-05-13 09:24:48
density=1 type_number=5 gamma=1 w_std=5 r_min=0 dist_hyperpara=10 dist_type=geo_new
th OFF SAMTH
0.0 1.0 6022.144
0.05 1.0 5768.574
0.1 1.0 5929.585
0.15 1.0 6148.729
0.2 1.0 5743.436
0.25 1.0 5675.715
0.3 1.0 5712.507
2025-05-13 09:24:51
density=1 type_number=5 gamma=1 w_std=5 r_min=0 dist_hyperpara=20 dist_type=geo_new
th OFF SAMTH
0.0 1.0 6608.725
0.05 1.0 6225.789
0.1 1.0 6314.95
0.15 1.0 6195.464
0.2 1.0 5031.466
0.25 1.0 4823.039
0.3 1.0 4649.88
2025-05-13 09:24:56
density=1 type_number=5 gamma=1 w_std=5 r_min=0 dist_hyperpara=30 dist_type=geo_new
th OFF SAMTH
0.0 1.0 6843.458
0.05 1.0 6860.461
0.1 1.0 6943.118
0.15 1.0 5146.568
0.2 1.0 4358.379
0.25 1.0 4629.002
0.3 1.0 4586.357
2025-05-14 07:07:58
density=1 type_number=10 gamma=1 w_std=5 r_min=0 dist_hyperpara=10 dist_type=geo_new
th OFF SAMTH
0.0 1.0 0.756
0.1 1.0 0.75
0.2 1.0 0.746
0.3 1.0 0.731
0.4 1.0 0.589
0.5 1.0 0.558
2025-05-14 07:09:00
density=1 type_number=10 gamma=1 w_std=5 r_min=0 dist_hyperpara=20 dist_type=geo_new
th OFF SAMTH
0.0 1.0 0.77
0.1 1.0 0.753
0.2 1.0 0.685
0.3 1.0 0.549
0.4 1.0 0.531
0.5 1.0 0.513
2025-05-14 07:11:30
density=1 type_number=15 gamma=1 w_std=5 r_min=0 dist_hyperpara=10 dist_type=geo_new
th OFF SAMTH
0.0 1.0 0.731
0.1 1.0 0.726
0.2 1.0 0.692
0.3 1.0 0.655
0.4 1.0 0.634
0.5 1.0 0.606
2025-05-14 07:12:18
density=1 type_number=15 gamma=1 w_std=5 r_min=0 dist_hyperpara=20 dist_type=geo_new
th OFF SAMTH
0.0 1.0 0.73
0.1 1.0 0.714
0.2 1.0 0.662
0.3 1.0 0.597
0.4 1.0 0.571
0.5 1.0 0.532
2025-05-14 07:14:50
density=1 type_number=20 gamma=1 w_std=5 r_min=0 dist_hyperpara=10 dist_type=geo_new
th OFF SAMTH
0.0 1.0 0.701
0.1 1.0 0.682
0.2 1.0 0.67
0.3 1.0 0.67
0.4 1.0 0.654
0.5 1.0 0.63
2025-05-14 07:15:36
density=1 type_number=20 gamma=1 w_std=5 r_min=0 dist_hyperpara=20 dist_type=geo_new
th OFF SAMTH
0.0 1.0 0.728
0.1 1.0 0.712
0.2 1.0 0.679
0.3 1.0 0.657
0.4 1.0 0.631
0.5 1.0 0.613
2025-05-14 07:31:33
density=1 type_number=10 gamma=1 w_std=5 r_min=0 dist_hyperpara=10 dist_type=geo_new
th OFF SAMTH
0.0 1.0 0.74
0.05 1.0 0.744
0.1 1.0 0.735
0.2 1.0 0.721
0.3 1.0 0.642
0.4 1.0 0.588
0.5 1.0 0.595
2025-05-14 07:32:46
density=1 type_number=10 gamma=1 w_std=5 r_min=0 dist_hyperpara=20 dist_type=geo_new
th OFF SAMTH
0.0 1.0 0.75
0.05 1.0 0.758
0.1 1.0 0.756
0.2 1.0 0.635
0.3 1.0 0.53
0.4 1.0 0.539
0.5 1.0 0.529
2025-05-14 07:35:38
density=1 type_number=15 gamma=1 w_std=5 r_min=0 dist_hyperpara=10 dist_type=geo_new
th OFF SAMTH
0.0 1.0 0.73
0.05 1.0 0.721
0.1 1.0 0.739
0.2 1.0 0.684
0.3 1.0 0.659
0.4 1.0 0.624
0.5 1.0 0.619
2025-05-14 07:36:37
density=1 type_number=15 gamma=1 w_std=5 r_min=0 dist_hyperpara=20 dist_type=geo_new
th OFF SAMTH
0.0 1.0 0.741
0.05 1.0 0.724
0.1 1.0 0.712
0.2 1.0 0.642
0.3 1.0 0.56
0.4 1.0 0.548
0.5 1.0 0.525
2025-05-14 07:39:27
density=1 type_number=20 gamma=1 w_std=5 r_min=0 dist_hyperpara=10 dist_type=geo_new
th OFF SAMTH
0.0 1.0 0.707
0.05 1.0 0.691
0.1 1.0 0.731
0.2 1.0 0.692
0.3 1.0 0.68
0.4 1.0 0.638
0.5 1.0 0.638
2025-05-14 07:40:21
density=1 type_number=20 gamma=1 w_std=5 r_min=0 dist_hyperpara=20 dist_type=geo_new
th OFF SAMTH
0.0 1.0 0.76
0.05 1.0 0.714
0.1 1.0 0.684
0.2 1.0 0.657
0.3 1.0 0.685
0.4 1.0 0.628
0.5 1.0 0.596
2025-05-14 08:05:07
density=1 type_number=10 gamma=1 w_std=0.5 r_min=0 dist_hyperpara=10 dist_type=geo_new
th OFF SAMTH
0.0 1.0 280.027
0.05 1.0 286.181
0.1 1.0 278.972
0.2 1.0 264.769
0.3 1.0 263.099
0.4 1.0 221.536
0.5 1.0 215.167
2025-05-14 08:05:08
density=1 type_number=10 gamma=1 w_std=0.5 r_min=0 dist_hyperpara=20 dist_type=geo_new
th OFF SAMTH
0.0 1.0 309.203
0.05 1.0 307.513
0.1 1.0 306.731
0.2 1.0 262.667
0.3 1.0 221.159
0.4 1.0 212.85
0.5 1.0 207.466
2025-05-14 08:05:10
density=1 type_number=10 gamma=1 w_std=1 r_min=0 dist_hyperpara=10 dist_type=geo_new
th OFF SAMTH
0.0 1.0 391.902
0.05 1.0 391.288
0.1 1.0 403.239
0.2 1.0 379.048
0.3 1.0 388.345
0.4 1.0 308.857
0.5 1.0 309.406
2025-05-14 08:05:11
density=1 type_number=10 gamma=1 w_std=1 r_min=0 dist_hyperpara=20 dist_type=geo_new
th OFF SAMTH
0.0 1.0 455.006
0.05 1.0 444.466
0.1 1.0 424.954
0.2 1.0 373.835
0.3 1.0 306.402
0.4 1.0 304.425
0.5 1.0 303.756
2025-05-14 08:05:12
density=1 type_number=10 gamma=1 w_std=5 r_min=0 dist_hyperpara=10 dist_type=geo_new
th OFF SAMTH
0.0 1.0 1458.486
0.05 1.0 1519.267
0.1 1.0 1452.806
0.2 1.0 1387.165
0.3 1.0 1435.531
0.4 1.0 1214.17
0.5 1.0 1191.133
2025-05-14 08:05:14
density=1 type_number=10 gamma=1 w_std=5 r_min=0 dist_hyperpara=20 dist_type=geo_new
th OFF SAMTH
0.0 1.0 1637.236
0.05 1.0 1673.792
0.1 1.0 1679.84
0.2 1.0 1358.211
0.3 1.0 1200.007
0.4 1.0 1229.486
0.5 1.0 1181.187
2025-05-14 08:05:15
density=1 type_number=10 gamma=1 w_std=10 r_min=0 dist_hyperpara=10 dist_type=geo_new
th OFF SAMTH
0.0 1.0 2784.986
0.05 1.0 2827.172
0.1 1.0 2815.913
0.2 1.0 2807.873
0.3 1.0 2833.51
0.4 1.0 2411.181
0.5 1.0 2209.09
2025-05-14 08:05:16
density=1 type_number=10 gamma=1 w_std=10 r_min=0 dist_hyperpara=20 dist_type=geo_new
th OFF SAMTH
0.0 1.0 3279.543
0.05 1.0 3313.89
0.1 1.0 3059.982
0.2 1.0 2839.129
0.3 1.0 2433.371
0.4 1.0 2297.359
0.5 1.0 2221.945
2025-05-14 08:05:36
density=1 type_number=20 gamma=1 w_std=0.5 r_min=0 dist_hyperpara=10 dist_type=geo_new
th OFF SAMTH
0.0 1.0 250.712
0.05 1.0 267.261
0.1 1.0 260.624
0.2 1.0 243.736
0.3 1.0 231.664
0.4 1.0 241.689
0.5 1.0 229.797
2025-05-14 08:05:39
density=1 type_number=20 gamma=1 w_std=0.5 r_min=0 dist_hyperpara=20 dist_type=geo_new
th OFF SAMTH
0.0 1.0 302.065
0.05 1.0 291.724
0.1 1.0 276.866
0.2 1.0 276.135
0.3 1.0 266.8
0.4 1.0 248.946
0.5 1.0 230.241
2025-05-14 08:05:42
density=1 type_number=20 gamma=1 w_std=1 r_min=0 dist_hyperpara=10 dist_type=geo_new
th OFF SAMTH
0.0 1.0 369.397
0.05 1.0 371.361
0.1 1.0 364.473
0.2 1.0 363.05
0.3 1.0 341.569
0.4 1.0 355.747
0.5 1.0 384.345
2025-05-14 08:05:44
density=1 type_number=20 gamma=1 w_std=1 r_min=0 dist_hyperpara=20 dist_type=geo_new
th OFF SAMTH
0.0 1.0 462.945
0.05 1.0 438.241
0.1 1.0 396.987
0.2 1.0 393.608
0.3 1.0 392.505
0.4 1.0 384.463
0.5 1.0 357.371
2025-05-14 08:05:47
density=1 type_number=20 gamma=1 w_std=5 r_min=0 dist_hyperpara=10 dist_type=geo_new
th OFF SAMTH
0.0 1.0 1526.86
0.05 1.0 1570.957
0.1 1.0 1383.043
0.2 1.0 1311.843
0.3 1.0 1406.729
0.4 1.0 1340.14
0.5 1.0 1332.164
2025-05-14 08:05:50
density=1 type_number=20 gamma=1 w_std=5 r_min=0 dist_hyperpara=20 dist_type=geo_new
th OFF SAMTH
0.0 1.0 1668.157
0.05 1.0 1659.191
0.1 1.0 1641.915
0.2 1.0 1557.781
0.3 1.0 1504.328
0.4 1.0 1473.02
0.5 1.0 1383.261
2025-05-14 08:05:52
density=1 type_number=20 gamma=1 w_std=10 r_min=0 dist_hyperpara=10 dist_type=geo_new
th OFF SAMTH
0.0 1.0 2833.386
0.05 1.0 2862.296
0.1 1.0 2819.554
0.2 1.0 2642.873
0.3 1.0 2597.921
0.4 1.0 2593.793
0.5 1.0 2519.553
2025-05-14 08:05:55
density=1 type_number=20 gamma=1 w_std=10 r_min=0 dist_hyperpara=20 dist_type=geo_new
th OFF SAMTH
0.0 1.0 3419.494
0.05 1.0 3227.951
0.1 1.0 3101.615
0.2 1.0 2981.783
0.3 1.0 2876.108
0.4 1.0 2675.902
0.5 1.0 2653.971
2025-05-14 08:06:26
density=1 type_number=10 gamma=1 w_std=0.5 r_min=0 dist_hyperpara=10 dist_type=geo_new
th OFF SAMTH
0.0 1.0 2808.229
0.05 1.0 2825.473
0.1 1.0 2796.112
0.2 1.0 2727.174
0.3 1.0 2651.795
0.4 1.0 2201.638
0.5 1.0 2059.222
2025-05-14 08:06:37
density=1 type_number=10 gamma=1 w_std=0.5 r_min=0 dist_hyperpara=20 dist_type=geo_new
th OFF SAMTH
0.0 1.0 3149.071
0.05 1.0 3121.098
0.1 1.0 2973.297
0.2 1.0 2488.785
0.3 1.0 2145.313
0.4 1.0 2142.45
0.5 1.0 2050.941
2025-05-14 08:06:45
density=1 type_number=10 gamma=1 w_std=1 r_min=0 dist_hyperpara=10 dist_type=geo_new
th OFF SAMTH
0.0 1.0 4030.214
0.05 1.0 4101.159
0.1 1.0 4045.0
0.2 1.0 3923.133
0.3 1.0 3659.412
0.4 1.0 3150.576
0.5 1.0 3023.117
2025-05-14 08:06:57
density=1 type_number=10 gamma=1 w_std=1 r_min=0 dist_hyperpara=20 dist_type=geo_new
th OFF SAMTH
0.0 1.0 4628.842
0.05 1.0 4499.188
0.1 1.0 4471.733
0.2 1.0 3815.072
0.3 1.0 3107.171
0.4 1.0 3159.628
0.5 1.0 3038.638
2025-05-14 08:07:04
density=1 type_number=10 gamma=1 w_std=5 r_min=0 dist_hyperpara=10 dist_type=geo_new
th OFF SAMTH
0.0 1.0 15075.775
0.05 1.0 15185.019
0.1 1.0 15100.706
0.2 1.0 15060.412
0.3 1.0 13962.459
0.4 1.0 11698.536
0.5 1.0 11428.14
2025-05-14 08:07:16
density=1 type_number=10 gamma=1 w_std=5 r_min=0 dist_hyperpara=20 dist_type=geo_new
th OFF SAMTH
0.0 1.0 16721.87
0.05 1.0 16023.027
0.1 1.0 16632.456
0.2 1.0 13918.86
0.3 1.0 11737.886
0.4 1.0 11813.191
0.5 1.0 11306.771
2025-05-14 08:07:23
density=1 type_number=10 gamma=1 w_std=10 r_min=0 dist_hyperpara=10 dist_type=geo_new
th OFF SAMTH
0.0 1.0 28871.023
0.05 1.0 29702.028
0.1 1.0 29581.921
0.2 1.0 29062.293
0.3 1.0 26257.761
0.4 1.0 22615.107
0.5 1.0 22880.455
2025-05-14 08:07:35
density=1 type_number=10 gamma=1 w_std=10 r_min=0 dist_hyperpara=20 dist_type=geo_new
th OFF SAMTH
0.0 1.0 32565.41
0.05 1.0 31996.071
0.1 1.0 31516.003
0.2 1.0 26717.805
0.3 1.0 23604.907
0.4 1.0 23071.965
0.5 1.0 21747.584
2025-05-14 08:09:26
density=1 type_number=20 gamma=1 w_std=0.5 r_min=0 dist_hyperpara=10 dist_type=geo_new
th OFF SAMTH
0.0 1.0 2567.475
0.05 1.0 2568.056
0.1 1.0 2506.402
0.2 1.0 2415.543
0.3 1.0 2362.682
0.4 1.0 2351.946
0.5 1.0 2354.134
2025-05-14 08:09:39
density=1 type_number=20 gamma=1 w_std=0.5 r_min=0 dist_hyperpara=20 dist_type=geo_new
th OFF SAMTH
0.0 1.0 3012.83
0.05 1.0 2932.606
0.1 1.0 2791.524
0.2 1.0 2676.815
0.3 1.0 2611.149
0.4 1.0 2457.044
0.5 1.0 2382.607
2025-05-14 08:09:48
density=1 type_number=20 gamma=1 w_std=1 r_min=0 dist_hyperpara=10 dist_type=geo_new
th OFF SAMTH
0.0 1.0 3860.083
0.05 1.0 3751.688
0.1 1.0 3846.386
0.2 1.0 3602.76
0.3 1.0 3567.524
0.4 1.0 3475.369
0.5 1.0 3409.761
2025-05-14 08:10:01
density=1 type_number=20 gamma=1 w_std=1 r_min=0 dist_hyperpara=20 dist_type=geo_new
th OFF SAMTH
0.0 1.0 4357.854
0.05 1.0 4360.848
0.1 1.0 4201.243
0.2 1.0 4031.379
0.3 1.0 3988.482
0.4 1.0 3736.209
0.5 1.0 3578.449
2025-05-14 08:10:10
density=1 type_number=20 gamma=1 w_std=5 r_min=0 dist_hyperpara=10 dist_type=geo_new
th OFF SAMTH
0.0 1.0 14290.255
0.05 1.0 14404.647
0.1 1.0 14453.096
0.2 1.0 14178.918
0.3 1.0 13703.321
0.4 1.0 13626.971
0.5 1.0 13085.217
2025-05-14 08:10:22
density=1 type_number=20 gamma=1 w_std=5 r_min=0 dist_hyperpara=20 dist_type=geo_new
th OFF SAMTH
0.0 1.0 16898.679
0.05 1.0 16875.226
0.1 1.0 16103.311
0.2 1.0 15373.95
0.3 1.0 15236.694
0.4 1.0 14434.401
0.5 1.0 13910.072
2025-05-14 08:10:31
density=1 type_number=20 gamma=1 w_std=10 r_min=0 dist_hyperpara=10 dist_type=geo_new
th OFF SAMTH
0.0 1.0 28803.647
0.05 1.0 27968.407
0.1 1.0 28344.817
0.2 1.0 26563.762
0.3 1.0 26585.78
0.4 1.0 26285.508
0.5 1.0 25705.464
2025-05-14 08:10:43
density=1 type_number=20 gamma=1 w_std=10 r_min=0 dist_hyperpara=20 dist_type=geo_new
th OFF SAMTH
0.0 1.0 32754.746
0.05 1.0 32149.052
0.1 1.0 31204.587
0.2 1.0 29969.14
0.3 1.0 29285.654
0.4 1.0 27977.968
0.5 1.0 26506.175
2025-05-14 08:35:54
density=1 type_number=5 gamma=1 w_std=0.5 r_min=0 dist_hyperpara=10 dist_type=geo_new
th OFF SAMTH
0.0 1.0 2846.94
0.05 1.0 2914.976
0.1 1.0 2846.919
0.2 1.0 2965.142
0.3 1.0 2448.13
0.4 1.0 2304.482
0.5 1.0 2134.733
2025-05-14 08:36:03
density=1 type_number=5 gamma=1 w_std=0.5 r_min=0 dist_hyperpara=20 dist_type=geo_new
th OFF SAMTH
0.0 1.0 3150.381
0.05 1.0 3187.408
0.1 1.0 3196.091
0.2 1.0 2211.309
0.3 1.0 2202.628
0.4 1.0 2056.065
0.5 1.0 2072.578
2025-05-14 08:36:09
density=1 type_number=5 gamma=1 w_std=1 r_min=0 dist_hyperpara=10 dist_type=geo_new
th OFF SAMTH
0.0 1.0 4095.26
0.05 1.0 4138.746
0.1 1.0 4059.973
0.2 1.0 3647.957
0.3 1.0 3276.292
0.4 1.0 3001.678
0.5 1.0 2989.115
2025-05-14 08:36:18
density=1 type_number=5 gamma=1 w_std=1 r_min=0 dist_hyperpara=20 dist_type=geo_new
th OFF SAMTH
0.0 1.0 4460.849
0.05 1.0 4466.883
0.1 1.0 3951.231
0.2 1.0 3200.348
0.3 1.0 3162.452
0.4 1.0 3079.592
0.5 1.0 2857.892
2025-05-14 08:36:24
density=1 type_number=5 gamma=1 w_std=5 r_min=0 dist_hyperpara=10 dist_type=geo_new
th OFF SAMTH
0.0 1.0 14909.438
0.05 1.0 14551.606
0.1 1.0 15386.838
0.2 1.0 13718.886
0.3 1.0 13619.23
0.4 1.0 11595.789
0.5 1.0 11148.287
2025-05-14 08:36:34
density=1 type_number=5 gamma=1 w_std=5 r_min=0 dist_hyperpara=20 dist_type=geo_new
th OFF SAMTH
0.0 1.0 16319.517
0.05 1.0 15384.115
0.1 1.0 15885.613
0.2 1.0 10775.107
0.3 1.0 10991.156
0.4 1.0 12870.889
0.5 1.0 10951.332
2025-05-14 08:36:40
density=1 type_number=5 gamma=1 w_std=10 r_min=0 dist_hyperpara=10 dist_type=geo_new
th OFF SAMTH
0.0 1.0 28824.333
0.05 1.0 28703.761
0.1 1.0 28559.892
0.2 1.0 27709.484
0.3 1.0 27467.746
0.4 1.0 22704.427
0.5 1.0 21090.63
2025-05-14 08:36:49
density=1 type_number=5 gamma=1 w_std=10 r_min=0 dist_hyperpara=20 dist_type=geo_new
th OFF SAMTH
0.0 1.0 31982.518
0.05 1.0 32006.306
0.1 1.0 30232.138
0.2 1.0 23057.021
0.3 1.0 21441.634
0.4 1.0 22919.043
0.5 1.0 21058.616
2025-06-18 10:26:44
density=1 type_number=20 gamma=1 w_std=5 r_min=0 dist_hyperpara=10 dist_type=geo_new
th OFF SAMTH
0.0 1.0 0.736
0.1 1.0 0.692
0.2 1.0 0.671
0.3 1.0 0.632
0.4 1.0 0.641
0.5 1.0 0.628
0.6 1.0 0.617
0.7 1.0 0.621
0.8 1.0 0.598
0.9 1.0 0.627
1 1.0 0.601
2025-06-18 14:33:46
density=1 type_number=20 gamma=1 w_std=3 r_min=0 dist_hyperpara=10 dist_type=geo_new
th OFF SAMTH
0.0 1.0 0.711
0.1 1.0 0.69
0.2 1.0 0.677
0.3 1.0 0.677
0.4 1.0 0.656
0.5 1.0 0.626
0.6 1.0 0.626
0.7 1.0 0.617
0.8 1.0 0.596
0.9 1.0 0.589
1 1.0 0.611
