2024-09-28 10:03:48
threshold OFF SAM1 SAMC1 SAM4 SAMTH
0.1 1.0 0.567 0.0 0.64 0.564
0.2 1.0 0.567 0.0 0.64 0.564
0.3 1.0 0.567 0.0 0.64 0.564
0.4 1.0 0.567 0.0 0.64 0.564
0.5 1.0 0.567 0.0 0.64 0.564
0.6 1.0 0.567 0.0 0.64 0.564
0.7 1.0 0.567 0.0 0.64 0.564
0.8 1.0 0.567 0.0 0.64 0.564
0.9 1.0 0.567 0.0 0.64 0.564
1.0 1.0 0.567 0.0 0.64 0.564
2024-09-28 10:06:17
threshold OFF SAM1 SAMC1 SAM4 SAMTH
0.1 1.0 0.574 0.0 0.628 0.632
0.2 1.0 0.565 0.0 0.633 0.627
0.3 1.0 0.566 0.0 0.633 0.62
0.4 1.0 0.576 0.0 0.637 0.606
0.5 1.0 0.577 0.0 0.644 0.599
0.6 1.0 0.565 0.0 0.64 0.587
0.7 1.0 0.577 0.0 0.649 0.575
0.8 1.0 0.567 0.0 0.64 0.564
0.9 1.0 0.569 0.0 0.64 0.58
1.0 1.0 0.561 0.0 0.63 0.558
