2024-09-17 09:21:21
tn_fix_geo OFF SAM1 SAMC1
5 1.0 0.552 0.498
10 1.0 0.532 0.457
15 1.0 0.512 0.471
20 1.0 0.508 0.438
2024-09-17 09:22:31
tn_fix_geo OFF SAM1 SAMC1
5 1.0 0.552 0.498
10 1.0 0.532 0.457
15 1.0 0.512 0.471
20 1.0 0.508 0.438
2024-09-17 09:22:42
tn_fix_single OFF SAM1 SAMC1
5 1.0 0.578 0.572
10 1.0 0.563 0.509
15 1.0 0.551 0.529
20 1.0 0.558 0.488
2024-09-17 09:23:00
tn_fix_poisson OFF SAM1 SAMC1
5 1.0 0.599 0.562
10 1.0 0.538 0.504
15 1.0 0.542 0.5
20 1.0 0.548 0.505
2024-09-17 12:12:23
tn_fix_single OFF SAM1 SAMC1
5 1.0 221.867 218.225
10 1.0 225.011 220.1
15 1.0 240.522 231.575
20 1.0 242.125 229.224
2024-09-17 12:12:27
tn_fix_poisson OFF SAM1 SAMC1
5 1.0 216.358 207.434
10 1.0 219.239 212.209
15 1.0 236.414 224.16
20 1.0 240.879 226.635
2024-09-17 12:12:33
tn_fix_geo OFF SAM1 SAMC1
5 1.0 201.54 188.609
10 1.0 199.13 186.168
15 1.0 212.152 195.031
20 1.0 215.219 197.652
2024-09-17 12:26:23
tn_fix_single OFF SAM1 SAMC1
5 1.0 224.899 216.775
10 1.0 225.074 219.251
15 1.0 240.63 229.904
20 1.0 242.099 231.995
2024-09-17 12:26:39
tn_fix_poisson OFF SAM1 SAMC1
5 1.0 216.743 207.232
10 1.0 220.061 213.598
15 1.0 238.595 227.812
20 1.0 240.112 227.918
2024-09-17 12:26:57
tn_fix_geo OFF SAM1 SAMC1
5 1.0 200.52 187.643
10 1.0 200.599 185.055
15 1.0 213.674 196.014
20 1.0 215.279 196.167
2024-09-17 12:30:10
tn_fix_geo OFF SAM1 SAMC1
5 1.0 1002.193 938.607
10 1.0 1000.059 927.366
15 1.0 1080.059 990.202
20 1.0 1080.704 989.965
2024-09-17 12:31:00
tn_fix_single OFF SAM1 SAMC1
5 1.0 1120.525 1087.458
10 1.0 1122.27 1096.159
15 1.0 1210.879 1158.883
20 1.0 1217.466 1158.65
2024-09-17 12:31:58
tn_fix_poisson OFF SAM1 SAMC1
5 1.0 1080.188 1031.82
10 1.0 1106.361 1068.771
15 1.0 1194.29 1137.381
20 1.0 1206.254 1146.971
2024-09-17 13:15:40
tn_fix_single OFF SAM1 SAMC1
25 1.0 1229.279 1186.159
30 1.0 1203.074 1148.906
35 1.0 1248.275 1183.125
40 1.0 1246.263 1190.905
45 1.0 1251.129 1194.654
50 1.0 1252.247 1200.798
2024-09-17 13:19:49
tn_fix_poisson OFF SAM1 SAMC1
25 1.0 1221.515 1173.035
30 1.0 1196.152 1145.319
35 1.0 1241.944 1175.217
40 1.0 1246.168 1189.107
45 1.0 1244.038 1189.584
50 1.0 1247.552 1199.379
2024-09-17 13:25:07
tn_fix_geo OFF SAM1 SAMC1
25 1.0 1095.355 1002.194
30 1.0 1068.359 972.535
35 1.0 1110.842 1002.883
40 1.0 1106.794 1008.397
45 1.0 1108.69 1008.09
50 1.0 1113.293 1010.337
2024-09-18 09:26:40
tn_fix_geo OFF SAM1 SAMC1
25 1.0 1095.355 1002.194
30 1.0 1068.359 972.535
35 1.0 1110.842 1002.883
40 1.0 1106.794 1008.397
45 1.0 1108.69 1008.09
50 1.0 1113.293 1010.337
2024-09-18 10:56:09
tn_fix_geo OFF SAM1 SAMC1
25 1.0 1095.355 1002.194
30 1.0 1068.359 972.535
35 1.0 1110.842 1002.883
40 1.0 1106.794 1008.397
45 1.0 1108.69 1008.09
50 1.0 1113.293 1010.337
2024-09-18 11:00:16
tn_fix_single OFF SAM1 SAMC1
25 1.0 1229.279 1186.159
30 1.0 1203.074 1148.906
35 1.0 1248.275 1183.125
40 1.0 1246.263 1190.905
45 1.0 1251.129 1194.654
50 1.0 1252.247 1200.798
