2024-08-27 15:39:16
tn_geometric OFF RCP GRD SAM1 SAMC1 BAT
5 1.0 66.498 141.784 99.801 104.594 141.279
10 1.0 70.754 115.892 112.507 114.243 115.892
15 1.0 27.555 53.569 103.432 101.473 61.147
20 1.0 33.088 50.431 98.548 100.364 54.872
25 1.0 26.217 50.842 95.109 95.125 52.017
30 1.0 21.187 40.666 91.233 91.991 44.508
35 1.0 27.624 36.011 91.411 92.274 39.156
40 1.0 17.893 24.544 77.672 76.748 35.084
45 1.0 21.822 29.065 78.135 77.228 36.524
50 1.0 18.159 22.889 79.025 78.088 36.307
2024-08-27 15:39:21
tn_single OFF RCP GRD SAM1 SAMC1 BAT
5 1.0 96.7 138.641 108.374 161.714 171.926
10 1.0 93.32 119.135 117.021 121.36 157.081
15 1.0 122.141 66.789 124.521 127.389 154.194
20 1.0 102.636 49.852 124.965 115.265 153.998
25 1.0 85.854 47.798 119.368 111.335 122.647
30 1.0 74.287 42.49 122.317 113.699 103.131
35 1.0 94.708 47.269 122.989 114.961 124.528
40 1.0 84.643 33.123 123.555 122.421 106.635
45 1.0 65.545 25.456 124.15 119.359 88.144
50 1.0 70.95 27.776 111.961 110.995 94.754
2024-08-27 15:39:26
tn_poisson OFF RCP GRD SAM1 SAMC1 BAT
5 1.0 49.148 137.929 107.963 115.394 138.928
10 1.0 62.369 111.352 128.69 128.781 129.153
15 1.0 90.385 60.202 127.376 130.642 149.406
20 1.0 91.745 58.68 115.516 122.348 120.401
25 1.0 86.588 44.936 113.089 114.853 126.675
30 1.0 89.594 44.007 127.162 119.798 93.921
35 1.0 95.132 44.638 117.254 110.892 120.037
40 1.0 71.206 34.189 120.202 116.373 93.232
45 1.0 73.388 36.363 121.272 117.377 90.259
50 1.0 79.573 32.5 113.61 105.955 89.761
2024-08-27 15:41:51
tn_geometric OFF RCP GRD SAM1 SAMC1 BAT
5 1.0 49.68 121.492 83.264 85.128 121.597
10 1.0 50.2 83.075 98.167 97.201 85.476
15 1.0 40.649 66.258 105.182 105.462 69.734
20 1.0 38.334 56.853 103.918 102.363 61.108
25 1.0 24.798 43.992 90.321 90.917 47.613
30 1.0 26.184 41.81 91.416 92.579 47.423
35 1.0 24.146 33.18 88.909 89.126 41.444
40 1.0 20.559 28.058 76.626 76.813 35.903
45 1.0 19.273 25.107 73.288 73.143 33.979
50 1.0 20.275 27.24 74.264 74.103 33.195
2024-08-27 15:43:30
tn_single OFF RCP GRD SAM1 SAMC1 BAT
5 1.0 63.21 129.885 105.024 135.664 158.295
10 1.0 88.654 96.389 112.777 119.258 135.428
15 1.0 109.588 78.748 120.034 120.72 148.013
20 1.0 88.991 60.833 119.238 115.364 128.295
25 1.0 90.688 49.937 120.846 117.176 127.988
30 1.0 73.639 41.331 115.314 110.638 108.647
35 1.0 72.465 36.157 114.498 112.181 101.691
40 1.0 73.918 33.526 118.389 115.659 102.725
45 1.0 57.644 26.291 113.098 111.242 81.904
50 1.0 64.493 26.934 111.948 109.961 91.043
2024-08-27 15:46:06
tn_geometric OFF RCP GRD SAM1 SAMC1 BAT
5 1.0 0.352 0.861 0.588 0.6 0.862
10 1.0 0.349 0.572 0.689 0.682 0.59
15 1.0 0.304 0.494 0.79 0.793 0.521
20 1.0 0.303 0.45 0.828 0.817 0.485
25 1.0 0.251 0.44 0.922 0.928 0.487
30 1.0 0.263 0.419 0.914 0.926 0.474
35 1.0 0.256 0.352 0.942 0.944 0.44
40 1.0 0.257 0.36 0.97 0.972 0.454
45 1.0 0.259 0.334 0.983 0.981 0.454
50 1.0 0.266 0.362 0.984 0.982 0.44
2024-08-27 15:49:34
tn_single OFF RCP GRD SAM1 SAMC1 BAT
5 1.0 0.333 0.693 0.555 0.717 0.843
10 1.0 0.454 0.492 0.579 0.613 0.692
15 1.0 0.528 0.379 0.578 0.582 0.713
20 1.0 0.442 0.304 0.595 0.577 0.64
25 1.0 0.452 0.249 0.605 0.586 0.638
30 1.0 0.396 0.223 0.621 0.597 0.586
35 1.0 0.403 0.201 0.643 0.63 0.567
40 1.0 0.418 0.192 0.675 0.659 0.582
45 1.0 0.37 0.169 0.735 0.722 0.528
50 1.0 0.394 0.165 0.696 0.684 0.558
2024-08-27 15:53:48
tn_poisson OFF RCP GRD SAM1 SAMC1 BAT
5 1.0 0.409 0.724 0.577 0.689 0.736
10 1.0 0.374 0.469 0.606 0.66 0.642
15 1.0 0.422 0.326 0.575 0.586 0.615
20 1.0 0.396 0.273 0.611 0.602 0.552
25 1.0 0.405 0.268 0.625 0.603 0.622
30 1.0 0.459 0.239 0.648 0.63 0.547
35 1.0 0.42 0.218 0.664 0.645 0.577
40 1.0 0.4 0.205 0.685 0.674 0.533
45 1.0 0.426 0.191 0.724 0.695 0.522
50 1.0 0.378 0.179 0.701 0.692 0.479
2024-08-27 17:26:26
tn_geometric OFF RCP GRD SAM1 SAMC1 BAT
10 1.0 0.349 0.572 0.689 0.682 0.59
20 1.0 0.303 0.45 0.828 0.817 0.485
30 1.0 0.263 0.419 0.914 0.926 0.474
40 1.0 0.257 0.36 0.97 0.972 0.454
50 1.0 0.266 0.362 0.984 0.982 0.44
2024-08-27 17:30:04
tn_single OFF RCP GRD SAM1 SAMC1 BAT
10 1.0 0.41 0.478 0.553 0.682 0.782
20 1.0 0.454 0.277 0.565 0.65 0.699
30 1.0 0.455 0.195 0.582 0.591 0.667
40 1.0 0.445 0.182 0.614 0.594 0.612
50 1.0 0.436 0.158 0.637 0.613 0.561
2024-08-27 17:34:58
tn_poisson OFF RCP GRD SAM1 SAMC1 BAT
10 1.0 0.296 0.479 0.561 0.668 0.688
20 1.0 0.406 0.286 0.554 0.613 0.621
30 1.0 0.401 0.232 0.609 0.601 0.619
40 1.0 0.387 0.165 0.576 0.579 0.595
50 1.0 0.419 0.162 0.609 0.588 0.577
2024-08-27 18:43:45
tn_geometric OFF RCP GRD SAM1 SAMC1 BAT
10 1.0 0.334 0.625 0.696 0.69 0.62
20 1.0 0.323 0.476 0.82 0.816 0.504
30 1.0 0.267 0.412 0.935 0.923 0.432
40 1.0 0.258 0.342 0.977 0.975 0.441
50 1.0 0.257 0.312 0.97 0.974 0.44
2024-08-27 20:13:45
tn_single OFF RCP GRD SAM1 SAMC1 BAT
10 1.0 0.375 0.463 0.519 0.697 0.783
20 1.0 0.465 0.27 0.548 0.588 0.699
30 1.0 0.434 0.223 0.591 0.557 0.655
40 1.0 0.44 0.166 0.566 0.527 0.61
50 1.0 0.446 0.149 0.64 0.623 0.567
2024-08-27 20:42:17
tn_single OFF RCP GRD SAM1 SAMC1 BAT
10 1.0 0.342 0.516 0.516 0.739 0.873
20 1.0 0.505 0.203 0.576 0.568 0.703
30 1.0 0.448 0.199 0.561 0.494 0.604
40 1.0 0.424 0.163 0.589 0.561 0.541
50 1.0 0.462 0.105 0.594 0.585 0.585
2024-08-27 20:44:06
tn_poisson OFF RCP GRD SAM1 SAMC1 BAT
10 1.0 0.477 0.493 0.564 0.672 0.651
20 1.0 0.481 0.336 0.587 0.611 0.714
30 1.0 0.389 0.213 0.546 0.582 0.556
40 1.0 0.433 0.199 0.519 0.488 0.655
50 1.0 0.467 0.156 0.566 0.552 0.611
2024-08-27 21:05:15
tn_single OFF RCP GRD SAM1 SAMC1 BAT
5 1.0 0.517 0.688 0.517 0.856 0.859
10 1.0 0.399 0.545 0.546 0.678 0.858
15 1.0 0.543 0.313 0.541 0.66 0.851
20 1.0 0.523 0.226 0.561 0.702 0.763
25 1.0 0.447 0.248 0.545 0.536 0.704
30 1.0 0.519 0.141 0.526 0.603 0.699
35 1.0 0.501 0.235 0.551 0.566 0.693
40 1.0 0.408 0.174 0.614 0.601 0.519
45 1.0 0.433 0.175 0.574 0.579 0.58
50 1.0 0.44 0.111 0.593 0.639 0.556
55 1.0 0.323 0.122 0.652 0.625 0.578
60 1.0 0.354 0.114 0.656 0.538 0.597
65 1.0 0.375 0.112 0.625 0.645 0.579
70 1.0 0.315 0.105 0.713 0.695 0.585
75 1.0 0.36 0.156 0.669 0.699 0.574
80 1.0 0.288 0.119 0.656 0.633 0.511
85 1.0 0.364 0.15 0.626 0.62 0.577
90 1.0 0.368 0.145 0.658 0.645 0.578
95 1.0 0.371 0.094 0.746 0.722 0.516
100 1.0 0.385 0.089 0.812 0.798 0.559
2024-08-27 21:12:16
tn_poisson OFF RCP GRD SAM1 SAMC1 BAT
5 1.0 0.189 0.697 0.528 0.702 0.837
10 1.0 0.25 0.572 0.585 0.691 0.663
15 1.0 0.548 0.32 0.553 0.642 0.811
20 1.0 0.521 0.269 0.578 0.619 0.72
25 1.0 0.467 0.241 0.541 0.564 0.694
30 1.0 0.402 0.207 0.588 0.622 0.574
35 1.0 0.511 0.252 0.619 0.547 0.725
40 1.0 0.448 0.142 0.556 0.592 0.633
45 1.0 0.456 0.181 0.604 0.588 0.587
50 1.0 0.496 0.174 0.579 0.577 0.628
55 1.0 0.338 0.191 0.616 0.628 0.547
60 1.0 0.464 0.14 0.599 0.611 0.628
65 1.0 0.378 0.108 0.693 0.683 0.534
70 1.0 0.422 0.072 0.739 0.726 0.488
75 1.0 0.366 0.136 0.68 0.635 0.593
80 1.0 0.453 0.134 0.718 0.692 0.541
85 1.0 0.393 0.113 0.738 0.711 0.533
90 1.0 0.351 0.183 0.733 0.693 0.523
95 1.0 0.363 0.102 0.737 0.724 0.472
100 1.0 0.371 0.117 0.751 0.731 0.502
2024-08-28 12:52:11
tn_geometric OFF RCP GRD SAM1 SAMC1 BAT
5 1.0 0.359 0.807 0.66 0.658 0.816
10 1.0 0.366 0.632 0.707 0.717 0.647
15 1.0 0.321 0.538 0.788 0.776 0.568
20 1.0 0.286 0.445 0.842 0.847 0.483
25 1.0 0.269 0.4 0.932 0.938 0.457
30 1.0 0.275 0.437 0.935 0.94 0.471
35 1.0 0.267 0.355 0.949 0.951 0.44
40 1.0 0.271 0.375 0.967 0.964 0.47
45 1.0 0.267 0.402 0.97 0.962 0.435
50 1.0 0.251 0.335 0.996 0.993 0.445
55 1.0 0.243 0.353 0.98 0.977 0.434
60 1.0 0.254 0.352 0.976 0.979 0.432
65 1.0 0.245 0.278 0.989 0.989 0.438
70 1.0 0.25 0.291 0.992 0.992 0.427
75 1.0 0.218 0.294 0.991 0.991 0.42
80 1.0 0.206 0.336 0.987 0.988 0.429
85 1.0 0.177 0.331 0.994 0.988 0.421
90 1.0 0.201 0.341 0.994 0.998 0.463
95 1.0 0.163 0.348 0.998 0.994 0.434
100 1.0 0.172 0.258 0.999 0.999 0.416
2024-08-28 12:58:49
tn_single OFF RCP GRD SAM1 SAMC1 BAT
5 1.0 0.372 0.653 0.583 0.732 0.88
10 1.0 0.446 0.529 0.58 0.64 0.766
15 1.0 0.457 0.362 0.583 0.606 0.647
20 1.0 0.425 0.303 0.588 0.568 0.646
25 1.0 0.418 0.248 0.622 0.615 0.592
30 1.0 0.425 0.235 0.649 0.639 0.589
35 1.0 0.396 0.221 0.655 0.645 0.541
40 1.0 0.389 0.192 0.677 0.688 0.577
45 1.0 0.38 0.178 0.704 0.696 0.56
50 1.0 0.387 0.159 0.721 0.719 0.576
55 1.0 0.358 0.131 0.766 0.751 0.558
60 1.0 0.374 0.147 0.731 0.73 0.55
65 1.0 0.351 0.137 0.795 0.782 0.547
70 1.0 0.323 0.138 0.795 0.812 0.527
75 1.0 0.359 0.162 0.813 0.81 0.516
80 1.0 0.359 0.14 0.8 0.807 0.545
85 1.0 0.372 0.131 0.802 0.812 0.533
90 1.0 0.32 0.131 0.867 0.858 0.487
95 1.0 0.352 0.12 0.85 0.862 0.49
100 1.0 0.288 0.106 0.862 0.863 0.482
2024-08-28 13:07:17
tn_poisson OFF RCP GRD SAM1 SAMC1 BAT
5 1.0 0.376 0.646 0.584 0.681 0.73
10 1.0 0.426 0.464 0.527 0.607 0.704
15 1.0 0.403 0.36 0.575 0.586 0.629
20 1.0 0.463 0.305 0.604 0.602 0.635
25 1.0 0.421 0.247 0.653 0.624 0.608
30 1.0 0.39 0.203 0.615 0.617 0.531
35 1.0 0.403 0.213 0.674 0.663 0.561
40 1.0 0.365 0.173 0.699 0.677 0.534
45 1.0 0.37 0.164 0.731 0.698 0.521
50 1.0 0.35 0.154 0.747 0.733 0.491
55 1.0 0.378 0.163 0.765 0.738 0.533
60 1.0 0.363 0.155 0.754 0.744 0.509
65 1.0 0.36 0.128 0.774 0.76 0.507
70 1.0 0.354 0.127 0.807 0.789 0.485
75 1.0 0.347 0.145 0.804 0.802 0.467
80 1.0 0.345 0.132 0.813 0.806 0.51
85 1.0 0.343 0.141 0.813 0.805 0.492
90 1.0 0.321 0.145 0.842 0.84 0.46
95 1.0 0.343 0.123 0.835 0.826 0.476
100 1.0 0.329 0.116 0.881 0.857 0.481
2024-10-02 22:35:15
gamma=1 w_std=10 dist_hyperpara=10
tn_geo_new OFF RCP GRD BAT SAM1 COL1
5 1.0 0.161 0.67 0.67 0.593 0.566
10 1.0 0.22 0.596 0.628 0.565 0.54
15 1.0 0.357 0.531 0.592 0.557 0.544
20 1.0 0.331 0.481 0.529 0.626 0.606
2024-10-09 18:34:09
gamma=1 w_std=5 dist_hyperpara=10
tn_geo_new OFF RCP GRD BAT SAM1 STH COL1 CTH
5 1.0 0.16044 0.68629 0.68629 0.60491 0.84697 0.57024 0.81354
10 1.0 0.20861 0.59338 0.62494 0.55329 0.75331 0.5357 0.64851
15 1.0 0.3482 0.5322 0.58577 0.56212 0.75142 0.52535 0.64788
20 1.0 0.32456 0.48996 0.54372 0.60893 0.70709 0.58676 0.66781
25 1.0 0.3326 0.5263 0.58686 0.5762 0.69767 0.57072 0.62254
30 1.0 0.36646 0.54231 0.5528 0.5834 0.65959 0.57831 0.62273
2024-10-10 11:20:53
gamma=1 w_std=5 dist_hyperpara=10
tn_geo_new OFF RCP GRD BAT SAM1 STH COL1 CTH
5 1.0 0.16044 0.68629 0.68629 0.60491 0.84697 0.57024 0.81354
10 1.0 0.20861 0.59338 0.62494 0.55329 0.75331 0.5357 0.64851
15 1.0 0.3482 0.5322 0.58577 0.56212 0.75142 0.52535 0.64788
20 1.0 0.32456 0.48996 0.54372 0.60893 0.70709 0.58676 0.66781
25 1.0 0.3326 0.5263 0.58686 0.5762 0.69767 0.57072 0.62254
30 1.0 0.36646 0.54231 0.5528 0.5834 0.65959 0.57831 0.62273
2024-10-10 11:23:55
gamma=1 w_std=5 dist_hyperpara=10
tn_uniform OFF RCP GRD BAT SAM1 STH COL1 CTH
5 1.0 0.19149 0.6829 0.57187 0.55077 0.78126 0.59165 0.6318
10 1.0 0.29384 0.57307 0.5524 0.60462 0.73445 0.5689 0.65776
15 1.0 0.37212 0.51943 0.59259 0.57659 0.70293 0.54544 0.6408
20 1.0 0.23777 0.49555 0.46151 0.6912 0.78071 0.68744 0.72908
25 1.0 0.36004 0.51364 0.54728 0.63717 0.73335 0.62918 0.68578
30 1.0 0.31815 0.51945 0.50762 0.65048 0.68697 0.64206 0.6759
2024-10-10 11:27:18
gamma=1 w_std=5 dist_hyperpara=10
tn_poisson OFF RCP GRD BAT SAM1 STH COL1 CTH
5 1.0 0.16762 0.65544 0.58722 0.67607 0.8546 0.62853 0.83513
10 1.0 0.18524 0.58888 0.67503 0.57539 0.8013 0.58635 0.7082
15 1.0 0.36876 0.52945 0.65083 0.59243 0.77272 0.57752 0.69592
20 1.0 0.30942 0.46506 0.57526 0.6443 0.74839 0.63137 0.72353
25 1.0 0.34813 0.49117 0.63445 0.5958 0.69125 0.57128 0.65759
30 1.0 0.38232 0.52089 0.58942 0.62081 0.69867 0.62141 0.67021
