m OFF GRD HG BAT RCP SAM1 STH COL1 CTH
10 1.0 0.72057 0.27914 0.63306 0.08286 0.67245 0.901 0.7088 0.89916
15 1.0 0.50371 0.35404 0.65736 0.11627 0.63357 0.8074 0.65238 0.79363
20 1.0 0.5901 0.33626 0.60666 0.24611 0.68934 0.78998 0.69331 0.79076
25 1.0 0.54072 0.37167 0.65841 0.28205 0.6658 0.72362 0.64936 0.69997
30 1.0 0.54645 0.35109 0.60944 0.26939 0.64442 0.7033 0.64373 0.689352025-05-27 14:25:19
w_std=5 dist_hyperpara=10 gamma=1 type_number=20 density=1
m OFF GRD HG BAT RCP SAM1 SAM+ COL1 COL+
10 1.0 0.913 0.234 0.477 0.073 0.742 0.858 0.78 0.855
15 1.0 0.505 0.342 0.605 0.175 0.681 0.821 0.666 0.821
20 1.0 0.743 0.29 0.57 0.232 0.697 0.854 0.704 0.834
25 1.0 0.571 0.366 0.528 0.267 0.673 0.678 0.649 0.671
30 1.0 0.833 0.256 0.516 0.291 0.717 0.8 0.735 0.793
2025-05-27 14:59:14
w_std=5 dist_hyperpara=10 gamma=1 type_number=20 density=1
m OFF GRD HG BAT RCP SAM1 SAM+ COL1 COL+
10 1.0 0.892 0.23 0.531 0.061 0.756 0.933 0.758 0.934
15 1.0 0.73 0.311 0.593 0.173 0.712 0.817 0.701 0.809
20 1.0 0.748 0.323 0.51 0.236 0.719 0.789 0.734 0.779
25 1.0 0.698 0.312 0.525 0.28 0.708 0.736 0.719 0.723
30 1.0 0.738 0.352 0.556 0.324 0.691 0.746 0.671 0.724
2025-05-31 09:12:32
w_std=5 dist_hyperpara=10 gamma=1 type_number=20 density=1
m OFF GRD HG BAT RCP SAM1 SAM+ COL1 COL+
10 1.0 0.897 0.267 0.522 0.102 0.713 0.906 0.751 0.9
15 1.0 0.744 0.338 0.592 0.158 0.73 0.832 0.727 0.83
20 1.0 0.546 0.35 0.517 0.28 0.689 0.761 0.688 0.758
25 1.0 0.726 0.285 0.543 0.278 0.692 0.809 0.693 0.796
30 1.0 0.718 0.343 0.56 0.338 0.68 0.741 0.672 0.721
2025-06-04 00:36:13
w_std=5 dist_hyperpara=10 gamma=1 type_number=20 density=1
m OFF GRD HG BAT RCP SAM1 SAM+ COL1 COL+
10 1.0 0.895 0.22 0.552 0.129 0.693 0.896 0.745 0.901
15 1.0 0.724 0.31 0.593 0.161 0.677 0.861 0.681 0.858
20 1.0 0.52 0.354 0.557 0.261 0.684 0.778 0.686 0.766
25 1.0 0.683 0.327 0.545 0.245 0.704 0.749 0.696 0.729
30 1.0 0.752 0.331 0.584 0.306 0.675 0.768 0.673 0.75
