2025-05-27 14:23:19
w_std=5 dist_hyperpara=10 gamma=1 type_number=20 density=1
m OFF GRD HG BAT RCP SAM1 SAM+ COL1 COL+
10 1.0 0.933 0.193 0.517 0.05 0.811 0.918 0.82 0.917
15 1.0 0.53 0.332 0.608 0.233 0.658 0.797 0.62 0.79
20 1.0 0.751 0.293 0.602 0.283 0.701 0.815 0.69 0.77
25 1.0 0.531 0.374 0.599 0.285 0.674 0.679 0.657 0.672
30 1.0 0.829 0.269 0.563 0.324 0.686 0.728 0.686 0.721
2025-05-27 14:57:16
w_std=5 dist_hyperpara=10 gamma=1 type_number=20 density=1
m OFF GRD HG BAT RCP SAM1 SAM+ COL1 COL+
10 1.0 0.855 0.226 0.578 0.049 0.737 0.889 0.756 0.889
15 1.0 0.764 0.369 0.692 0.165 0.666 0.902 0.641 0.895
20 1.0 0.745 0.28 0.594 0.295 0.675 0.824 0.674 0.782
25 1.0 0.675 0.3 0.594 0.282 0.712 0.77 0.718 0.744
30 1.0 0.713 0.357 0.593 0.309 0.657 0.69 0.66 0.679
2025-05-31 09:10:28
w_std=5 dist_hyperpara=10 gamma=1 type_number=20 density=1
m OFF GRD HG BAT RCP SAM1 SAM+ COL1 COL+
10 1.0 0.922 0.222 0.56 0.089 0.739 0.878 0.772 0.882
15 1.0 0.754 0.349 0.68 0.146 0.654 0.89 0.664 0.876
20 1.0 0.542 0.386 0.599 0.341 0.668 0.757 0.66 0.712
25 1.0 0.676 0.3 0.572 0.243 0.71 0.776 0.709 0.746
30 1.0 0.722 0.364 0.586 0.323 0.656 0.688 0.651 0.679
2025-06-04 00:29:26
w_std=5 dist_hyperpara=10 gamma=1 type_number=20 density=1
m OFF GRD HG BAT RCP SAM1 SAM+ COL1 COL+
10 1.0 0.922 0.218 0.55 0.108 0.766 0.884 0.76 0.885
15 1.0 0.751 0.373 0.684 0.136 0.644 0.875 0.656 0.862
20 1.0 0.547 0.37 0.594 0.277 0.681 0.754 0.673 0.72
25 1.0 0.666 0.297 0.595 0.258 0.753 0.783 0.729 0.759
30 1.0 0.72 0.358 0.612 0.307 0.656 0.702 0.643 0.692
