m OFF GRD HG BAT RCP SAM1 STH COL1 CTH
10 1.0 0.71043 0.26474 0.50845 0.07489 0.63819 0.86888 0.6612 0.86213
15 1.0 0.50124 0.35278 0.55552 0.17233 0.6478 0.77975 0.63894 0.77911
20 1.0 0.59469 0.35477 0.51823 0.24615 0.64838 0.76131 0.64902 0.7484
25 1.0 0.56429 0.38582 0.55515 0.28932 0.64314 0.68456 0.63775 0.67805
30 1.0 0.55462 0.36968 0.53158 0.2851 0.64184 0.69359 0.64257 0.673412025-05-27 14:21:29
w_std=5 dist_hyperpara=10 gamma=1 type_number=20 density=1
m OFF GRD HG BAT RCP SAM1 SAM+ COL1 COL+
10 1.0 0.931 0.202 0.46 0.028 0.723 0.976 0.746 0.975
15 1.0 0.479 0.338 0.534 0.196 0.653 0.75 0.638 0.745
20 1.0 0.722 0.287 0.488 0.3 0.685 0.747 0.669 0.748
25 1.0 0.548 0.358 0.538 0.309 0.667 0.682 0.656 0.679
30 1.0 0.798 0.261 0.455 0.301 0.67 0.766 0.663 0.735
2025-05-27 14:55:25
w_std=5 dist_hyperpara=10 gamma=1 type_number=20 density=1
m OFF GRD HG BAT RCP SAM1 SAM+ COL1 COL+
10 1.0 0.873 0.23 0.444 0.033 0.697 0.889 0.71 0.887
15 1.0 0.686 0.313 0.502 0.206 0.682 0.804 0.641 0.801
20 1.0 0.742 0.286 0.486 0.299 0.676 0.761 0.657 0.755
25 1.0 0.716 0.28 0.468 0.246 0.651 0.725 0.658 0.711
30 1.0 0.677 0.301 0.476 0.274 0.666 0.693 0.676 0.674
2025-05-31 09:08:10
w_std=5 dist_hyperpara=10 gamma=1 type_number=20 density=1
m OFF GRD HG BAT RCP SAM1 SAM+ COL1 COL+
10 1.0 0.879 0.228 0.468 0.051 0.711 0.952 0.722 0.947
15 1.0 0.704 0.316 0.507 0.185 0.669 0.818 0.637 0.809
20 1.0 0.49 0.358 0.488 0.311 0.658 0.698 0.616 0.69
25 1.0 0.695 0.331 0.502 0.268 0.648 0.759 0.69 0.745
30 1.0 0.715 0.351 0.481 0.319 0.661 0.709 0.648 0.694
2025-06-03 23:56:43
w_std=5 dist_hyperpara=10 gamma=1 type_number=20 density=1
m OFF GRD HG BAT RCP SAM1 SAM+ COL1 COL+
10 1.0 0.897 0.227 0.475 0.034 0.704 0.951 0.725 0.945
15 1.0 0.692 0.304 0.553 0.169 0.677 0.847 0.669 0.841
20 1.0 0.483 0.338 0.541 0.246 0.651 0.775 0.642 0.773
25 1.0 0.733 0.31 0.464 0.272 0.67 0.732 0.647 0.714
30 1.0 0.724 0.344 0.483 0.31 0.647 0.708 0.653 0.694
