2025-05-22 15:37:41
density=1 type_number=20 gamma=1 w_std=5
uni_fix_b OFF RCP GRD BAT SAM1 SAM+ COL1 COL+
2 1.0 0.305 0.641 0.609 0.784 0.813 0.781 0.804
4 1.0 0.302 0.612 0.616 0.743 0.805 0.738 0.802
6 1.0 0.295 0.476 0.57 0.702 0.785 0.698 0.765
8 1.0 0.306 0.502 0.578 0.688 0.756 0.666 0.732
10 1.0 0.328 0.465 0.565 0.695 0.782 0.665 0.752
12 1.0 0.323 0.461 0.558 0.687 0.775 0.672 0.743
14 1.0 0.312 0.463 0.554 0.681 0.773 0.663 0.745
16 1.0 0.315 0.466 0.567 0.612 0.764 0.623 0.724
18 1.0 0.32 0.418 0.633 0.581 0.776 0.575 0.714
20 1.0 0.28 0.441 0.627 0.586 0.774 0.585 0.712
2025-05-24 10:01:50
density=1 type_number=10 gamma=1 w_std=5
uni_fix_b OFF RCP GRD BAT SAM1 SAM+ COL1 COL+
2 1.0 0.3 0.763 0.709 0.703 0.774 0.717 0.759
4 1.0 0.326 0.664 0.639 0.689 0.794 0.683 0.723
6 1.0 0.251 0.656 0.592 0.689 0.784 0.677 0.76
8 1.0 0.344 0.613 0.622 0.611 0.79 0.614 0.727
10 1.0 0.265 0.562 0.677 0.616 0.819 0.624 0.73
12 1.0 0.261 0.578 0.674 0.617 0.814 0.615 0.724
14 1.0 0.263 0.565 0.691 0.588 0.835 0.602 0.754
16 1.0 0.255 0.544 0.658 0.586 0.824 0.613 0.758
18 1.0 0.229 0.582 0.568 0.61 0.835 0.639 0.777
20 1.0 0.286 0.568 0.598 0.585 0.813 0.586 0.723
2025-05-24 10:34:58
density=1 type_number=20 gamma=1 w_std=5
uni_fix_b OFF RCP GRD BAT SAM1 SAM+ COL1 COL+
2 1.0 0.262 0.632 0.609 0.78 0.819 0.781 0.812
4 1.0 0.282 0.614 0.608 0.744 0.811 0.733 0.8
6 1.0 0.3 0.488 0.574 0.711 0.784 0.698 0.766
8 1.0 0.308 0.481 0.572 0.665 0.748 0.654 0.725
10 1.0 0.344 0.456 0.573 0.673 0.784 0.66 0.758
12 1.0 0.339 0.457 0.565 0.672 0.784 0.661 0.758
14 1.0 0.311 0.47 0.551 0.678 0.774 0.68 0.737
16 1.0 0.337 0.47 0.59 0.63 0.759 0.608 0.71
18 1.0 0.311 0.417 0.618 0.562 0.779 0.593 0.719
20 1.0 0.277 0.434 0.649 0.617 0.79 0.605 0.72
