2025-05-26 11:18:58
density=1 type_number=20 gamma=1 w_std=5
uni_fix_c OFF GRD BAT RCP SAM1 SAM+ COL1 COL+
1 1.0 0.47 0.752 0.355 0.649 0.751 0.634 0.711
2 1.0 0.492 0.711 0.355 0.654 0.772 0.645 0.736
3 1.0 0.476 0.672 0.348 0.619 0.756 0.619 0.723
4 1.0 0.489 0.613 0.332 0.666 0.719 0.635 0.691
5 1.0 0.458 0.574 0.349 0.669 0.717 0.656 0.694
2025-05-26 11:28:17
density=1 type_number=20 gamma=1 w_std=1
uni_fix_c OFF GRD BAT RCP SAM1 SAM+ COL1 COL+
1 1.0 0.52 0.772 0.362 0.629 0.739 0.615 0.697
2 1.0 0.542 0.744 0.37 0.635 0.757 0.624 0.72
3 1.0 0.529 0.704 0.35 0.6 0.739 0.599 0.706
4 1.0 0.542 0.639 0.354 0.647 0.708 0.616 0.679
5 1.0 0.509 0.595 0.366 0.65 0.706 0.635 0.681
2025-05-26 11:31:41
density=1 type_number=20 gamma=1 w_std=10
uni_fix_c OFF GRD BAT RCP SAM1 SAM+ COL1 COL+
1 1.0 0.465 0.75 0.355 0.651 0.752 0.637 0.712
2 1.0 0.487 0.708 0.355 0.657 0.774 0.647 0.738
3 1.0 0.471 0.67 0.348 0.621 0.757 0.621 0.725
4 1.0 0.483 0.61 0.332 0.669 0.72 0.637 0.692
5 1.0 0.453 0.572 0.348 0.671 0.718 0.658 0.695
2025-05-26 11:35:57
density=1 type_number=20 gamma=1 w_std=10
uni_fix_c OFF GRD BAT RCP SAM1 SAM+ COL1 COL+
0 1.0 0.472 0.712 0.363 0.676 0.751 0.659 0.725
1 1.0 0.465 0.75 0.355 0.651 0.752 0.637 0.712
2 1.0 0.487 0.708 0.355 0.657 0.774 0.647 0.738
3 1.0 0.471 0.67 0.348 0.621 0.757 0.621 0.725
4 1.0 0.483 0.61 0.332 0.669 0.72 0.637 0.692
5 1.0 0.453 0.572 0.348 0.671 0.718 0.658 0.695
2025-05-26 12:39:03
density=1 type_number=20 gamma=1 w_std=10
uni_fix_c OFF GRD BAT RCP SAM1 SAM+ COL1 COL+
0 1.0 0.472 0.712 0.363 0.676 0.751 0.659 0.725
1 1.0 0.465 0.75 0.355 0.651 0.752 0.637 0.712
2 1.0 0.487 0.708 0.355 0.657 0.774 0.647 0.738
3 1.0 0.471 0.67 0.348 0.621 0.757 0.621 0.725
4 1.0 0.483 0.61 0.332 0.669 0.72 0.637 0.692
5 1.0 0.453 0.572 0.348 0.671 0.718 0.658 0.695
2025-05-26 12:48:25
density=1 type_number=20 gamma=1 w_std=1
uni_fix_c OFF GRD BAT RCP SAM1 SAM+ COL1 COL+
0 1.0 0.53 0.73 0.367 0.655 0.739 0.638 0.712
1 1.0 0.52 0.772 0.362 0.629 0.739 0.615 0.697
2 1.0 0.542 0.744 0.37 0.635 0.757 0.624 0.72
3 1.0 0.529 0.704 0.35 0.6 0.739 0.599 0.706
4 1.0 0.542 0.639 0.354 0.647 0.708 0.616 0.679
5 1.0 0.509 0.595 0.366 0.65 0.706 0.635 0.681
2025-06-11 15:31:57
density=1 type_number=20 gamma=1 w_std=0.5
uni_fix_c OFF GRD BAT RCP SAM1 SAM+ COL1 COL+
0 1.0 0.616 0.782 0.422 0.631 0.725 0.615 0.695
1 1.0 0.606 0.799 0.421 0.601 0.72 0.589 0.682
2 1.0 0.626 0.797 0.408 0.61 0.736 0.598 0.699
3 1.0 0.617 0.752 0.392 0.577 0.717 0.573 0.684
4 1.0 0.627 0.685 0.4 0.622 0.692 0.592 0.663
5 1.0 0.591 0.628 0.414 0.623 0.688 0.608 0.662
2025-06-11 15:37:21
density=1 type_number=20 gamma=1 w_std=2.5
uni_fix_c OFF GRD BAT RCP SAM1 SAM+ COL1 COL+
0 1.0 0.488 0.718 0.396 0.669 0.747 0.652 0.721
1 1.0 0.481 0.757 0.374 0.644 0.748 0.63 0.708
2 1.0 0.503 0.718 0.384 0.65 0.768 0.64 0.733
3 1.0 0.488 0.679 0.376 0.615 0.752 0.614 0.719
4 1.0 0.5 0.619 0.379 0.662 0.716 0.631 0.689
5 1.0 0.469 0.579 0.385 0.665 0.715 0.651 0.691
2025-06-11 15:42:27
density=1 type_number=20 gamma=1 w_std=5
uni_fix_c OFF GRD BAT RCP SAM1 SAM+ COL1 COL+
0 1.0 0.477 0.714 0.363 0.674 0.75 0.657 0.724
1 1.0 0.47 0.752 0.355 0.649 0.751 0.634 0.711
2 1.0 0.492 0.711 0.355 0.654 0.772 0.645 0.736
3 1.0 0.476 0.672 0.348 0.619 0.756 0.619 0.723
4 1.0 0.489 0.613 0.332 0.666 0.719 0.635 0.691
5 1.0 0.458 0.574 0.349 0.669 0.717 0.656 0.694
2025-06-11 15:46:19
density=1 type_number=20 gamma=1 w_std=1
uni_fix_c OFF GRD BAT RCP SAM1 SAM+ COL1 COL+
0 1.0 0.53 0.73 0.367 0.655 0.739 0.638 0.712
1 1.0 0.52 0.772 0.362 0.629 0.739 0.615 0.697
2 1.0 0.542 0.744 0.37 0.635 0.757 0.624 0.72
3 1.0 0.529 0.704 0.35 0.6 0.739 0.599 0.706
4 1.0 0.542 0.639 0.354 0.647 0.708 0.616 0.679
5 1.0 0.509 0.595 0.366 0.65 0.706 0.635 0.681
2025-06-11 15:50:36
density=1 type_number=20 gamma=1 w_std=3
uni_fix_c OFF GRD BAT RCP SAM1 SAM+ COL1 COL+
0 1.0 0.484 0.716 0.364 0.671 0.748 0.654 0.722
1 1.0 0.477 0.755 0.344 0.646 0.749 0.632 0.709
2 1.0 0.499 0.716 0.36 0.651 0.77 0.642 0.734
3 1.0 0.484 0.677 0.351 0.616 0.753 0.616 0.72
4 1.0 0.496 0.617 0.347 0.663 0.717 0.633 0.69
5 1.0 0.465 0.577 0.359 0.666 0.716 0.653 0.692
2025-06-11 16:06:25
density=1 type_number=20 gamma=1 w_std=3
uni_fix_c OFF GRD BAT RCP SAM1 SAM+ COL1 COL+
1 1.0 0.444 0.812 0.411 0.598 0.747 0.576 0.696
2 1.0 0.434 0.828 0.405 0.6 0.781 0.564 0.708
3 1.0 0.416 0.782 0.41 0.575 0.755 0.544 0.689
4 1.0 0.436 0.783 0.408 0.616 0.781 0.573 0.715
5 1.0 0.442 0.754 0.399 0.579 0.752 0.543 0.689
