uniform OFF RCP GRD BAT SAM1 STH COL1 CTH
2 1.0 0.26919 0.69522 0.51504 0.77908 0.8035 0.78669 0.79871
4 1.0 0.25412 0.56896 0.49705 0.71198 0.73585 0.71851 0.7364
6 1.0 0.28191 0.5305 0.48003 0.69509 0.72995 0.69275 0.72387
8 1.0 0.32384 0.51624 0.48661 0.66563 0.72397 0.66525 0.70598
10 1.0 0.23777 0.49555 0.46151 0.6912 0.78071 0.68744 0.72908
12 1.0 0.29525 0.49035 0.45206 0.69187 0.76843 0.66582 0.71446
14 1.0 0.30627 0.46763 0.49206 0.62925 0.74754 0.60938 0.67513
16 1.0 0.31707 0.43392 0.51834 0.6116 0.76562 0.6051 0.7007
18 1.0 0.25699 0.43005 0.55576 0.56321 0.74653 0.55942 0.65761
20 1.0 0.25263 0.41998 0.5615 0.54782 0.73283 0.54724 0.6566