2024-10-02 22:28:11
density=1 type_number=20 gamma=1 w_std=10
uniform OFF RCP GRD BAT SAM1 COL1
2 1.0 0.262 0.681 0.55 0.789 0.79
4 1.0 0.281 0.575 0.499 0.718 0.724
6 1.0 0.293 0.513 0.462 0.706 0.701
8 1.0 0.289 0.502 0.48 0.671 0.657
10 1.0 0.212 0.503 0.458 0.698 0.69
12 1.0 0.288 0.491 0.469 0.677 0.665
14 1.0 0.311 0.456 0.483 0.642 0.63
16 1.0 0.331 0.423 0.528 0.621 0.603
18 1.0 0.262 0.425 0.548 0.569 0.554
20 1.0 0.258 0.416 0.569 0.564 0.552
2024-10-03 10:24:09
density=1 type_number=20 gamma=1 w_std=10
uniform OFF RCP GRD BAT SAM1 COL1
2 1.0 0.286 0.681 0.55 0.789 0.79
4 1.0 0.284 0.575 0.499 0.718 0.724
6 1.0 0.293 0.513 0.462 0.706 0.701
8 1.0 0.304 0.502 0.48 0.671 0.657
10 1.0 0.212 0.503 0.458 0.698 0.69
12 1.0 0.288 0.491 0.469 0.677 0.665
14 1.0 0.304 0.456 0.483 0.642 0.63
16 1.0 0.287 0.423 0.528 0.621 0.603
18 1.0 0.265 0.425 0.548 0.569 0.554
20 1.0 0.259 0.416 0.569 0.564 0.552
2024-10-03 10:34:11
density=1 type_number=20 gamma=1 w_std=1
uniform OFF RCP GRD BAT SAM1 COL1
2 1.0 0.297 0.711 0.556 0.785 0.78
4 1.0 0.284 0.622 0.523 0.7 0.701
6 1.0 0.292 0.561 0.499 0.701 0.685
8 1.0 0.298 0.565 0.514 0.654 0.647
10 1.0 0.281 0.554 0.493 0.685 0.663
12 1.0 0.284 0.536 0.484 0.664 0.652
14 1.0 0.341 0.508 0.512 0.61 0.603
16 1.0 0.352 0.473 0.549 0.607 0.592
18 1.0 0.269 0.481 0.575 0.56 0.549
20 1.0 0.285 0.471 0.589 0.552 0.549
2024-10-03 10:56:25
density=1 type_number=10 gamma=1 w_std=1
uniform OFF RCP GRD BAT SAM1 COL1
2 1.0 0.248 0.83 0.551 0.868 0.865
4 1.0 0.277 0.656 0.487 0.675 0.671
6 1.0 0.254 0.638 0.464 0.724 0.726
8 1.0 0.263 0.608 0.589 0.577 0.586
10 1.0 0.342 0.619 0.584 0.569 0.558
12 1.0 0.342 0.619 0.584 0.569 0.558
14 1.0 0.253 0.595 0.584 0.557 0.556
16 1.0 0.299 0.538 0.493 0.575 0.597
18 1.0 0.294 0.569 0.524 0.563 0.553
20 1.0 0.18 0.524 0.472 0.562 0.582
2024-10-03 11:12:41
density=1 type_number=10 gamma=1 w_std=1
uniform OFF RCP GRD BAT SAM1 COL1
2 1.0 0.248 0.83 0.551 0.868 0.865
4 1.0 0.277 0.656 0.487 0.675 0.671
6 1.0 0.254 0.638 0.464 0.724 0.726
8 1.0 0.263 0.608 0.589 0.577 0.586
10 1.0 0.342 0.619 0.584 0.569 0.558
12 1.0 0.342 0.619 0.584 0.569 0.558
14 1.0 0.253 0.595 0.584 0.557 0.556
16 1.0 0.299 0.538 0.493 0.575 0.597
18 1.0 0.294 0.569 0.524 0.563 0.553
20 1.0 0.18 0.524 0.472 0.562 0.582
2024-10-03 11:38:20
density=1 type_number=10 gamma=1 w_std=10
uniform OFF RCP GRD BAT SAM1 COL1
2 1.0 0.235 0.787 0.463 0.835 0.844
4 1.0 0.279 0.599 0.468 0.685 0.68
6 1.0 0.239 0.58 0.44 0.717 0.711
8 1.0 0.279 0.555 0.573 0.597 0.59
10 1.0 0.297 0.564 0.551 0.603 0.578
12 1.0 0.297 0.564 0.551 0.603 0.578
14 1.0 0.212 0.534 0.552 0.577 0.558
16 1.0 0.196 0.487 0.471 0.589 0.621
18 1.0 0.265 0.521 0.512 0.578 0.566
20 1.0 0.178 0.471 0.449 0.567 0.596
2024-10-03 12:00:15
density=1 type_number=20 gamma=1 w_std=10
uniform OFF RCP GRD BAT SAM1 COL1
2 1.0 0.286 0.681 0.55 0.789 0.79
4 1.0 0.284 0.575 0.499 0.718 0.724
6 1.0 0.293 0.513 0.462 0.706 0.701
8 1.0 0.304 0.502 0.48 0.671 0.657
10 1.0 0.212 0.503 0.458 0.698 0.69
12 1.0 0.288 0.491 0.469 0.677 0.665
14 1.0 0.304 0.456 0.483 0.642 0.63
16 1.0 0.287 0.423 0.528 0.621 0.603
18 1.0 0.265 0.425 0.548 0.569 0.554
20 1.0 0.259 0.416 0.569 0.564 0.552
2024-10-08 10:57:37
density=1 type_number=10 gamma=1 w_std=10
uniform OFF RCP GRD BAT SAM1 COL1
2 1.0 0.224 0.806 0.517 0.853 0.861
4 1.0 0.28 0.619 0.47 0.674 0.671
6 1.0 0.255 0.59 0.441 0.73 0.726
8 1.0 0.277 0.552 0.577 0.596 0.601
10 1.0 0.254 0.566 0.557 0.586 0.575
12 1.0 0.254 0.566 0.557 0.586 0.575
14 1.0 0.224 0.538 0.562 0.57 0.57
16 1.0 0.189 0.491 0.469 0.592 0.614
18 1.0 0.253 0.52 0.513 0.572 0.559
20 1.0 0.174 0.474 0.446 0.573 0.593
2024-10-08 11:01:04
density=1 type_number=20 gamma=1 w_std=10
uniform OFF RCP GRD BAT SAM1 COL1
2 1.0 0.262 0.681 0.55 0.789 0.79
4 1.0 0.281 0.575 0.499 0.718 0.724
6 1.0 0.293 0.513 0.462 0.706 0.701
8 1.0 0.289 0.502 0.48 0.671 0.657
10 1.0 0.212 0.503 0.458 0.698 0.69
12 1.0 0.288 0.491 0.469 0.677 0.665
14 1.0 0.311 0.456 0.483 0.642 0.63
16 1.0 0.331 0.423 0.528 0.621 0.603
18 1.0 0.262 0.425 0.548 0.569 0.554
20 1.0 0.258 0.416 0.569 0.564 0.552
2024-10-08 11:02:59
density=1 type_number=20 gamma=1 w_std=10
uniform OFF RCP GRD BAT SAM1 STH COL1 CTH
2 1.0 0.255 0.701 0.533 0.788 0.799 0.784 0.801
4 1.0 0.291 0.565 0.495 0.714 0.737 0.72 0.738
6 1.0 0.28 0.526 0.477 0.697 0.731 0.695 0.726
8 1.0 0.292 0.507 0.485 0.663 0.729 0.667 0.707
10 1.0 0.237 0.493 0.478 0.714 0.781 0.69 0.738
12 1.0 0.284 0.489 0.451 0.69 0.762 0.672 0.715
14 1.0 0.321 0.463 0.49 0.63 0.749 0.61 0.676
16 1.0 0.318 0.429 0.516 0.613 0.767 0.606 0.702
18 1.0 0.257 0.425 0.554 0.564 0.748 0.56 0.659
20 1.0 0.268 0.408 0.563 0.563 0.751 0.555 0.658
2024-10-08 14:55:12
density=1 type_number=20 gamma=1 w_std=5
uniform OFF RCP GRD BAT SAM1 STH COL1 CTH
2 1.0 0.26919 0.69522 0.51504 0.77908 0.8035 0.78669 0.79871
4 1.0 0.25412 0.56896 0.49705 0.71198 0.73585 0.71851 0.7364
6 1.0 0.28191 0.5305 0.48003 0.69509 0.72995 0.69275 0.72387
8 1.0 0.32384 0.51624 0.48661 0.66563 0.72397 0.66525 0.70598
10 1.0 0.23777 0.49555 0.46151 0.6912 0.78071 0.68744 0.72908
12 1.0 0.29525 0.49035 0.45206 0.69187 0.76843 0.66582 0.71446
14 1.0 0.30627 0.46763 0.49206 0.62925 0.74754 0.60938 0.67513
16 1.0 0.31707 0.43392 0.51834 0.6116 0.76562 0.6051 0.7007
18 1.0 0.25699 0.43005 0.55576 0.56321 0.74653 0.55942 0.65761
20 1.0 0.25263 0.41998 0.5615 0.54782 0.73283 0.54724 0.6566
2025-05-04 11:52:33
density=1 type_number=20 gamma=1 w_std=5
uniform OFF RCP GRD BAT SAM1 STH COL1 CTH
2 1.0 0.26386 0.61515 0.55454 0.75228 0.77258 0.76231 0.76752
4 1.0 0.30751 0.56057 0.52723 0.72399 0.74895 0.71812 0.74422
6 1.0 0.30817 0.53093 0.52558 0.68756 0.74422 0.69182 0.72739
8 1.0 0.3051 0.49853 0.51891 0.6526 0.71807 0.65496 0.69273
10 1.0 0.33572 0.49302 0.5094 0.66029 0.76327 0.6531 0.74168
12 1.0 0.32476 0.48442 0.51284 0.65461 0.75025 0.65139 0.73667
14 1.0 0.33713 0.47173 0.48952 0.64244 0.74141 0.63251 0.69847
16 1.0 0.30903 0.46906 0.52907 0.61274 0.72549 0.60926 0.67217
18 1.0 0.35376 0.45115 0.57975 0.57287 0.73543 0.58534 0.70478
20 1.0 0.28061 0.40656 0.57883 0.54694 0.73614 0.56583 0.65395
2025-05-09 13:50:09
density=1 type_number=20 gamma=1 w_std=5
uniform OFF SAM1
10 1.0 0.66383
2025-05-09 13:55:15
density=1 type_number=20 gamma=1 w_std=5
uniform OFF SAM1
10 1.0 0.65656
2025-05-09 18:22:48
density=1 type_number=20 gamma=1 w_std=5
uniform OFF SAM1
10 1.0 0.65686
2025-05-11 15:19:01
density=1 type_number=20 gamma=1 w_std=5
uniform OFF STH
5 1.0 0.73719
10 1.0 0.75796
20 1.0 0.75028
2025-05-11 15:24:32
density=1 type_number=20 gamma=1 w_std=5
uniform OFF STH
5 1.0 0.73687
10 1.0 0.76037
20 1.0 0.75557
2025-05-11 15:31:02
density=1 type_number=20 gamma=1 w_std=5
uniform OFF STH
5 1.0 0.73101
10 1.0 0.76669
20 1.0 0.75569
2025-05-11 15:40:07
density=1 type_number=20 gamma=1 w_std=5
uniform OFF STH
5 1.0 0.73542
10 1.0 0.76292
20 1.0 0.74639
2025-05-11 15:48:20
density=1 type_number=20 gamma=1 w_std=5
uniform OFF STH
5 1.0 0.73996
10 1.0 0.75662
20 1.0 0.72256
2025-05-11 16:20:29
density=1 type_number=10 gamma=1 w_std=5
uniform OFF STH
20 1.0 0.85583
2025-05-11 16:22:16
density=1 type_number=5 gamma=1 w_std=5
uniform OFF STH
20 1.0 0.8653
2025-05-11 16:40:49
density=1 type_number=20 gamma=1 w_std=10
uniform OFF STH
20 1.0 0.75735
2025-05-13 06:39:28
density=1 type_number=20 gamma=1 w_std=10
uniform OFF STH
5 1.0 0.74192
2025-05-13 06:41:12
density=1 type_number=20 gamma=1 w_std=10
uniform OFF STH
5 1.0 0.7324
2025-05-13 06:44:06
density=1 type_number=20 gamma=1 w_std=10
uniform OFF STH
5 1.0 0.73036
2025-05-13 06:47:20
density=1 type_number=20 gamma=1 w_std=10
uniform OFF STH
5 1.0 0.72737
2025-05-13 06:53:24
density=1 type_number=20 gamma=1 w_std=10
uniform OFF SGAM
5 1.0 0.0
2025-05-13 07:00:26
density=1 type_number=20 gamma=1 w_std=10
uniform OFF STH
20 1.0 0.74723
2025-05-13 07:05:46
density=1 type_number=10 gamma=1 w_std=10
uniform OFF SGAM STH
20 1.0 0.0 5868.72782
2025-05-13 07:07:43
density=1 type_number=10 gamma=1 w_std=10
uniform OFF SGAM STH
20 1.0 5904.10288 5931.04297
2025-05-13 07:10:09
density=1 type_number=5 gamma=1 w_std=10
uniform OFF SGAM STH
20 1.0 6886.9079 6865.3502
2025-05-13 07:12:24
density=1 type_number=5 gamma=1 w_std=10
uniform OFF SGAM STH
20 1.0 6968.81317 6873.74144
2025-05-13 07:13:34
density=1 type_number=5 gamma=1 w_std=10
uniform OFF SGAM STH
20 1.0 6920.43975 6921.67929
2025-05-13 07:14:53
density=1 type_number=5 gamma=1 w_std=10
uniform OFF SGAM STH
5 1.0 5086.48559 5101.91035
10 1.0 5822.946 5839.64377
15 1.0 6023.1919 5992.75026
20 1.0 6842.25627 6759.83056
2025-05-13 07:17:44
density=1 type_number=5 gamma=1 w_std=10
uniform OFF SGAM STH
5 1.0 10301.11824 10323.429
10 1.0 11443.5012 11422.30751
15 1.0 11754.9879 11696.06558
20 1.0 13850.01971 13931.35663
2025-05-13 07:28:25
density=1 type_number=5 gamma=1 w_std=10
uniform OFF SGAM STH
30 1.0 14124.59131 14282.36131
2025-05-13 07:45:28
density=1 type_number=10 gamma=1 w_std=10
uniform OFF SGAM STH
30 1.0 14843.29129 14763.37358
2025-05-13 07:47:49
density=1 type_number=10 gamma=1 w_std=10
uniform OFF SGAM STH
30 1.0 15098.20444 15020.77137
2025-05-13 07:53:50
density=1 type_number=10 gamma=1 w_std=10
uniform OFF SGAM STH SAMTH0
30 1.0 14886.6533 14809.03315 14189.34077
2025-05-13 08:02:45
density=1 type_number=10 gamma=1 w_std=10
uniform OFF SGAM STH SAMTH0
2 1.0 8517.18343 8522.90603 8365.141
4 1.0 10043.8317 10174.08352 10194.32719
6 1.0 9688.23035 9706.18268 9687.69555
8 1.0 10678.1297 10852.89878 10542.03624
10 1.0 12081.90339 12112.0062 11769.70379
12 1.0 11797.24403 11829.51882 11422.41281
14 1.0 12603.89333 12613.97164 12273.47149
16 1.0 12275.16163 12298.5483 12032.22378
18 1.0 11750.94919 11785.25098 11641.08446
20 1.0 12160.51844 12204.59446 11771.29703
2025-05-13 09:53:28
density=1 type_number=10 gamma=1 w_std=10
uniform OFF SGAM STH SAMTH0 CTH
20 1.0 11853.352 11913.157 11440.928 10885.476
30 1.0 14946.912 14923.88 14388.209 13663.051
2025-05-13 09:54:40
density=1 type_number=10 gamma=1 w_std=10
uniform OFF SGAM STH SAMTH0 CTH
20 1.0 11450.705 11542.171 11137.095 10266.245
30 1.0 14950.462 14878.946 14350.233 13557.187
2025-05-13 09:55:56
density=1 type_number=10 gamma=1 w_std=10
uniform OFF SGAM STH SAMTH0 CTH
20 1.0 11736.085 11764.758 11600.789 10667.558
30 1.0 14410.986 14263.528 14186.995 13030.995
2025-05-14 00:47:24
density=1 type_number=10 gamma=1 w_std=10
uniform OFF SGAM STH SAMTH0 CTH
2 1.0 0.745 0.748 0.752 0.732
4 1.0 0.763 0.777 0.8 0.724
6 1.0 0.781 0.783 0.774 0.764
8 1.0 0.759 0.773 0.756 0.714
10 1.0 0.776 0.772 0.737 0.691
12 1.0 0.77 0.769 0.746 0.675
14 1.0 0.767 0.765 0.776 0.69
16 1.0 0.784 0.78 0.764 0.698
18 1.0 0.788 0.785 0.775 0.709
20 1.0 0.771 0.774 0.748 0.703
2025-05-14 09:11:14
density=1 type_number=10 gamma=1 w_std=5
uniform OFF SGAM STH CTH GRD
2 1.0 11093.026 11085.788 10860.772 10480.65
4 1.0 12511.504 12704.065 11919.957 10743.972
6 1.0 12792.72 12827.868 12340.921 10518.29
8 1.0 13305.549 13752.204 12639.237 11006.279
10 1.0 15749.996 15753.454 14025.024 11508.62
12 1.0 15349.04 15406.503 13807.229 11371.536
14 1.0 15904.556 15909.793 14304.797 11453.339
16 1.0 16401.343 16383.479 14804.38 11401.079
18 1.0 15551.007 15589.913 14021.708 11126.519
20 1.0 15478.633 15523.329 14003.348 11269.693
2025-05-14 09:21:53
density=1 type_number=10 gamma=1 w_std=5
uniform OFF SGAM STH CTH GRD
2 1.0 11067.584 11027.306 10830.862 10391.848
4 1.0 12820.365 12645.147 11854.243 10796.471
6 1.0 12357.467 12265.835 12053.93 10452.191
8 1.0 13851.537 13723.807 12855.37 11017.132
10 1.0 15835.052 15816.908 14242.061 11427.017
12 1.0 15159.942 15059.98 13488.577 11290.603
14 1.0 16088.313 16073.713 14348.605 11436.524
16 1.0 16092.318 15930.256 14639.097 11464.132
18 1.0 14956.896 15019.115 13642.103 10913.58
20 1.0 15268.553 15121.925 14001.152 11128.364
2025-05-14 09:33:51
density=1 type_number=10 gamma=1 w_std=10
uniform OFF SGAM STH CTH GRD
2 1.0 21082.987 21018.162 20646.87 19895.976
4 1.0 24657.997 24076.169 22772.77 20683.844
6 1.0 24550.443 24429.945 23931.892 20279.575
8 1.0 26070.206 25530.046 24338.416 21132.698
10 1.0 30303.092 30196.733 26811.052 21803.674
12 1.0 29523.617 29744.634 26765.97 21733.541
14 1.0 30167.503 29997.469 27176.657 21662.652
16 1.0 30334.389 30254.97 27522.236 21517.524
18 1.0 28656.858 28507.304 25878.069 20828.59
20 1.0 30239.814 29903.732 27796.474 21042.927
2025-05-21 16:17:21
density=1 type_number=20 gamma=1 w_std=5
uniform OFF SGAM STH CTH GRD
2 1.0 0.767 0.763 0.765 0.633
4 1.0 0.744 0.745 0.733 0.565
6 1.0 0.749 0.744 0.723 0.497
8 1.0 0.717 0.713 0.69 0.487
10 1.0 0.733 0.729 0.71 0.493
12 1.0 0.75 0.748 0.726 0.489
14 1.0 0.761 0.754 0.723 0.478
16 1.0 0.746 0.742 0.69 0.449
18 1.0 0.77 0.748 0.725 0.426
20 1.0 0.742 0.733 0.673 0.441
2025-05-22 10:21:22
density=1 type_number=20 gamma=1 w_std=5
uniform OFF RCP GRD BAT SAM1 SAM+ COL1 COL+
2 1.0 0.291 0.627 0.543 0.733 0.774 0.735 0.767
4 1.0 0.295 0.603 0.545 0.721 0.778 0.71 0.765
6 1.0 0.324 0.554 0.533 0.671 0.762 0.668 0.736
8 1.0 0.334 0.524 0.528 0.681 0.749 0.655 0.722
10 1.0 0.328 0.501 0.515 0.676 0.761 0.662 0.725
12 1.0 0.295 0.483 0.512 0.679 0.775 0.656 0.734
14 1.0 0.324 0.473 0.506 0.657 0.754 0.649 0.718
16 1.0 0.31 0.464 0.517 0.613 0.736 0.61 0.68
18 1.0 0.295 0.432 0.561 0.586 0.779 0.616 0.706
20 1.0 0.274 0.432 0.573 0.575 0.752 0.578 0.678
