2024-10-07 20:51:10
density=1 type_number=10 gamma=1 w_std=10
uniform OFF GRD HG BAT SAM1 STH COL1 CTH GRD2
2 1.0 0.905 0.43 0.385 0.902 0.905 0.904 0.905 0.0
4 1.0 0.805 0.313 0.412 0.828 0.839 0.818 0.822 0.0
6 1.0 0.732 0.274 0.403 0.778 0.808 0.795 0.813 0.0
8 1.0 0.709 0.232 0.39 0.765 0.819 0.762 0.81 0.0
10 1.0 0.656 0.191 0.371 0.793 0.827 0.774 0.836 0.0
12 1.0 0.636 0.206 0.393 0.713 0.851 0.703 0.853 0.0
14 1.0 0.636 0.206 0.393 0.713 0.851 0.703 0.853 0.0
16 1.0 0.708 0.196 0.4 0.687 0.816 0.699 0.802 0.0
18 1.0 0.618 0.203 0.376 0.648 0.829 0.655 0.827 0.0
20 1.0 0.642 0.167 0.39 0.605 0.845 0.62 0.826 0.0
2024-10-07 21:13:33
density=1 type_number=10 gamma=1 w_std=10
uniform OFF GRD HG BAT SAM1 STH COL1 CTH GRD2
2 1.0 0.905 0.43 0.385 0.902 0.905 0.904 0.905 0.0
4 1.0 0.805 0.313 0.412 0.828 0.839 0.818 0.822 0.0
6 1.0 0.732 0.274 0.403 0.778 0.808 0.795 0.813 0.0
8 1.0 0.709 0.232 0.39 0.765 0.819 0.762 0.81 0.0
10 1.0 0.656 0.191 0.371 0.793 0.827 0.774 0.836 0.0
12 1.0 0.636 0.206 0.393 0.713 0.851 0.703 0.853 0.0
14 1.0 0.636 0.206 0.393 0.713 0.851 0.703 0.853 0.0
16 1.0 0.708 0.196 0.4 0.687 0.816 0.699 0.802 0.0
18 1.0 0.618 0.203 0.376 0.648 0.829 0.655 0.827 0.0
20 1.0 0.642 0.167 0.39 0.605 0.845 0.62 0.826 0.0
2024-10-07 23:17:23
density=1 type_number=10 gamma=1 w_std=10
uniform OFF GRD HG BAT RCP SAM1 STH COL1 CTH
2 1.0 0.873 0.424 0.391 0.202 0.872 0.873 0.872 0.873
4 1.0 0.815 0.317 0.434 0.195 0.822 0.852 0.831 0.831
6 1.0 0.748 0.26 0.394 0.064 0.808 0.837 0.809 0.845
8 1.0 0.689 0.228 0.395 0.09 0.762 0.826 0.758 0.816
10 1.0 0.671 0.205 0.408 0.098 0.789 0.833 0.787 0.833
12 1.0 0.622 0.194 0.35 0.042 0.715 0.821 0.676 0.824
14 1.0 0.622 0.194 0.35 0.042 0.715 0.821 0.676 0.824
16 1.0 0.713 0.182 0.407 0.053 0.67 0.798 0.707 0.796
18 1.0 0.618 0.181 0.375 0.027 0.622 0.86 0.675 0.843
20 1.0 0.64 0.175 0.391 0.043 0.632 0.841 0.669 0.828
