A OFF GRD HG BAT RCP SAM1 STH COL1 CTH
1 1.0 0.69221 0.21125 0.43026 0.10501 0.7245 0.82772 0.72386 0.82246
1.1 1.0 0.57216 0.25637 0.45661 0.06563 0.69477 0.795 0.70152 0.78949
1.2 1.0 0.53483 0.29164 0.49027 0.13464 0.66549 0.76916 0.66714 0.75641
1.3 1.0 0.59469 0.35477 0.51823 0.25638 0.64838 0.76131 0.64902 0.7484
1.4 1.0 0.62059 0.41418 0.55693 0.22873 0.62091 0.72212 0.62917 0.71517
1.5 1.0 0.63916 0.46749 0.57337 0.35689 0.63135 0.73384 0.62367 0.70492
2025-05-26 10:58:51
w_std=5 dist_hyperpara=10 gamma=1 type_number=20 density=1
A OFF GRD HG BAT RCP SAM1 SAM+ COL1 COL+
1 1.0 0.736 0.21 0.397 0.159 0.714 0.807 0.723 0.806
1.1 1.0 0.597 0.239 0.444 0.212 0.723 0.773 0.702 0.764
1.2 1.0 0.45 0.293 0.494 0.257 0.664 0.766 0.646 0.767
1.3 1.0 0.511 0.355 0.506 0.251 0.625 0.72 0.612 0.716
1.4 1.0 0.546 0.428 0.538 0.273 0.622 0.719 0.625 0.717
1.5 1.0 0.625 0.467 0.566 0.32 0.634 0.708 0.608 0.702
2025-05-26 12:13:41
w_std=5 dist_hyperpara=10 gamma=1 type_number=20 density=1
A OFF GRD HG BAT RCP SAM1 SAM+ COL1 COL+
1 1.0 0.726 0.189 0.412 0.132 0.735 0.809 0.738 0.808
1.1 1.0 0.631 0.227 0.439 0.189 0.715 0.783 0.728 0.779
1.2 1.0 0.469 0.288 0.489 0.259 0.661 0.752 0.632 0.751
1.3 1.0 0.555 0.385 0.526 0.328 0.622 0.731 0.631 0.723
1.4 1.0 0.552 0.404 0.589 0.258 0.616 0.778 0.595 0.769
1.5 1.0 0.751 0.325 0.515 0.281 0.627 0.714 0.633 0.709
2025-05-26 12:19:57
w_std=5 dist_hyperpara=10 gamma=1 type_number=20 density=1
A OFF GRD HG BAT RCP SAM1 SAM+ COL1 COL+
1 1.0 0.687 0.228 0.414 0.142 0.758 0.815 0.744 0.809
1.1 1.0 0.644 0.248 0.438 0.142 0.714 0.821 0.7 0.821
1.2 1.0 0.512 0.308 0.515 0.268 0.66 0.79 0.641 0.788
1.3 1.0 0.576 0.324 0.515 0.272 0.658 0.763 0.64 0.755
1.4 1.0 0.632 0.368 0.531 0.246 0.684 0.732 0.668 0.722
1.5 1.0 0.701 0.402 0.551 0.32 0.606 0.701 0.611 0.693
2025-05-26 12:30:14
w_std=5 dist_hyperpara=10 gamma=1 type_number=20 density=1
A OFF GRD HG BAT RCP SAM1 SAM+ COL1 COL+
1 1.0 0.712 0.204 0.399 0.156 0.748 0.807 0.746 0.807
1.1 1.0 0.701 0.238 0.427 0.21 0.725 0.766 0.732 0.767
1.2 1.0 0.681 0.245 0.477 0.272 0.686 0.78 0.675 0.776
1.3 1.0 0.725 0.286 0.503 0.303 0.661 0.759 0.669 0.761
1.4 1.0 0.772 0.305 0.509 0.293 0.662 0.761 0.676 0.754
1.5 1.0 0.779 0.284 0.51 0.317 0.671 0.739 0.661 0.727
2025-05-27 12:57:28
w_std=5 dist_hyperpara=10 gamma=1 type_number=20 density=1
A OFF GRD HG BAT RCP SAM1 SAM+ COL1 COL+
1 1.0 0.732 0.208 0.405 0.169 0.743 0.786 0.711 0.786
1.1 1.0 0.646 0.233 0.424 0.203 0.708 0.757 0.717 0.745
1.2 1.0 0.759 0.26 0.444 0.255 0.678 0.81 0.664 0.806
1.3 1.0 0.741 0.296 0.479 0.3 0.672 0.756 0.702 0.737
1.4 1.0 0.759 0.249 0.5 0.307 0.669 0.749 0.643 0.74
1.5 1.0 0.779 0.333 0.51 0.301 0.655 0.729 0.638 0.721
2025-06-01 09:45:38
w_std=5 dist_hyperpara=10 gamma=1 type_number=20 density=1
A OFF GRD HG BAT RCP SAM1 SAM+ COL1 COL+
1 1.0 0.701 0.201 0.406 0.121 0.744 0.779 0.749 0.773
1.1 1.0 0.626 0.224 0.443 0.174 0.703 0.779 0.706 0.779
1.2 1.0 0.47 0.296 0.496 0.219 0.654 0.773 0.667 0.773
1.3 1.0 0.533 0.373 0.55 0.292 0.633 0.755 0.637 0.753
1.4 1.0 0.578 0.415 0.544 0.298 0.622 0.711 0.615 0.707
1.5 1.0 0.618 0.449 0.588 0.264 0.612 0.729 0.626 0.713
2025-06-03 23:37:03
w_std=5 dist_hyperpara=10 gamma=1 type_number=20 density=1
A OFF GRD HG BAT RCP SAM1 SAM+ COL1 COL+
1 1.0 0.689 0.2 0.406 0.115 0.738 0.804 0.748 0.798
1.1 1.0 0.643 0.213 0.428 0.209 0.708 0.772 0.699 0.764
1.2 1.0 0.454 0.288 0.477 0.227 0.666 0.743 0.656 0.744
1.3 1.0 0.492 0.381 0.482 0.276 0.666 0.701 0.656 0.691
1.4 1.0 0.559 0.405 0.57 0.295 0.61 0.758 0.607 0.749
1.5 1.0 0.625 0.465 0.605 0.288 0.589 0.737 0.595 0.732
2025-06-03 23:42:22
w_std=5 dist_hyperpara=10 gamma=1 type_number=20 density=1
A OFF GRD HG BAT RCP SAM1 SAM+ COL1 COL+
1 1.0 0.701 0.209 0.418 0.139 0.751 0.797 0.737 0.793
1.1 1.0 0.671 0.238 0.424 0.153 0.702 0.797 0.717 0.793
1.2 1.0 0.48 0.318 0.509 0.287 0.668 0.788 0.67 0.787
1.3 1.0 0.498 0.344 0.563 0.292 0.619 0.804 0.638 0.797
1.4 1.0 0.537 0.397 0.525 0.313 0.63 0.698 0.624 0.689
1.5 1.0 0.646 0.487 0.556 0.282 0.584 0.699 0.586 0.684
