A OFF GRD HG BAT RCP SAM1 STH COL1 CTH
1 1.0 0.71292 0.19539 0.54147 0.17202 0.74998 0.84538 0.73915 0.84297
1.1 1.0 0.56256 0.23266 0.56265 0.18694 0.72521 0.81949 0.7004 0.81696
1.2 1.0 0.56962 0.30704 0.58706 0.1714 0.70143 0.79783 0.69818 0.79938
1.3 1.0 0.5901 0.33626 0.60666 0.2502 0.68934 0.78998 0.69331 0.79076
1.4 1.0 0.5868 0.38971 0.62475 0.28404 0.64439 0.75775 0.64308 0.74856
1.5 1.0 0.61902 0.42056 0.6495 0.34611 0.64671 0.75353 0.63519 0.737472025-05-26 11:01:56
w_std=5 dist_hyperpara=10 gamma=1 type_number=20 density=1
A OFF GRD HG BAT RCP SAM1 SAM+ COL1 COL+
1 1.0 0.782 0.211 0.517 0.13 0.737 0.855 0.709 0.836
1.1 1.0 0.654 0.277 0.552 0.181 0.698 0.846 0.701 0.848
1.2 1.0 0.503 0.301 0.598 0.295 0.71 0.853 0.696 0.828
1.3 1.0 0.563 0.365 0.59 0.228 0.68 0.795 0.648 0.779
1.4 1.0 0.639 0.385 0.631 0.3 0.665 0.789 0.652 0.758
1.5 1.0 0.617 0.398 0.612 0.318 0.657 0.766 0.656 0.748
2025-05-26 12:39:10
w_std=5 dist_hyperpara=10 gamma=1 type_number=20 density=1
A OFF GRD HG BAT RCP SAM1 SAM+ COL1 COL+
1 1.0 0.799 0.191 0.482 0.153 0.738 0.819 0.74 0.817
1.1 1.0 0.708 0.235 0.482 0.182 0.756 0.817 0.749 0.819
1.2 1.0 0.741 0.238 0.577 0.22 0.668 0.875 0.663 0.868
1.3 1.0 0.785 0.279 0.525 0.278 0.682 0.782 0.673 0.77
1.4 1.0 0.805 0.278 0.545 0.288 0.691 0.826 0.702 0.813
1.5 1.0 0.813 0.304 0.563 0.294 0.665 0.763 0.639 0.74
2025-05-27 13:37:20
w_std=5 dist_hyperpara=10 gamma=1 type_number=20 density=1
A OFF GRD HG BAT RCP SAM1 SAM+ COL1 COL+
1 1.0 0.808 0.26 0.473 0.166 0.763 0.839 0.762 0.83
1.1 1.0 0.721 0.275 0.506 0.186 0.742 0.862 0.742 0.855
1.2 1.0 0.725 0.257 0.532 0.238 0.657 0.84 0.635 0.828
1.3 1.0 0.753 0.228 0.528 0.286 0.684 0.779 0.696 0.764
1.4 1.0 0.784 0.329 0.562 0.286 0.689 0.783 0.686 0.776
1.5 1.0 0.845 0.285 0.568 0.314 0.67 0.827 0.667 0.805
2025-06-01 09:48:03
w_std=5 dist_hyperpara=10 gamma=1 type_number=20 density=1
A OFF GRD HG BAT RCP SAM1 SAM+ COL1 COL+
1 1.0 0.779 0.245 0.47 0.12 0.73 0.82 0.715 0.827
1.1 1.0 0.699 0.193 0.566 0.196 0.718 0.881 0.737 0.876
1.2 1.0 0.546 0.306 0.518 0.249 0.694 0.758 0.695 0.765
1.3 1.0 0.532 0.298 0.546 0.231 0.711 0.772 0.672 0.765
1.4 1.0 0.586 0.422 0.604 0.307 0.688 0.78 0.666 0.762
1.5 1.0 0.637 0.441 0.633 0.307 0.653 0.741 0.638 0.725
2025-06-03 23:39:36
w_std=5 dist_hyperpara=10 gamma=1 type_number=20 density=1
A OFF GRD HG BAT RCP SAM1 SAM+ COL1 COL+
1 1.0 0.818 0.191 0.508 0.107 0.775 0.914 0.771 0.916
1.1 1.0 0.646 0.257 0.525 0.181 0.692 0.825 0.69 0.811
1.2 1.0 0.526 0.308 0.55 0.261 0.699 0.83 0.678 0.819
1.3 1.0 0.588 0.374 0.536 0.261 0.677 0.754 0.662 0.741
1.4 1.0 0.57 0.396 0.585 0.278 0.67 0.739 0.661 0.734
1.5 1.0 0.627 0.433 0.627 0.306 0.63 0.752 0.622 0.742
2025-06-03 23:44:53
w_std=5 dist_hyperpara=10 gamma=1 type_number=20 density=1
A OFF GRD HG BAT RCP SAM1 SAM+ COL1 COL+
1 1.0 0.751 0.188 0.473 0.136 0.759 0.783 0.75 0.779
1.1 1.0 0.691 0.254 0.56 0.167 0.739 0.897 0.748 0.891
1.2 1.0 0.536 0.292 0.552 0.198 0.711 0.807 0.71 0.809
1.3 1.0 0.577 0.321 0.533 0.234 0.673 0.758 0.663 0.747
1.4 1.0 0.588 0.409 0.597 0.273 0.679 0.74 0.658 0.731
1.5 1.0 0.66 0.453 0.665 0.365 0.643 0.774 0.637 0.761
