A OFF RCP GRD SAM1 SAMC1 BAT HG
1 1.0 0.267 0.181 0.681 0.682 0.342 0.159
2 1.0 0.302 0.262 0.605 0.604 0.443 0.238
3 1.0 0.304 0.28 0.586 0.58 0.462 0.252
4 1.0 0.305 0.288 0.588 0.593 0.471 0.259
5 1.0 0.304 0.291 0.583 0.581 0.475 0.263
2024-09-01 23:53:03
A OFF RCP GRD SAM1 SAMC1 BAT HG
1 1.0 0.267 0.181 0.681 0.682 0.342 0.159
2 1.0 0.302 0.262 0.605 0.604 0.443 0.238
3 1.0 0.304 0.28 0.586 0.58 0.462 0.252
4 1.0 0.305 0.288 0.588 0.593 0.471 0.259
5 1.0 0.303 0.291 0.583 0.581 0.475 0.263
