A OFF RCP GRD SAM1 SAMC1 BAT HG
1 1.0 0.201 0.122 0.706 0.691 0.345 0.139
2 1.0 0.243 0.211 0.628 0.627 0.426 0.217
3 1.0 0.263 0.226 0.608 0.622 0.442 0.231
4 1.0 0.257 0.234 0.614 0.607 0.45 0.238
5 1.0 0.265 0.238 0.621 0.62 0.455 0.242
2024-09-01 22:52:29
A OFF RCP GRD SAM1 SAMC1 BAT HG
1 1.0 0.201 0.122 0.704 0.688 0.345 0.139
2 1.0 0.243 0.211 0.628 0.627 0.426 0.217
3 1.0 0.262 0.226 0.608 0.622 0.442 0.231
4 1.0 0.256 0.234 0.614 0.607 0.45 0.238
5 1.0 0.265 0.238 0.621 0.62 0.455 0.242
