A OFF GRD HG BAT RCP SAM1 STH COL1 CTH
1 1.0 0.67111 0.20497 0.49361 0.09779 0.78861 0.83298 0.78675 0.8326
1.05 1.0 0.67184 0.24004 0.44028 0.19004 0.72795 0.76946 0.72585 0.77148
1.1 1.0 0.54303 0.26224 0.48964 0.1178 0.75031 0.80938 0.76117 0.79882
1.15 1.0 0.5846 0.28119 0.45159 0.23952 0.72389 0.77651 0.70554 0.76182
1.2 1.0 0.55476 0.31528 0.50848 0.21506 0.72283 0.78296 0.71747 0.7676
1.25 1.0 0.5185 0.34252 0.4835 0.25428 0.70766 0.73429 0.67511 0.72232
1.3 1.0 0.58612 0.37456 0.54885 0.23388 0.70708 0.7616 0.69617 0.75183
1.35 1.0 0.5948 0.40027 0.51776 0.29987 0.67066 0.72134 0.65469 0.7085
1.4 1.0 0.57862 0.41768 0.57652 0.27419 0.69411 0.75413 0.67836 0.72879
1.45 1.0 0.62695 0.44007 0.54905 0.28903 0.65302 0.71598 0.6536 0.70206
1.5 1.0 0.60495 0.46677 0.5884 0.36647 0.66762 0.7205 0.67701 0.71007
