2025-05-26 11:04:17
w_std=5 dist_hyperpara=10 gamma=1 type_number=20 density=1
A OFF GRD HG BAT RCP SAM1 SAM+ COL1 COL+
1 1.0 0.817 0.19 0.529 0.218 0.757 0.859 0.743 0.852
1.1 1.0 0.639 0.236 0.548 0.215 0.712 0.809 0.719 0.8
1.2 1.0 0.499 0.318 0.563 0.247 0.731 0.777 0.707 0.747
1.3 1.0 0.546 0.384 0.602 0.298 0.678 0.759 0.671 0.721
1.4 1.0 0.584 0.425 0.628 0.324 0.667 0.74 0.655 0.711
1.5 1.0 0.629 0.476 0.669 0.333 0.642 0.738 0.622 0.703
2025-05-26 12:41:14
w_std=5 dist_hyperpara=10 gamma=1 type_number=20 density=1
A OFF GRD HG BAT RCP SAM1 SAM+ COL1 COL+
1 1.0 0.825 0.199 0.571 0.224 0.764 0.884 0.726 0.872
1.1 1.0 0.639 0.224 0.551 0.216 0.707 0.824 0.717 0.813
1.2 1.0 0.71 0.259 0.587 0.239 0.721 0.827 0.708 0.797
1.3 1.0 0.747 0.263 0.595 0.271 0.692 0.83 0.691 0.777
1.4 1.0 0.784 0.32 0.614 0.308 0.695 0.827 0.688 0.77
1.5 1.0 0.802 0.304 0.642 0.297 0.692 0.822 0.665 0.772
2025-05-27 13:39:22
w_std=5 dist_hyperpara=10 gamma=1 type_number=20 density=1
A OFF GRD HG BAT RCP SAM1 SAM+ COL1 COL+
1 1.0 0.807 0.198 0.555 0.226 0.76 0.873 0.764 0.863
1.1 1.0 0.635 0.216 0.548 0.212 0.713 0.812 0.707 0.799
1.2 1.0 0.7 0.245 0.57 0.298 0.711 0.817 0.706 0.778
1.3 1.0 0.743 0.279 0.605 0.297 0.706 0.813 0.7 0.767
1.4 1.0 0.789 0.291 0.618 0.299 0.699 0.826 0.668 0.772
1.5 1.0 0.805 0.314 0.63 0.306 0.695 0.838 0.689 0.78
2025-06-01 09:50:16
w_std=5 dist_hyperpara=10 gamma=1 type_number=20 density=1
A OFF GRD HG BAT RCP SAM1 SAM+ COL1 COL+
1 1.0 0.81 0.199 0.539 0.221 0.744 0.85 0.746 0.847
1.1 1.0 0.633 0.217 0.564 0.199 0.735 0.822 0.698 0.807
1.2 1.0 0.515 0.306 0.575 0.25 0.681 0.769 0.681 0.735
1.3 1.0 0.541 0.379 0.616 0.29 0.68 0.759 0.662 0.715
1.4 1.0 0.598 0.428 0.625 0.324 0.649 0.734 0.644 0.701
1.5 1.0 0.627 0.464 0.635 0.3 0.651 0.727 0.649 0.703
2025-06-03 23:47:35
w_std=5 dist_hyperpara=10 gamma=1 type_number=20 density=1
A OFF GRD HG BAT RCP SAM1 SAM+ COL1 COL+
1 1.0 0.805 0.193 0.576 0.188 0.748 0.891 0.741 0.881
1.1 1.0 0.636 0.209 0.553 0.228 0.718 0.826 0.724 0.812
1.2 1.0 0.513 0.311 0.575 0.269 0.694 0.767 0.694 0.737
1.3 1.0 0.539 0.369 0.611 0.297 0.647 0.763 0.672 0.721
1.4 1.0 0.589 0.428 0.64 0.321 0.648 0.759 0.638 0.714
1.5 1.0 0.638 0.479 0.658 0.349 0.658 0.729 0.647 0.691
