0 0 8 12
0 0 10 10
0 0 11 9
0 0 11 10
7 12 10 9
7 12 10 10
7 12 11 9
7 12 11 10
8 6 8 12
8 6 10 9
8 6 11 7
8 6 11 8
8 6 11 9
8 11 8 11
8 11 8 12
8 11 9 10
8 11 9 11
8 11 10 9
8 11 10 10
8 11 10 11
8 11 10 13
8 11 11 7
8 11 11 8
8 11 11 9
8 11 11 10
8 11 11 11
8 11 12 8
8 11 12 9
8 11 12 10
8 12 7 12
8 12 7 13
8 12 8 11
8 12 8 12
8 12 8 13
8 12 9 10
8 12 9 11
8 12 9 14
8 12 10 7
8 12 10 8
8 12 10 9
8 12 10 10
8 12 10 11
8 12 10 12
8 12 10 13
8 12 11 7
8 12 11 8
8 12 11 9
8 12 11 10
8 12 11 11
8 12 11 12
8 12 12 7
8 12 12 8
8 12 12 9
8 12 12 10
8 12 12 11
8 12 13 5
8 12 13 6
8 12 13 7
8 12 13 8
8 12 13 9
8 13 8 12
8 13 9 10
8 13 10 9
8 13 10 10
8 13 11 8
8 13 11 9
8 13 11 10
9 10 7 12
9 10 8 11
9 10 8 12
9 10 8 13
9 10 9 10
9 10 9 11
9 10 9 14
9 10 10 8
9 10 10 9
9 10 10 10
9 10 10 11
9 10 10 12
9 10 10 13
9 10 11 7
9 10 11 8
9 10 11 9
9 10 11 10
9 10 11 11
9 10 11 12
9 10 12 7
9 10 12 8
9 10 12 9
9 10 12 10
9 10 12 11
9 10 13 5
9 10 13 6
9 10 13 8
9 10 13 9
9 11 8 11
9 11 8 12
9 11 8 13
9 11 9 10
9 11 9 11
9 11 9 14
9 11 10 8
9 11 10 9
9 11 10 10
9 11 10 11
9 11 10 12
9 11 10 13
9 11 11 7
9 11 11 8
9 11 11 9
9 11 11 10
9 11 11 11
9 11 11 12
9 11 12 7
9 11 12 8
9 11 12 9
9 11 12 10
9 11 13 6
9 11 13 8
9 12 8 12
9 12 10 9
9 12 10 10
9 12 11 9
9 14 8 11
9 14 8 12
9 14 9 11
9 14 10 9
9 14 10 10
9 14 11 7
9 14 11 8
9 14 11 9
9 14 11 10
9 14 12 9
10 7 10 10
10 7 11 9
10 8 8 11
10 8 8 12
10 8 9 10
10 8 9 11
10 8 10 9
10 8 10 10
10 8 10 11
10 8 10 13
10 8 11 7
10 8 11 8
10 8 11 9
10 8 11 10
10 8 11 11
10 8 12 7
10 8 12 8
10 8 12 9
10 9 7 12
10 9 7 13
10 9 8 11
10 9 8 12
10 9 8 13
10 9 9 10
10 9 9 11
10 9 9 14
10 9 10 7
10 9 10 8
10 9 10 9
10 9 10 10
10 9 10 11
10 9 10 12
10 9 10 13
10 9 11 7
10 9 11 8
10 9 11 9
10 9 11 10
10 9 11 11
10 9 11 12
10 9 12 7
10 9 12 8
10 9 12 9
10 9 12 10
10 9 12 11
10 9 13 5
10 9 13 6
10 9 13 7
10 9 13 8
10 9 13 9
10 10 7 12
10 10 7 13
10 10 8 11
10 10 8 12
10 10 8 13
10 10 9 10
10 10 9 11
10 10 9 12
10 10 9 14
10 10 10 7
10 10 10 8
10 10 10 9
10 10 10 10
10 10 10 11
10 10 10 12
10 10 10 13
10 10 11 7
10 10 11 8
10 10 11 9
10 10 11 10
10 10 11 11
10 10 11 12
10 10 12 7
10 10 12 8
10 10 12 9
10 10 12 10
10 10 12 11
10 10 13 5
10 10 13 6
10 10 13 7
10 10 13 8
10 10 13 9
10 11 8 11
10 11 8 12
10 11 9 10
10 11 9 11
10 11 10 8
10 11 10 9
10 11 10 10
10 11 10 11
10 11 10 13
10 11 11 7
10 11 11 8
10 11 11 9
10 11 11 10
10 11 11 11
10 11 11 12
10 11 12 7
10 11 12 8
10 11 12 9
10 11 12 10
10 11 13 6
10 12 8 11
10 12 8 12
10 12 9 10
10 12 10 9
10 12 10 10
10 12 10 13
10 12 11 7
10 12 11 8
10 12 11 9
10 12 11 10
10 12 11 11
10 12 12 8
10 12 12 9
10 12 12 10
10 13 8 11
10 13 8 12
10 13 8 13
10 13 9 10
10 13 9 11
10 13 10 8
10 13 10 9
10 13 10 10
10 13 10 11
10 13 10 12
10 13 10 13
10 13 11 7
10 13 11 8
10 13 11 9
10 13 11 10
10 13 11 11
10 13 11 12
10 13 12 7
10 13 12 8
10 13 12 9
10 13 12 10
10 13 13 6
11 6 8 12
11 6 10 9
11 6 11 9
11 7 7 12
11 7 7 13
11 7 8 11
11 7 8 12
11 7 8 13
11 7 9 10
11 7 9 11
11 7 9 14
11 7 10 7
11 7 10 8
11 7 10 9
11 7 10 10
11 7 10 11
11 7 10 12
11 7 10 13
11 7 11 7
11 7 11 8
11 7 11 9
11 7 11 10
11 7 11 11
11 7 11 12
11 7 12 6
11 7 12 7
11 7 12 8
11 7 12 9
11 7 12 10
11 7 12 11
11 7 13 5
11 7 13 6
11 7 13 8
11 7 13 9
11 8 0 0
11 8 0 11
11 8 7 12
11 8 7 13
11 8 8 11
11 8 8 12
11 8 8 13
11 8 9 10
11 8 9 11
11 8 9 14
11 8 10 7
11 8 10 8
11 8 10 9
11 8 10 10
11 8 10 11
11 8 10 12
11 8 10 13
11 8 11 7
11 8 11 8
11 8 11 9
11 8 11 10
11 8 11 11
11 8 11 12
11 8 12 6
11 8 12 7
11 8 12 8
11 8 12 9
11 8 12 10
11 8 12 11
11 8 13 5
11 8 13 6
11 8 13 7
11 8 13 8
11 8 13 9
11 9 5 11
11 9 7 12
11 9 7 13
11 9 7 14
11 9 8 6
11 9 8 11
11 9 8 12
11 9 8 13
11 9 9 10
11 9 9 11
11 9 9 12
11 9 9 13
11 9 9 14
11 9 10 7
11 9 10 8
11 9 10 9
11 9 10 10
11 9 10 11
11 9 10 12
11 9 10 13
11 9 11 7
11 9 11 8
11 9 11 9
11 9 11 10
11 9 11 11
11 9 11 12
11 9 12 7
11 9 12 8
11 9 12 9
11 9 12 10
11 9 12 11
11 9 13 5
11 9 13 6
11 9 13 7
11 9 13 8
11 9 13 9
11 10 0 0
11 10 0 11
11 10 7 12
11 10 8 11
11 10 8 12
11 10 8 13
11 10 9 10
11 10 9 11
11 10 9 14
11 10 10 8
11 10 10 9
11 10 10 10
11 10 10 11
11 10 10 12
11 10 10 13
11 10 11 7
11 10 11 8
11 10 11 9
11 10 11 10
11 10 11 11
11 10 11 12
11 10 12 7
11 10 12 8
11 10 12 9
11 10 12 10
11 10 12 11
11 10 13 5
11 10 13 6
11 10 13 8
11 11 0 0
11 11 7 12
11 11 7 13
11 11 8 11
11 11 8 12
11 11 8 13
11 11 9 10
11 11 9 11
11 11 9 14
11 11 10 7
11 11 10 8
11 11 10 9
11 11 10 10
11 11 10 11
11 11 10 12
11 11 10 13
11 11 11 7
11 11 11 8
11 11 11 9
11 11 11 10
11 11 11 11
11 11 11 12
11 11 12 7
11 11 12 8
11 11 12 9
11 11 12 10
11 11 12 11
11 11 13 5
11 11 13 6
11 11 13 8
11 11 13 9
11 12 8 11
11 12 8 12
11 12 9 10
11 12 9 11
11 12 10 9
11 12 10 10
11 12 10 13
11 12 11 7
11 12 11 8
11 12 11 9
11 12 11 10
11 12 11 11
11 12 12 9
11 12 12 10
12 6 10 9
12 6 11 9
12 7 8 11
12 7 8 12
12 7 9 10
12 7 9 11
12 7 9 14
12 7 10 8
12 7 10 9
12 7 10 10
12 7 10 11
12 7 10 12
12 7 10 13
12 7 11 7
12 7 11 8
12 7 11 9
12 7 11 10
12 7 11 11
12 7 11 12
12 7 12 7
12 7 12 8
12 7 12 9
12 7 12 10
12 7 13 5
12 7 13 6
12 8 8 11
12 8 8 12
12 8 8 13
12 8 9 10
12 8 9 11
12 8 9 14
12 8 10 8
12 8 10 9
12 8 10 10
12 8 10 11
12 8 10 12
12 8 10 13
12 8 11 7
12 8 11 8
12 8 11 9
12 8 11 10
12 8 11 11
12 8 11 12
12 8 12 7
12 8 12 8
12 8 12 9
12 8 12 10
12 8 13 6
12 8 13 8
12 9 8 11
12 9 8 12
12 9 8 13
12 9 9 10
12 9 9 11
12 9 9 14
12 9 10 8
12 9 10 9
12 9 10 10
12 9 10 11
12 9 10 12
12 9 10 13
12 9 11 7
12 9 11 8
12 9 11 9
12 9 11 10
12 9 11 11
12 9 11 12
12 9 12 7
12 9 12 8
12 9 12 9
12 9 12 10
12 9 13 6
12 10 8 11
12 10 8 12
12 10 9 10
12 10 9 11
12 10 10 9
12 10 10 10
12 10 10 11
12 10 10 13
12 10 11 7
12 10 11 8
12 10 11 9
12 10 11 10
12 10 11 11
12 10 11 12
12 10 12 7
12 10 12 8
12 10 12 9
12 10 12 10
12 10 12 11
12 10 13 6
12 11 8 12
12 11 9 10
12 11 9 11
12 11 10 9
12 11 10 10
12 11 11 7
12 11 11 8
12 11 11 9
12 11 11 10
12 11 11 11
12 11 12 8
12 11 12 9
12 11 12 10
13 5 8 12
13 5 10 9
13 5 10 10
13 5 11 8
13 5 11 9
13 5 11 10
13 5 11 11
13 6 8 11
13 6 8 12
13 6 8 13
13 6 9 11
13 6 10 9
13 6 10 10
13 6 10 13
13 6 11 7
13 6 11 8
13 6 11 9
13 6 11 10
13 6 12 7
13 6 12 8
13 6 12 9
13 7 8 11
13 7 8 12
13 7 10 9
13 7 10 10
13 7 11 7
13 7 11 8
13 7 11 9
13 7 11 10
13 8 8 12
13 8 10 9
13 8 10 10
13 8 11 7
13 8 11 8
13 8 11 9
13 8 11 10
13 8 11 11
13 8 12 10
13 9 8 11
13 9 8 12
13 9 9 11
13 9 10 9
13 9 10 10
13 9 11 7
13 9 11 8
13 9 11 9
13 9 11 10
13 9 11 11
