8 12 8 11
8 12 8 12
8 12 9 10
8 12 10 9
8 12 10 10
8 12 10 13
8 12 11 7
8 12 11 8
8 12 11 9
8 12 11 10
8 12 11 11
8 12 12 8
8 12 12 9
9 10 8 12
9 10 9 10
9 10 10 9
9 10 10 10
9 10 11 7
9 10 11 8
9 10 11 9
9 10 11 10
9 11 8 12
9 11 10 9
9 11 10 10
9 11 11 8
9 11 11 9
9 11 11 10
10 9 8 11
10 9 8 12
10 9 9 10
10 9 9 11
10 9 10 9
10 9 10 10
10 9 11 7
10 9 11 8
10 9 11 9
10 9 11 10
10 9 11 11
10 9 12 7
10 9 12 8
10 9 12 9
10 10 8 11
10 10 8 12
10 10 9 10
10 10 9 11
10 10 10 9
10 10 10 10
10 10 10 13
10 10 11 7
10 10 11 8
10 10 11 9
10 10 11 10
10 10 11 11
10 10 12 7
10 10 12 8
10 10 12 9
10 11 10 10
10 11 11 9
10 13 8 12
10 13 10 9
10 13 10 10
10 13 11 8
10 13 11 9
11 7 8 11
11 7 8 12
11 7 10 9
11 7 10 10
11 7 11 7
11 7 11 8
11 7 11 9
11 7 11 10
11 7 11 11
11 7 12 8
11 8 8 11
11 8 8 12
11 8 9 10
11 8 9 11
11 8 10 9
11 8 10 10
11 8 10 13
11 8 11 7
11 8 11 8
11 8 11 9
11 8 11 10
11 8 11 11
11 8 12 7
11 8 12 8
11 8 12 9
11 9 8 11
11 9 8 12
11 9 9 10
11 9 9 11
11 9 10 8
11 9 10 9
11 9 10 10
11 9 10 13
11 9 11 7
11 9 11 8
11 9 11 9
11 9 11 10
11 9 11 11
11 9 12 7
11 9 12 8
11 9 12 9
11 9 12 10
11 10 8 12
11 10 10 9
11 10 10 10
11 10 11 8
11 10 11 9
11 10 11 10
11 11 8 12
11 11 10 9
11 11 10 10
11 11 11 7
11 11 11 8
11 11 11 9
11 11 11 10
11 11 11 11
11 11 12 9
12 7 8 12
12 7 10 9
12 7 11 9
12 8 8 12
12 8 10 9
12 8 10 10
12 8 11 8
12 8 11 9
12 8 11 10
12 9 8 12
12 9 10 9
12 9 10 10
12 9 11 8
12 9 11 9
12 9 11 10
12 10 10 9
12 10 10 10
12 10 11 9
