10 14 14 12
10 15 10 14
10 15 10 15
10 15 10 16
10 15 11 13
10 15 11 14
10 15 12 12
10 15 12 13
10 15 13 10
10 15 13 11
10 15 13 12
10 15 13 13
10 15 13 15
10 15 13 16
10 15 14 9
10 15 14 10
10 15 14 11
10 15 14 12
10 15 14 14
10 15 15 11
10 15 15 12
10 16 10 15
10 16 14 12
11 13 10 15
11 13 12 13
11 13 13 11
11 13 13 12
11 13 14 12
11 14 10 15
11 14 13 11
11 14 13 12
11 14 14 12
12 12 10 15
12 12 13 11
12 12 13 12
12 12 14 12
12 13 10 14
12 13 10 15
12 13 10 16
12 13 11 13
12 13 11 14
12 13 12 12
12 13 12 13
12 13 13 10
12 13 13 11
12 13 13 12
12 13 13 13
12 13 13 15
12 13 13 16
12 13 14 9
12 13 14 10
12 13 14 11
12 13 14 12
12 13 14 13
12 13 14 14
12 13 15 9
12 13 15 10
12 13 15 11
12 13 15 12
12 13 15 13
12 13 16 10
12 13 16 11
12 17 14 12
13 9 14 12
13 10 10 15
13 10 13 11
13 10 13 12
13 10 14 12
13 11 10 14
13 11 10 15
13 11 10 16
13 11 11 13
13 11 11 14
13 11 12 12
13 11 12 13
13 11 13 10
13 11 13 11
13 11 13 12
13 11 13 13
13 11 13 14
13 11 13 15
13 11 13 16
13 11 14 9
13 11 14 10
13 11 14 11
13 11 14 12
13 11 14 13
13 11 15 9
13 11 15 10
13 11 15 11
13 11 15 12
13 11 15 13
13 11 16 10
13 11 16 11
13 12 10 14
13 12 10 15
13 12 11 14
13 12 12 12
13 12 12 13
13 12 13 10
13 12 13 11
13 12 13 12
13 12 13 13
13 12 13 15
13 12 14 9
13 12 14 10
13 12 14 11
13 12 14 12
13 12 14 13
13 12 14 14
13 12 15 9
13 12 15 11
13 12 15 12
13 12 16 11
13 13 10 15
13 13 12 13
13 13 13 11
13 13 13 12
13 13 14 12
13 14 10 15
13 14 13 11
13 14 13 12
13 14 14 12
13 15 10 15
13 15 13 11
13 15 13 12
13 15 14 12
13 16 10 15
13 16 13 11
13 16 13 12
13 16 14 12
14 8 10 15
14 8 13 11
14 8 14 12
14 9 10 15
14 9 12 12
14 9 12 13
14 9 13 11
14 9 13 12
14 9 14 9
14 9 14 10
14 9 14 12
14 9 14 13
14 10 10 15
14 10 10 16
14 10 11 13
14 10 12 12
14 10 12 13
14 10 13 10
14 10 13 11
14 10 13 12
14 10 13 13
14 10 14 9
14 10 14 10
14 10 14 11
14 10 14 12
14 10 14 13
14 10 15 11
14 10 15 12
14 10 15 13
14 11 10 15
14 11 12 12
14 11 12 13
14 11 13 11
14 11 13 12
14 11 14 9
14 11 14 10
14 11 14 11
14 11 14 12
14 12 10 15
14 12 11 14
14 12 12 12
14 12 12 13
14 12 13 10
14 12 13 11
14 12 13 12
14 12 13 13
14 12 14 9
14 12 14 10
14 12 14 11
14 12 14 12
14 12 14 13
14 12 15 9
14 12 15 12
14 13 10 15
14 13 12 13
14 13 13 11
14 13 13 12
14 13 13 13
14 13 14 12
14 13 14 13
14 13 15 12
14 14 10 15
14 14 12 13
14 14 13 11
14 14 13 12
14 14 14 10
14 14 14 12
14 14 14 13
15 9 10 15
15 9 13 12
15 9 14 12
15 10 10 15
15 10 13 11
15 10 13 12
15 10 14 12
15 11 10 15
15 11 13 11
15 11 13 12
15 11 14 9
15 11 14 10
15 11 14 12
15 12 13 11
15 12 13 12
15 12 14 12
15 13 10 15
15 13 12 13
15 13 13 11
15 13 13 12
15 13 14 12
15 14 14 12
16 7 14 12
16 8 14 12
16 10 10 15
16 10 14 12
16 11 10 15
16 11 13 11
16 11 13 12
16 11 14 12
