0.24044971356799313 0.0802928652391018 0.04423102451776287 0.011227521980210152 0.01217208385667167 0.03803776205209897 0.13561355676051018 0.0311552247036118 0.24303832368348496 0.16378192363855446
0.028057684541771266 0.0 0.0 0.0 0.0 0.0 0.0 0.0 0.0 0.0
0.0 0.03936108332273136 0.0 0.0 0.019791972523435675 0.0 0.0 0.0 0.0 0.0
0.0 0.0 0.0937897459328596 0.0 0.0676730945942765 0.0 0.0 0.0 0.0 0.0
0.0 0.0 0.0 0.19351031787174833 0.0 0.0 0.0 0.0 0.0 0.0
0.0 0.019791972523435675 0.0676730945942765 0.0 0.25087378984899544 0.0 0.0 0.0 0.0 0.0
0.0 0.0 0.0 0.0 0.0 0.08165617683336279 0.0 0.0 0.0 0.0
0.0 0.0 0.0 0.0 0.0 0.0 0.06732553075246983 0.0 0.0 0.0
0.0 0.0 0.0 0.0 0.0 0.0 0.0 0.03412684592689175 0.0 0.0
0.0 0.0 0.0 0.0 0.0 0.0 0.0 0.0 0.0050745534031619854 0.0
0.0 0.0 0.0 0.0 0.0 0.0 0.0 0.0 0.0 0.001460325778325
