0.0694074278303669 0.12037802898017952 0.05538706613975431 0.007403322815509195 0.010696525033442596 0.025880995415045596 0.12669382920278977 0.019442657435488977 0.07624401351999918 0.06892238254245422 0.07639207997630937 0.18657394643057726 0.004242869834267683 0.003002175045185798 0.04242869834267684 0.022189545487036527 0.022786917052150028 0.018926977708339714 0.03204362344147291 0.01095691776695361
0.011902168505039157 0.0 0.02651262024495543 0.0057768420175687285 0.05113575430763467 0.0 0.0 0.0 0.01880867272102975 0.0 0.01595463332677198 0.0 0.0 0.0 0.0 0.0 0.0 0.06718465769247217 0.0 0.0062544076299655416
0.0 0.04979587877190639 0.039809497599707894 0.04574518632990171 0.10216610712723445 0.0 0.016845900681656548 0.0 0.031021449345465163 0.0 0.0 0.0 0.0 0.08948867478925526 0.0 0.0 0.03907490608360503 0.0 0.0 0.0
0.02651262024495543 0.039809497599707894 0.17280132923858954 0.1424834785049548 0.15017124395571957 0.0 0.07809081951949182 0.0 0.06368062573937755 0.037797065681918346 0.10801267387748686 0.03958091698684213 0.0 0.0009080652772965325 0.036880733016277034 0.0 0.023352426310088603 0.1513118244935011 0.09399725460409625 0.05519488002122086
0.0057768420175687285 0.04574518632990171 0.1424834785049548 0.5054130667586506 0.21273760484474524 0.0 0.07592180690264172 0.07930086526541408 0.10065206751316785 0.04508358780632482 0.05827710400395708 0.03729897001232557 0.17157175492708415 0.04896109733666443 0.10994578972253599 0.08086051454582516 0.09565698781761434 0.09922634146462916 0.09583672706430446 0.20311039616590276
0.05113575430763467 0.10216610712723445 0.15017124395571957 0.21273760484474524 0.5060694070200583 0.0 0.07811825983859322 0.13204586222841036 0.1468745813662668 0.08775676928810971 0.11688366639867559 0.09179337087088085 0.129381167224993 0.025011559574006914 0.1616852952606127 0.10385268042154222 0.2071085231931331 0.13026862962004448 0.2551077152657143 0.17501286223681445
0.0 0.0 0.0 0.0 0.0 0.019631965408069618 0.0 0.0 0.0 0.0 0.0 0.0 0.0 0.0 0.0 0.0 0.0 0.08561231165008926 0.0 0.0
0.0 0.016845900681656548 0.07809081951949182 0.07592180690264172 0.07811825983859322 0.0 0.05457016851079145 0.0 0.020920904882202856 0.0 0.0 0.0 0.0 0.042366710166374555 0.0 0.0 0.03052339727273115 0.0026948726144471746 0.012291655882621183 0.007972678247665482
0.0 0.0 0.0 0.07930086526541408 0.13204586222841036 0.0 0.0 0.023734721145275015 0.0 0.0 0.0 0.0 0.0 0.0 0.0 0.0 0.0 0.02582324587933371 0.059692717915970306 0.04815988532907234
0.01880867272102975 0.031021449345465163 0.06368062573937755 0.10065206751316785 0.1468745813662668 0.0 0.020920904882202856 0.0 0.12617992044386808 0.01667084497520932 0.04504165597684631 0.0334325084586478 0.0 0.05331186192522247 0.0 0.0 0.06777919087251547 0.06672870457045832 0.05454523843164516 0.09624735629156156
0.0 0.0 0.037797065681918346 0.04508358780632482 0.08775676928810971 0.0 0.0 0.0 0.01667084497520932 0.010002356027576553 0.013644012688878604 0.0 0.0 0.0 0.0 0.0 0.0 0.07666965160060996 0.024632332283112734 0.028019019319818372
0.01595463332677198 0.0 0.10801267387748686 0.05827710400395708 0.11688366639867559 0.0 0.0 0.0 0.04504165597684631 0.013644012688878604 0.09681296205584358 0.014718069697830669 0.0 0.0 0.0 0.0 0.0 0.13395630453788954 0.06290260334903941 0.050771469002866
0.0 0.0 0.03958091698684213 0.03729897001232557 0.09179337087088085 0.0 0.0 0.0 0.0334325084586478 0.0 0.014718069697830669 0.004648828877027711 0.0 0.02003013942386006 0.0 0.0 0.013818484289298633 0.04130411815227042 0.036837119977843 0.032389138936771644
0.0 0.0 0.0 0.17157175492708415 0.129381167224993 0.0 0.0 0.0 0.0 0.0 0.0 0.0 0.06796583056556357 0.0 0.0 0.0 0.0 0.0 0.0 0.0
0.0 0.08948867478925526 0.0009080652772965325 0.04896109733666443 0.025011559574006914 0.0 0.042366710166374555 0.0 0.05331186192522247 0.0 0.0 0.02003013942386006 0.0 0.4224293006802895 0.00658537224017014 0.015675888010879657 0.09615679305476693 0.0 0.0 0.028754365292197548
0.0 0.0 0.036880733016277034 0.10994578972253599 0.1616852952606127 0.0 0.0 0.0 0.0 0.0 0.0 0.0 0.0 0.00658537224017014 0.05480746747319855 0.0 0.018886000298968503 0.008020503464490514 0.00023396319492155482 0.0
0.0 0.0 0.0 0.08086051454582516 0.10385268042154222 0.0 0.0 0.0 0.0 0.0 0.0 0.0 0.0 0.015675888010879657 0.0 0.0030234482869644806 0.04076147937791283 0.0 0.0 0.0
0.0 0.03907490608360503 0.023352426310088603 0.09565698781761434 0.2071085231931331 0.0 0.03052339727273115 0.0 0.06777919087251547 0.0 0.0 0.013818484289298633 0.0 0.09615679305476693 0.018886000298968503 0.04076147937791283 0.1673800750839497 0.0 0.0 0.07688457005977406
0.06718465769247217 0.0 0.1513118244935011 0.09922634146462916 0.13026862962004448 0.08561231165008926 0.0026948726144471746 0.02582324587933371 0.06672870457045832 0.07666965160060996 0.13395630453788954 0.04130411815227042 0.0 0.0 0.008020503464490514 0.0 0.0 0.29821564954104146 0.13060728488003653 0.1003750530018312
0.0 0.0 0.09399725460409625 0.09583672706430446 0.2551077152657143 0.0 0.012291655882621183 0.059692717915970306 0.05454523843164516 0.024632332283112734 0.06290260334903941 0.036837119977843 0.0 0.0 0.00023396319492155482 0.0 0.0 0.13060728488003653 0.2007938215401907 0.0835940884575585
0.0062544076299655416 0.0 0.05519488002122086 0.20311039616590276 0.17501286223681445 0.0 0.007972678247665482 0.04815988532907234 0.09624735629156156 0.028019019319818372 0.050771469002866 0.032389138936771644 0.0 0.028754365292197548 0.0 0.0 0.07688457005977406 0.1003750530018312 0.0835940884575585 0.20711439431499484
