0.04460345855694693 0.044841979725700656 0.045199761478831244 0.04555754323196184 0.0456768038163387 0.046630888491353606 0.04746571258199165 0.04806201550387597 0.048539057841383425 0.049016100178890874 0.04985092426952892 0.05008944543828265 0.05008944543828265 0.05199761478831246 0.05271317829457364 0.05450208706022659 0.05462134764460346 0.055456171735241505 0.05641025641025641 0.05867620751341682
0.0 0.0 0.0 0.0 0.0 0.0 0.0 0.0 0.0 0.0 0.0 0.0 0.0 0.0 0.0 0.0 0.0 0.0 0.0 0.0
0.0 0.7142857142857143 0.0 0.0 0.0 0.0 0.0 0.0 0.0 0.0 0.0 0.0 0.0 0.0 0.7142857142857143 0.14285714285714285 0.0 0.0 0.0 0.0
0.0 0.0 0.14285714285714285 0.0 0.14285714285714285 0.0 0.0 0.0 0.0 0.14285714285714285 0.14285714285714285 0.0 0.14285714285714285 0.0 0.0 0.0 0.14285714285714285 0.0 0.0 0.0
0.0 0.0 0.0 0.14285714285714285 0.0 0.0 0.0 0.0 0.0 0.0 0.0 0.0 0.0 0.0 0.0 0.0 0.0 0.0 0.0 0.0
0.0 0.0 0.14285714285714285 0.0 0.7142857142857143 0.0 0.0 0.0 0.0 0.7142857142857143 0.14285714285714285 0.0 0.7142857142857143 0.0 0.0 0.0 0.14285714285714285 0.0 0.0 0.0
0.0 0.0 0.0 0.0 0.0 0.2857142857142857 0.0 0.14285714285714285 0.0 0.14285714285714285 0.2857142857142857 0.0 0.2857142857142857 0.14285714285714285 0.0 0.0 0.14285714285714285 0.0 0.14285714285714285 0.0
0.0 0.0 0.0 0.0 0.0 0.0 0.2857142857142857 0.0 0.0 0.0 0.0 0.0 0.0 0.0 0.2857142857142857 0.0 0.0 0.0 0.0 0.0
0.0 0.0 0.0 0.0 0.0 0.14285714285714285 0.0 0.2857142857142857 0.0 0.0 0.14285714285714285 0.0 0.14285714285714285 0.0 0.0 0.0 0.0 0.0 0.14285714285714285 0.0
0.0 0.0 0.0 0.0 0.0 0.0 0.0 0.0 0.0 0.0 0.0 0.0 0.0 0.0 0.0 0.0 0.0 0.0 0.0 0.0
0.0 0.0 0.14285714285714285 0.0 0.7142857142857143 0.14285714285714285 0.0 0.0 0.0 0.8571428571428571 0.2857142857142857 0.0 0.8571428571428571 0.14285714285714285 0.0 0.0 0.2857142857142857 0.0 0.0 0.0
0.0 0.0 0.14285714285714285 0.0 0.14285714285714285 0.2857142857142857 0.0 0.14285714285714285 0.0 0.2857142857142857 0.42857142857142855 0.0 0.42857142857142855 0.14285714285714285 0.0 0.0 0.2857142857142857 0.0 0.14285714285714285 0.0
0.0 0.0 0.0 0.0 0.0 0.0 0.0 0.0 0.0 0.0 0.0 0.0 0.0 0.0 0.0 0.0 0.0 0.0 0.0 0.0
0.0 0.0 0.14285714285714285 0.0 0.7142857142857143 0.2857142857142857 0.0 0.14285714285714285 0.0 0.8571428571428571 0.42857142857142855 0.0 1.0 0.14285714285714285 0.0 0.0 0.2857142857142857 0.0 0.14285714285714285 0.0
0.0 0.0 0.0 0.0 0.0 0.14285714285714285 0.0 0.0 0.0 0.14285714285714285 0.14285714285714285 0.0 0.14285714285714285 0.14285714285714285 0.0 0.0 0.14285714285714285 0.0 0.0 0.0
0.0 0.7142857142857143 0.0 0.0 0.0 0.0 0.2857142857142857 0.0 0.0 0.0 0.0 0.0 0.0 0.0 0.8571428571428571 0.2857142857142857 0.0 0.14285714285714285 0.0 0.0
0.0 0.14285714285714285 0.0 0.0 0.0 0.0 0.0 0.0 0.0 0.0 0.0 0.0 0.0 0.0 0.2857142857142857 0.2857142857142857 0.0 0.14285714285714285 0.0 0.0
0.0 0.0 0.14285714285714285 0.0 0.14285714285714285 0.14285714285714285 0.0 0.0 0.0 0.2857142857142857 0.2857142857142857 0.0 0.2857142857142857 0.14285714285714285 0.0 0.0 0.2857142857142857 0.0 0.0 0.0
0.0 0.0 0.0 0.0 0.0 0.0 0.0 0.0 0.0 0.0 0.0 0.0 0.0 0.0 0.14285714285714285 0.14285714285714285 0.0 0.14285714285714285 0.0 0.0
0.0 0.0 0.0 0.0 0.0 0.14285714285714285 0.0 0.14285714285714285 0.0 0.0 0.14285714285714285 0.0 0.14285714285714285 0.0 0.0 0.0 0.0 0.0 0.14285714285714285 0.0
0.0 0.0 0.0 0.0 0.0 0.0 0.0 0.0 0.0 0.0 0.0 0.0 0.0 0.0 0.0 0.0 0.0 0.0 0.0 0.0
