0.0932827493862977 0.09372907833072974 0.09372907833072974 0.09729970988618612 0.09863869671948226 0.1019861638027226 0.10220932827493863 0.1037714795804508 0.10555679535817898 0.10979692033028342
0.42857142857142855 0.0 0.42857142857142855 0.14285714285714285 0.0 0.0 0.2857142857142857 0.0 0.14285714285714285 0.0
0.0 0.0 0.0 0.0 0.0 0.0 0.0 0.0 0.0 0.0
0.42857142857142855 0.0 1.0 0.14285714285714285 0.0 0.0 0.2857142857142857 0.0 0.14285714285714285 0.0
0.14285714285714285 0.0 0.14285714285714285 0.14285714285714285 0.0 0.0 0.14285714285714285 0.0 0.0 0.0
0.0 0.0 0.0 0.0 0.8571428571428571 0.2857142857142857 0.0 0.14285714285714285 0.0 0.0
0.0 0.0 0.0 0.0 0.2857142857142857 0.2857142857142857 0.0 0.14285714285714285 0.0 0.0
0.2857142857142857 0.0 0.2857142857142857 0.14285714285714285 0.0 0.0 0.2857142857142857 0.0 0.0 0.0
0.0 0.0 0.0 0.0 0.14285714285714285 0.14285714285714285 0.0 0.14285714285714285 0.0 0.0
0.14285714285714285 0.0 0.14285714285714285 0.0 0.0 0.0 0.0 0.0 0.14285714285714285 0.0
0.0 0.0 0.0 0.0 0.0 0.0 0.0 0.0 0.0 0.0
