0.03182407662694401 0.11944878432333629 0.041177792073849424 0.007398217075636431 0.011436857314993516 0.02015746101767607 0.13657854159646274 0.029051659876032636 0.08062473833083152 0.15116564041295225 0.0934656741108354 0.19907790337897865 0.00533039242716662 0.0030889726230228023 0.07017328881128164
0.0063385130504443055 0.0 0.0 0.0 0.0 0.0063385130504443055 0.0 0.0 0.0 0.0 0.0 0.0 0.0 0.0 0.0
0.0 0.029957260706844124 0.0 0.0 0.0 0.0 0.0 0.0 0.0 0.0 0.0 0.0 0.0 0.0 0.0
0.0 0.0 0.09225526041151255 0.0 0.07870408121326733 0.01607847448216404 0.0 0.0 0.0 0.0 0.0 0.0 0.0 0.0 0.0
0.0 0.0 0.0 0.26548465769496943 0.0 0.0 0.0 0.0 0.0 0.0 0.0 0.0 0.02595837452106764 0.0 0.0
0.0 0.0 0.07870408121326733 0.0 0.2592459361607169 0.0 0.0 0.0 0.0 0.0 0.0 0.0 0.0 0.0 0.032400541312554765
0.0063385130504443055 0.0 0.01607847448216404 0.0 0.0 0.15348486340597844 0.0 0.0 0.0 0.006202397717295582 0.039369843280354644 0.0 0.0 0.0 0.0
0.0 0.0 0.0 0.0 0.0 0.0 0.0279025308697598 0.0 0.0 0.0 0.00851203227865227 0.0 0.0 0.0 0.0
0.0 0.0 0.0 0.0 0.0 0.0 0.0 0.03131429736380653 0.0 0.0 0.0 0.0 0.0 0.0 0.0
0.0 0.0 0.0 0.0 0.0 0.0 0.0 0.0 0.06893244648628638 0.0 0.0 0.0009298410006479685 0.0 0.0 0.0
0.0 0.0 0.0 0.0 0.0 0.006202397717295582 0.0 0.0 0.0 0.006202397717295582 0.006202397717295582 0.0 0.0 0.0 0.0
0.0 0.0 0.0 0.0 0.0 0.039369843280354644 0.00851203227865227 0.0 0.0 0.006202397717295582 0.07863128426340182 0.0 0.0 0.0 0.0
0.0 0.0 0.0 0.0 0.0 0.0 0.0 0.0 0.0009298410006479685 0.0 0.0 0.0009298410006479685 0.0 0.0 0.0
0.0 0.0 0.0 0.02595837452106764 0.0 0.0 0.0 0.0 0.0 0.0 0.0 0.0 0.02595837452106764 0.0 0.0
0.0 0.0 0.0 0.0 0.0 0.0 0.0 0.0 0.0 0.0 0.0 0.0 0.0 0.2203007966942181 0.0
0.0 0.0 0.0 0.0 0.032400541312554765 0.0 0.0 0.0 0.0 0.0 0.0 0.0 0.0 0.0 0.03891179841407677
