0.005776004973062578 0.010541856610029009 0.0054133858267716535 0.009738914214670534 0.00940219643597182 0.005594695399917115 0.0065271446332366345 0.009350393700787402 0.01144840447575632 0.007019270617488603 0.0062681309573145464 0.005698300870285951 0.005439287194363863 0.007925818483215915 0.005387484459179445 0.008158930791545794 0.007925818483215915 0.005568794032324907 0.005853709075839204 0.007925818483215915 0.006242229589722337 0.006941566514711977 0.005983215913800249 0.006578947368421052 0.005568794032324907 0.007304185661002901 0.005361583091587236 0.005361583091587236 0.009920223787815997 0.0058796104434314135 0.005853709075839204 0.009687111479486117 0.009816618317447161 0.007071073352673021 0.008184832159138003 0.012044135930377124 0.008573352673021135 0.005750103605470369 0.00572420223787816 0.005905511811023622 0.0064235391628678 0.0052579776212184 0.009505801906340655 0.005465188561956071 0.005309780356402818 0.008832366348943224 0.010878574388727726 0.005206174886033982 0.0061386241193535016 0.00870285951098218 0.011836924989639452 0.008728760878574389 0.006501243265644426 0.005750103605470369 0.005516991297140489 0.006371736427683382 0.0060091172813924575 0.006812059676750933 0.0062681309573145464 0.005698300870285951 0.005672399502693742 0.0052579776212184 0.0064235391628678 0.0052838789888106094 0.008987774554496477 0.00916908412764194 0.009039577289680896 0.006682552838789888 0.007848114380439287 0.010438251139660175 0.007485495234148363 0.005801906340654786 0.005698300870285951 0.005491089929548281 0.010878574388727726 0.005594695399917115 0.005439287194363863 0.010127434728553668 0.010826771653543307 0.005491089929548281 0.008314338997099047 0.009505801906340655 0.012251346871114795 0.00867695814338997 0.006682552838789888 0.005232076253626192 0.006035018648984666 0.006449440530460008 0.005983215913800249 0.010645462080397844 0.006708454206382097 0.006708454206382097 0.0052579776212184 0.011292996270203066 0.011862826357231663 0.005853709075839204 0.008184832159138003 0.009894322420223789 0.012743472855366764 0.00937629506837961 0.006734355573974306 0.005905511811023622 0.00663075010360547 0.006371736427683382 0.006112722751761293 0.006060920016576875 0.005905511811023622 0.00826253626191463 0.006086821384169084 0.009117281392457521 0.007640903439701616 0.008780563613758806 0.00823663489432242 0.009039577289680896 0.006112722751761293 0.0071228760878574385 0.010308744301699129 0.0072523829258184834 0.006371736427683382 0.0052838789888106094 0.005698300870285951 0.006086821384169084 0.005983215913800249 0.006734355573974306 0.005983215913800249 0.006786158309158723 0.005646498135101533 0.007355988396187319 0.005232076253626192 0.005905511811023622 0.005801906340654786 0.006035018648984666 0.005491089929548281 0.007640903439701616 0.005698300870285951 0.005620596767509325 0.005594695399917115 0.0061386241193535016
9 4 17 25 21 15 0 0 0 25 21 0 0 16 0 7 3 0 0 0 7 12 13 9 0 0 13 0 0 0 0 0 0 0 0 0 0 0 0 0 0 15 20 3 9 1 0 11 0 0 0 1 7 0 0 0 3 0 16 17 13 0 0 0 0 0 0 0 0 0 0 0 0 0 0 0 0 0 0 0 0 0 0 0 0 0 0 0 0 0 0 0 0 0 0 0 0 0 0 0 0 0 0 0 0 0 0 0 0 0 0 20 11 7 0 0 0 1 0 0 0 0 0 0 0 0 0 0 0 0 0 0 0 0 0 0 0 0
4 0 12 0 16 12 0 0 0 0 16 0 0 12 0 0 0 0 0 0 0 8 0 4 0 0 0 0 0 0 0 0 0 0 0 0 0 0 0 0 0 10 16 0 4 0 0 8 0 0 0 0 2 0 0 0 0 0 12 0 8 0 0 0 0 0 0 0 0 0 0 0 0 0 0 0 0 0 0 0 0 0 0 0 0 0 0 0 0 0 0 0 0 0 0 0 0 0 0 0 0 0 0 0 0 0 0 0 0 0 0 16 0 2 0 0 0 0 0 0 0 0 0 0 0 0 0 0 0 0 0 0 0 0 0 0 0 0
17 12 27 35 31 23 0 43 39 35 29 0 43 24 12 20 16 0 28 24 20 20 25 21 33 29 25 0 0 0 0 0 0 0 0 0 0 0 0 0 0 23 28 15 19 13 10 21 0 21 17 13 17 0 0 21 15 22 24 27 23 35 31 0 0 0 0 0 0 0 0 0 0 0 0 0 0 0 0 0 0 0 0 0 0 0 0 0 0 0 0 0 0 0 0 0 0 0 0 0 0 0 0 0 0 0 0 0 0 0 0 28 21 18 0 19 16 13 8 19 0 0 0 0 0 0 0 0 0 0 0 0 0 0 0 0 0 0
25 0 35 45 40 33 57 53 49 43 38 57 53 0 20 30 25 42 38 34 28 0 35 30 43 39 33 0 0 0 0 0 0 0 0 0 0 0 0 0 0 31 0 23 27 25 20 31 37 33 29 23 27 41 37 33 25 34 0 38 33 46 42 0 0 0 0 0 0 0 0 0 0 0 0 0 0 0 0 0 0 0 0 0 0 0 0 0 0 0 0 0 0 0 0 0 0 0 0 0 0 0 0 0 0 0 0 0 0 0 0 0 33 28 35 31 28 23 18 31 0 0 0 0 0 0 0 0 0 0 0 0 0 0 0 0 0 0
21 16 31 40 36 29 52 48 44 40 34 52 48 28 16 25 21 37 33 29 25 24 30 26 38 34 30 0 0 0 0 0 0 0 0 0 0 0 0 0 0 28 32 20 24 20 16 28 32 28 24 20 24 0 32 28 21 29 28 33 29 41 37 0 0 0 0 0 0 0 0 0 0 0 0 0 0 0 0 0 0 0 0 0 0 0 0 0 0 0 0 0 0 0 0 0 0 0 0 0 0 0 0 0 0 0 0 0 0 0 0 32 28 24 30 26 22 19 14 26 0 0 0 0 0 0 0 0 0 0 0 0 0 0 0 0 0 0
15 12 23 33 29 27 0 0 0 33 29 0 0 24 8 16 13 0 0 0 16 20 21 18 0 0 21 0 0 0 0 0 0 0 0 0 0 0 0 0 0 21 28 11 16 11 8 23 0 0 0 11 16 0 0 0 13 0 24 28 24 0 0 0 0 0 0 0 0 0 0 0 0 0 0 0 0 0 0 0 0 0 0 0 0 0 0 0 0 0 0 0 0 0 0 0 0 0 0 0 0 0 0 0 0 0 0 0 0 0 0 28 19 16 0 0 0 11 8 0 0 0 0 0 0 0 0 0 0 0 0 0 0 0 0 0 0 0
0 0 0 57 52 0 72 67 62 57 52 70 65 0 0 42 37 57 52 47 42 0 47 42 57 52 47 0 0 0 0 0 0 0 0 0 0 0 0 0 0 0 0 0 0 37 32 0 52 47 42 37 40 56 50 45 37 47 0 50 45 60 55 0 0 0 0 0 0 0 0 0 0 0 0 0 0 0 0 0 0 0 0 0 0 0 0 0 0 0 0 0 0 0 0 0 0 0 0 0 0 0 0 0 0 0 0 0 0 0 0 0 45 40 52 47 42 37 32 45 0 0 0 0 0 0 0 0 0 0 0 0 0 0 0 0 0 0
0 0 43 53 48 0 67 63 58 53 48 67 61 0 28 38 33 52 48 43 38 0 43 38 53 48 43 0 0 0 0 0 0 0 0 0 0 0 0 0 0 0 0 31 0 33 28 0 47 43 38 33 36 51 47 41 33 43 0 46 41 56 51 0 0 0 0 0 0 0 0 0 0 0 0 0 0 0 0 0 0 0 0 0 0 0 0 0 0 0 0 0 0 0 0 0 0 0 0 0 0 0 0 0 0 0 0 0 0 0 0 0 41 36 47 43 38 33 28 41 0 0 0 0 0 0 0 0 0 0 0 0 0 0 0 0 0 0
0 0 39 49 44 0 62 58 54 49 44 62 58 0 24 34 29 47 43 39 34 0 39 34 48 44 39 0 0 0 0 0 0 0 0 0 0 0 0 0 0 0 0 27 30 29 24 0 42 38 34 29 32 46 42 38 29 39 0 42 37 51 47 0 0 0 0 0 0 0 0 0 0 0 0 0 0 0 0 0 0 0 0 0 0 0 0 0 0 0 0 0 0 0 0 0 0 0 0 0 0 0 0 0 0 0 0 0 0 0 0 0 38 32 42 38 34 29 24 38 0 0 0 0 0 0 0 0 0 0 0 0 0 0 0 0 0 0
25 0 35 43 40 33 57 53 49 45 40 57 53 0 20 28 25 42 38 34 30 0 33 30 43 39 35 0 0 0 0 0 0 0 0 0 0 0 0 0 0 31 0 23 27 23 20 31 37 33 29 25 29 41 37 33 25 34 0 36 33 46 42 0 0 0 0 0 0 0 0 0 0 0 0 0 0 0 0 0 0 0 0 0 0 0 0 0 0 0 0 0 0 0 0 0 0 0 0 0 0 0 0 0 0 0 0 0 0 0 0 0 33 29 37 33 29 25 20 33 0 0 0 0 0 0 0 0 0 0 0 0 0 0 0 0 0 0
21 16 29 38 34 29 52 48 44 40 36 52 48 28 14 22 19 35 31 27 24 24 28 24 38 34 30 0 0 0 0 0 0 0 0 0 0 0 0 0 0 27 32 17 22 17 14 26 30 26 22 19 24 0 30 26 19 29 28 31 27 41 37 0 0 0 0 0 0 0 0 0 0 0 0 0 0 0 0 0 0 0 0 0 0 0 0 0 0 0 0 0 0 0 0 0 0 0 0 0 0 0 0 0 0 0 0 0 0 0 0 32 28 24 32 28 24 20 16 28 0 0 0 0 0 0 0 0 0 0 0 0 0 0 0 0 0 0
0 0 0 57 52 0 70 67 62 57 52 72 67 0 0 42 37 55 52 47 42 0 47 42 57 52 47 0 0 0 0 0 0 0 0 0 0 0 0 0 0 0 0 0 0 37 32 0 50 47 42 37 40 56 52 47 37 47 0 50 45 60 55 0 0 0 0 0 0 0 0 0 0 0 0 0 0 0 0 0 0 0 0 0 0 0 0 0 0 0 0 0 0 0 0 0 0 0 0 0 0 0 0 0 0 0 0 0 0 0 0 0 45 40 50 47 42 37 32 47 0 0 0 0 0 0 0 0 0 0 0 0 0 0 0 0 0 0
0 0 43 53 48 0 65 61 58 53 48 67 63 0 28 38 33 50 46 43 38 0 43 38 51 48 43 0 0 0 0 0 0 0 0 0 0 0 0 0 0 0 0 31 0 33 28 0 45 41 38 33 36 51 47 43 33 43 0 46 41 54 51 0 0 0 0 0 0 0 0 0 0 0 0 0 0 0 0 0 0 0 0 0 0 0 0 0 0 0 0 0 0 0 0 0 0 0 0 0 0 0 0 0 0 0 0 0 0 0 0 0 41 36 45 41 38 33 28 43 0 0 0 0 0 0 0 0 0 0 0 0 0 0 0 0 0 0
16 12 24 0 28 24 0 0 0 0 28 0 0 27 12 0 15 0 0 0 0 22 0 19 0 0 0 30 35 20 25 0 13 0 0 0 0 21 0 0 0 26 31 16 21 0 10 23 0 0 0 0 18 0 0 0 13 0 23 0 21 0 0 0 0 0 0 0 0 0 0 0 0 38 43 28 33 0 21 35 0 0 0 0 19 0 0 0 34 39 24 29 0 0 17 31 0 0 0 0 16 0 0 0 0 35 0 13 0 0 0 29 0 17 0 0 0 0 8 0 0 0 0 0 0 0 0 0 0 43 0 21 0 0 0 0 17 0
0 0 12 20 16 8 0 28 24 20 14 0 28 12 0 8 4 0 16 12 8 6 12 8 20 16 12 16 20 8 12 0 2 0 4 0 6 10 0 0 4 12 16 4 8 2 0 10 0 10 6 2 6 0 0 10 2 10 8 14 10 22 18 0 0 0 0 0 0 0 0 0 0 24 28 16 20 4 10 22 0 0 0 4 8 0 0 2 20 24 12 16 4 0 6 18 0 0 0 0 4 0 0 0 4 20 6 2 4 0 0 14 10 6 0 8 4 0 0 8 0 0 0 0 0 0 0 0 0 28 4 10 2 0 4 10 6 4
7 0 20 30 25 16 42 38 34 28 22 42 38 0 8 18 13 30 26 22 16 0 22 17 30 26 20 24 0 16 20 8 12 20 16 12 16 20 24 20 16 19 0 12 15 13 8 19 25 21 17 11 15 29 25 21 11 20 0 24 19 32 28 0 0 0 0 0 0 0 0 0 0 30 0 24 27 14 19 30 7 4 9 12 16 10 7 12 27 0 20 23 15 11 15 27 13 9 6 9 13 17 13 9 13 0 16 11 14 11 6 0 20 15 22 18 14 9 4 18 0 0 0 0 0 0 0 0 0 0 14 19 12 9 12 20 15 14
3 0 16 25 21 13 37 33 29 25 19 37 33 15 4 13 9 25 21 17 13 9 17 13 25 21 17 19 23 12 15 2 7 13 9 5 11 15 0 13 9 16 20 8 12 8 4 16 20 16 12 8 12 0 20 16 7 15 11 19 15 27 23 0 0 0 0 0 0 0 0 0 0 27 31 20 23 9 15 27 1 0 3 9 13 0 1 7 23 27 16 19 9 5 11 23 7 3 0 5 9 0 7 3 9 23 11 7 9 5 2 17 15 11 17 13 9 5 0 13 0 0 0 0 0 0 0 0 0 31 9 15 7 3 9 15 11 9
0 0 0 42 37 0 57 52 47 42 35 55 50 0 0 30 25 45 40 35 30 0 34 29 44 39 34 0 0 0 0 20 23 35 30 25 28 31 39 33 28 0 0 0 0 25 20 0 40 35 30 25 28 44 38 33 23 33 0 36 31 46 41 0 0 0 0 0 0 0 0 0 0 0 0 0 0 27 31 0 25 20 23 27 31 29 23 27 0 0 0 0 28 23 27 0 30 25 20 23 26 34 28 23 26 0 28 23 30 25 20 0 32 27 38 33 28 23 18 31 0 0 0 0 0 0 0 0 0 0 26 31 28 23 26 32 27 28
0 0 28 38 33 0 52 48 43 38 31 52 46 0 16 26 21 40 36 31 26 0 30 25 40 35 30 0 0 24 0 16 19 30 26 21 24 28 34 30 24 0 0 20 0 21 16 0 35 31 26 21 24 39 35 29 19 29 0 32 27 42 37 0 0 0 0 0 0 0 0 0 0 0 0 32 0 24 28 0 20 16 20 24 28 24 20 24 0 0 28 0 25 19 23 0 25 21 16 19 23 29 25 19 23 0 24 19 26 21 16 0 28 23 33 29 24 19 14 27 0 0 0 0 0 0 0 0 0 0 22 27 24 19 22 28 23 24
0 0 24 34 29 0 47 43 39 34 27 47 43 0 12 22 17 35 31 27 22 0 26 21 35 31 26 0 0 20 23 12 15 25 21 17 21 25 29 25 21 0 0 16 19 17 12 0 30 26 22 17 20 34 30 26 15 25 0 28 23 37 33 0 0 0 0 0 0 0 0 0 0 0 0 28 31 19 23 0 13 10 15 19 23 17 13 19 0 0 24 28 20 16 20 0 20 16 12 16 20 24 20 16 20 0 21 15 21 17 12 0 24 19 28 24 20 15 10 24 0 0 0 0 0 0 0 0 0 0 19 23 19 15 19 24 19 20
7 0 20 28 25 16 42 38 34 30 24 42 38 0 8 16 13 30 26 22 18 0 20 17 30 26 22 22 0 16 19 6 11 18 14 11 16 20 22 18 14 19 0 12 15 11 8 19 25 21 17 13 17 29 25 21 11 20 0 22 19 32 28 0 0 0 0 0 0 0 0 0 0 30 0 24 27 12 19 30 7 4 9 14 18 10 7 12 27 0 20 23 13 9 15 27 13 9 6 11 15 17 13 9 15 0 16 12 16 12 8 0 19 15 23 19 15 11 6 19 0 0 0 0 0 0 0 0 0 0 12 19 12 9 14 19 15 15
12 8 20 0 24 20 0 0 0 0 24 0 0 22 6 0 9 0 0 0 0 18 0 14 0 0 0 25 30 13 20 0 7 0 0 0 0 16 0 0 0 21 26 9 16 0 4 18 0 0 0 0 12 0 0 0 9 0 20 0 16 0 0 0 0 0 0 0 0 0 0 0 0 0 0 0 0 0 0 0 0 0 0 0 0 0 0 0 29 34 17 24 0 0 10 26 0 0 0 0 10 0 0 0 0 30 0 7 0 0 0 26 0 12 0 0 0 0 4 0 0 0 0 0 0 0 0 0 0 0 0 0 0 0 0 0 10 0
13 0 25 35 30 21 47 43 39 33 28 47 43 0 12 22 17 34 30 26 20 0 27 22 35 31 25 28 0 20 24 12 16 24 20 16 20 24 28 24 20 23 0 15 20 17 12 23 29 25 21 15 19 33 29 25 17 26 0 29 24 37 33 0 0 0 0 0 0 0 0 0 0 0 0 0 0 0 0 0 0 0 0 0 0 0 0 0 31 0 23 28 19 15 19 31 17 13 10 13 17 21 17 13 17 0 20 15 18 15 10 0 25 20 27 23 20 15 10 23 0 0 0 0 0 0 0 0 0 0 0 0 0 0 0 23 18 18
9 4 21 30 26 18 42 38 34 30 24 42 38 19 8 17 13 29 25 21 17 14 22 18 30 26 22 23 27 15 20 6 11 17 13 9 15 19 0 17 13 20 24 12 16 12 8 20 24 20 16 12 16 0 24 20 13 21 16 24 20 32 28 0 0 0 0 0 0 0 0 0 0 0 0 0 0 0 0 0 0 0 0 0 0 0 0 0 27 30 19 24 12 9 14 26 10 7 4 9 12 0 10 7 12 27 15 11 13 9 6 22 20 16 22 18 14 11 6 18 0 0 0 0 0 0 0 0 0 0 0 0 0 0 0 18 14 12
0 0 33 43 38 0 57 53 48 43 38 57 51 0 20 30 25 44 40 35 30 0 35 30 45 40 35 0 0 27 0 20 23 34 30 25 28 32 38 34 28 0 0 23 0 25 20 0 39 35 30 25 28 43 39 33 25 35 0 37 32 47 42 0 0 0 0 0 0 0 0 0 0 0 0 0 0 0 0 0 0 0 0 0 0 0 0 0 0 0 31 0 29 23 27 0 29 25 20 23 27 33 29 23 27 0 28 23 30 25 20 0 33 28 39 35 30 25 20 33 0 0 0 0 0 0 0 0 0 0 0 0 0 0 0 31 26 28
0 0 29 39 34 0 52 48 44 39 34 52 48 0 16 26 21 39 35 31 26 0 31 26 40 36 31 0 0 23 28 16 19 29 25 21 25 29 33 29 25 0 0 19 24 21 16 0 34 30 26 21 24 38 34 30 21 31 0 33 28 42 38 0 0 0 0 0 0 0 0 0 0 0 0 0 0 0 0 0 0 0 0 0 0 0 0 0 0 0 28 32 24 20 24 0 24 20 16 20 24 28 24 20 24 0 25 19 25 21 16 0 30 24 34 30 26 21 16 30 0 0 0 0 0 0 0 0 0 0 0 0 0 0 0 28 22 24
13 0 25 33 30 21 47 43 39 35 30 47 43 0 12 20 17 34 30 26 22 0 25 22 35 31 27 27 0 19 24 10 15 22 18 15 20 24 26 22 18 23 0 15 20 15 12 23 29 25 21 17 21 33 29 25 17 26 0 27 24 37 33 0 0 0 0 0 0 0 0 0 0 0 0 0 0 0 0 0 0 0 0 0 0 0 0 0 31 0 23 28 17 13 19 31 17 13 10 15 19 21 17 13 19 0 20 16 20 16 12 0 25 21 29 25 21 17 12 25 0 0 0 0 0 0 0 0 0 0 0 0 0 0 0 23 19 19
0 0 0 0 0 0 0 0 0 0 0 0 0 30 16 24 19 0 0 0 22 25 28 23 0 0 27 36 40 26 31 16 21 0 0 0 24 29 0 0 0 31 35 21 26 20 16 27 0 0 0 19 24 0 0 0 19 0 27 32 27 0 0 48 52 28 33 0 0 0 26 31 0 44 48 34 39 24 29 40 0 0 0 22 27 0 0 0 40 44 30 35 0 20 25 36 0 0 0 19 24 0 0 0 0 38 24 19 0 0 14 33 28 23 0 0 0 17 14 0 56 32 0 52 28 33 0 0 26 48 24 29 0 0 22 28 23 0
0 0 0 0 0 0 0 0 0 0 0 0 0 35 20 0 23 0 0 0 0 30 0 27 0 0 0 40 45 30 35 0 25 0 0 0 0 33 0 0 0 35 40 25 30 0 20 33 0 0 0 0 28 0 0 0 23 0 33 0 31 0 0 52 57 0 37 0 0 0 0 35 0 48 53 38 43 0 33 46 0 0 0 0 31 0 0 0 44 49 34 39 0 0 29 42 0 0 0 0 28 0 0 0 0 43 0 23 0 0 0 38 0 27 0 0 0 0 18 0 61 0 0 57 0 37 0 0 0 53 0 33 0 0 0 0 27 0
0 0 0 0 0 0 0 0 0 0 0 0 0 20 8 16 12 0 24 20 16 13 20 15 27 23 19 26 30 18 22 8 13 0 14 11 16 20 0 0 14 21 25 13 17 12 8 19 0 19 15 11 15 0 0 19 11 19 16 24 19 30 27 38 42 20 25 0 7 13 18 22 0 34 38 26 30 16 21 32 0 4 9 14 18 0 0 12 30 34 22 26 15 12 17 28 0 9 6 11 14 0 0 9 14 28 16 11 12 9 6 22 20 15 0 16 13 9 4 16 46 24 17 42 20 25 7 13 18 38 16 21 12 9 14 20 15 13
0 0 0 0 0 0 0 0 0 0 0 0 0 25 12 20 15 0 0 23 19 20 24 20 0 28 24 31 35 22 27 12 17 0 0 15 20 25 0 0 0 26 30 17 22 16 12 24 0 0 19 15 20 0 0 0 15 23 21 28 23 0 31 43 47 24 29 0 0 17 22 27 0 39 43 30 35 20 25 37 0 0 13 18 23 0 0 0 35 39 26 31 19 16 21 33 0 0 10 15 20 0 0 0 18 33 20 15 0 13 10 28 24 19 0 0 17 13 10 0 51 28 21 47 24 29 0 17 22 43 20 25 0 13 18 24 19 17
0 0 0 0 0 0 0 0 0 0 0 0 0 0 0 8 2 20 16 12 6 0 12 6 20 16 10 16 0 8 12 0 4 12 8 4 8 12 16 12 8 10 0 2 6 4 0 10 16 12 8 2 6 20 16 12 2 12 0 16 10 24 20 28 0 12 16 0 0 6 10 14 4 24 0 16 20 8 12 24 0 0 2 6 10 4 0 6 20 0 12 16 8 4 8 20 6 2 0 2 6 10 6 2 6 0 8 2 6 2 0 0 12 6 14 10 6 0 0 10 0 16 10 0 12 16 0 6 10 0 8 12 6 2 6 12 6 6
0 0 0 0 0 0 0 0 0 0 0 0 0 13 2 12 7 23 19 15 11 7 16 11 23 19 15 21 25 13 17 4 9 15 11 7 13 17 0 15 11 16 20 8 12 8 4 16 20 16 12 8 12 0 20 16 7 15 11 20 15 27 23 33 37 16 21 0 3 9 15 19 7 29 33 21 25 12 17 29 3 0 5 11 15 0 3 9 25 29 17 21 11 8 13 25 9 5 2 7 11 0 9 5 11 23 12 7 9 5 2 17 16 11 17 13 9 5 0 13 41 20 13 37 16 21 3 9 15 33 12 17 9 5 11 16 11 9
0 0 0 0 0 0 0 0 0 0 0 0 0 0 0 20 13 35 30 25 18 0 24 17 34 29 22 0 0 0 0 12 15 27 22 17 20 23 31 25 20 0 0 0 0 16 10 0 31 26 21 15 18 35 29 24 13 25 0 28 21 38 33 0 0 24 28 12 16 20 24 28 20 0 0 0 0 20 23 0 17 12 15 19 23 21 15 19 0 0 0 0 21 16 19 0 22 17 12 15 18 26 20 15 18 0 20 13 20 15 10 0 24 17 29 24 19 13 8 22 0 28 23 0 24 27 15 19 22 0 20 23 20 15 18 24 17 19
0 0 0 0 0 0 0 0 0 0 0 0 0 0 4 16 9 30 26 21 14 0 20 13 30 25 18 0 0 14 0 8 11 22 18 13 16 20 26 22 16 0 0 9 0 12 6 0 26 22 17 11 14 30 26 20 9 21 0 24 17 34 29 0 0 20 23 6 11 15 19 23 15 0 0 24 0 16 20 0 12 8 12 16 20 16 12 16 0 0 19 0 17 12 15 0 17 13 8 11 15 21 17 11 15 0 16 9 16 11 6 0 20 13 24 20 15 9 4 18 0 24 19 0 20 23 11 15 19 0 16 19 16 11 14 20 13 15
0 0 0 0 0 0 0 0 0 0 0 0 0 0 0 12 5 25 21 17 11 0 16 9 25 21 15 0 0 11 15 4 7 17 13 9 13 17 21 17 13 0 0 5 9 8 2 0 21 17 13 7 11 25 21 17 5 17 0 20 13 29 25 0 0 16 19 0 5 11 15 19 9 0 0 19 23 12 15 0 5 2 7 11 15 9 5 11 0 0 16 20 12 8 12 0 12 8 4 8 12 16 12 8 12 0 12 5 11 7 2 0 16 9 19 15 11 5 0 15 0 20 15 0 16 19 5 11 15 0 12 15 11 7 11 16 9 11
0 0 0 0 0 0 0 0 0 0 0 0 0 0 6 16 11 28 24 21 16 0 20 15 28 25 20 24 0 16 20 8 13 20 16 13 18 22 24 20 16 19 0 11 15 12 8 19 25 21 17 13 17 29 25 21 11 21 0 24 19 32 29 36 0 20 25 4 9 15 20 24 12 32 0 24 28 16 21 32 9 6 11 16 20 12 9 14 29 0 21 25 15 12 17 29 15 11 8 13 17 19 15 11 17 0 16 12 16 12 8 0 20 15 23 19 15 11 6 19 0 24 19 0 20 25 9 15 20 0 16 21 14 11 16 20 15 15
0 0 0 0 0 0 0 0 0 0 0 0 0 21 10 20 15 31 28 25 20 16 24 19 32 29 24 29 33 20 25 12 17 23 20 17 22 27 0 23 20 24 28 15 20 16 12 24 28 24 21 17 22 0 28 24 15 25 19 28 23 36 33 41 45 24 29 8 13 19 24 29 16 37 41 28 33 20 25 37 13 10 15 20 25 0 13 18 34 38 24 30 19 16 21 34 18 15 12 17 22 0 18 15 20 33 20 15 19 15 12 28 24 20 28 24 20 16 12 24 49 28 23 45 24 29 13 19 24 41 20 25 18 15 20 24 19 19
0 0 0 0 0 0 0 0 0 0 0 0 0 0 0 24 0 39 34 29 22 0 28 0 38 33 26 0 0 0 0 16 0 31 26 21 24 0 36 31 26 0 0 0 0 20 0 0 35 30 25 19 0 40 35 30 0 29 0 32 0 42 37 0 0 28 0 16 19 23 27 0 25 0 0 0 0 24 0 0 21 16 19 22 0 26 21 24 0 0 0 0 25 20 0 0 26 21 16 19 0 31 26 21 24 0 24 0 24 19 14 0 28 0 33 28 23 17 0 28 0 32 28 0 28 0 19 23 27 0 24 0 24 19 22 28 0 23
0 0 0 0 0 0 0 0 0 0 0 0 0 0 0 20 13 33 30 25 18 0 24 17 34 29 22 0 0 0 0 12 15 25 22 17 20 23 31 27 22 0 0 0 0 16 10 0 29 26 21 15 18 35 31 26 13 25 0 28 21 38 33 0 0 24 27 10 15 19 22 26 20 0 0 0 0 20 23 0 15 12 15 19 23 21 17 21 0 0 0 0 21 16 19 0 20 17 12 15 18 26 22 17 20 0 20 13 20 15 10 0 24 17 27 24 19 13 8 24 0 28 23 0 24 28 16 20 24 0 20 23 21 15 19 24 17 19
0 0 0 0 0 0 0 0 0 0 0 0 0 0 4 16 9 28 24 21 14 0 20 13 28 25 18 0 0 14 0 8 11 20 16 13 16 20 26 22 18 0 0 9 0 12 6 0 24 20 17 11 14 30 26 22 9 21 0 24 17 32 29 0 0 20 23 4 9 15 18 22 14 0 0 22 0 16 19 0 9 6 11 14 18 14 11 16 0 0 19 0 15 12 15 0 15 11 8 11 15 21 17 13 17 0 16 9 14 11 6 0 20 13 22 18 15 9 4 20 0 24 19 0 20 23 9 15 19 0 16 20 16 12 16 20 13 15
15 10 23 31 28 21 0 0 0 31 27 0 0 26 12 19 16 0 0 0 19 21 23 20 0 0 23 31 35 21 26 10 16 0 0 0 19 24 0 0 0 27 31 17 22 15 12 23 0 0 0 15 20 0 0 0 16 0 23 27 24 0 0 43 47 21 28 0 0 0 21 26 0 39 43 29 34 17 24 35 0 0 0 17 22 0 0 0 35 39 25 30 0 13 20 31 0 0 0 13 18 0 0 0 0 35 19 16 0 0 10 29 23 20 0 0 0 13 10 0 0 0 0 47 21 28 0 0 21 43 17 24 0 0 17 23 20 0
20 16 28 0 32 28 0 0 0 0 32 0 0 31 16 0 20 0 0 0 0 26 0 24 0 0 0 35 40 25 30 0 20 0 0 0 0 28 0 0 0 31 36 21 26 0 16 29 0 0 0 0 24 0 0 0 20 0 29 0 28 0 0 47 52 0 32 0 0 0 0 30 0 43 48 33 38 0 28 41 0 0 0 0 26 0 0 0 39 44 29 34 0 0 24 37 0 0 0 0 22 0 0 0 0 40 0 20 0 0 0 34 0 24 0 0 0 0 14 0 0 0 0 52 0 32 0 0 0 48 0 28 0 0 0 0 24 0
3 0 15 23 20 11 0 31 27 23 17 0 31 16 4 12 8 0 20 16 12 9 15 12 23 19 15 21 25 13 17 2 8 0 9 5 11 15 0 0 9 17 21 9 13 7 4 15 0 15 11 7 11 0 0 15 8 15 13 19 16 27 23 33 37 13 20 0 1 7 13 17 0 29 33 21 25 9 16 27 0 0 3 9 13 0 0 7 25 29 17 21 9 5 12 23 0 3 0 5 9 0 0 3 9 25 11 8 9 5 2 19 15 12 0 13 9 5 0 13 0 0 0 37 13 20 1 7 13 33 9 16 7 3 9 15 12 9
9 4 19 27 24 16 0 0 30 27 22 0 0 21 8 15 12 0 0 19 15 16 20 16 0 24 20 26 30 17 22 6 12 0 0 9 15 20 0 0 0 22 26 13 18 11 8 20 0 0 14 11 16 0 0 0 12 19 18 23 20 0 26 38 42 17 24 0 0 10 17 22 0 34 38 25 30 13 20 32 0 0 7 13 18 0 0 0 30 34 21 26 12 9 16 28 0 0 4 9 14 0 0 0 12 30 15 12 0 9 6 24 19 16 0 0 12 9 6 0 0 0 0 42 17 24 0 10 17 38 13 20 0 7 13 19 16 12
1 0 13 25 20 11 37 33 29 23 17 37 33 0 2 13 8 25 21 17 11 0 17 12 25 21 15 20 0 12 16 4 8 16 12 8 12 16 20 16 12 15 0 7 11 9 4 15 21 17 13 7 11 25 21 17 8 17 0 21 16 29 25 31 0 15 20 0 3 9 13 17 7 27 0 19 23 11 16 27 3 0 5 9 13 7 3 9 23 0 15 19 11 7 12 23 9 5 2 5 9 13 9 5 9 0 13 8 11 7 2 0 17 12 19 15 11 5 0 15 0 0 0 0 15 20 3 9 13 0 11 16 9 5 9 17 12 11
0 0 10 20 16 8 32 28 24 20 14 32 28 10 0 8 4 20 16 12 8 4 12 8 20 16 12 16 20 8 12 0 4 10 6 2 8 12 0 10 6 12 16 4 8 4 0 12 16 12 8 4 8 0 16 12 4 12 8 16 12 24 20 28 32 10 16 0 0 4 10 14 2 24 28 16 20 6 12 24 0 0 0 6 10 0 0 4 20 24 12 16 6 2 8 20 4 0 0 2 6 0 4 0 6 20 8 4 6 2 0 14 12 8 14 10 6 2 0 10 0 0 0 32 10 16 0 4 10 28 6 12 4 0 6 12 8 6
11 8 21 31 28 23 0 0 0 31 26 0 0 23 10 19 16 0 0 0 19 18 23 20 0 0 23 27 33 19 24 10 16 0 0 0 19 24 0 0 0 23 29 15 20 15 12 27 0 0 0 15 20 0 0 0 16 0 24 28 24 0 0 39 45 21 28 0 0 0 21 26 0 35 41 27 32 17 24 39 0 0 0 17 22 0 0 0 31 37 23 28 0 13 20 35 0 0 0 13 18 0 0 0 0 33 19 16 0 0 10 27 23 20 0 0 0 13 10 0 0 0 0 45 21 28 0 0 21 41 17 24 0 0 17 23 20 0
0 0 0 37 32 0 52 47 42 37 30 50 45 0 0 25 20 40 35 30 25 0 29 24 39 34 29 0 0 0 0 16 20 31 26 21 25 28 35 29 24 0 0 0 0 21 16 0 36 31 26 21 24 40 34 29 20 30 0 33 28 43 38 0 0 28 32 16 20 24 28 32 24 0 0 0 0 23 28 0 21 16 19 23 27 25 19 23 0 0 0 0 24 19 24 0 26 21 16 19 22 30 24 19 22 0 25 20 26 21 16 0 29 24 34 29 24 19 14 27 0 0 0 0 27 32 19 22 27 0 23 28 24 19 23 29 24 24
0 0 21 33 28 0 47 43 38 33 26 47 41 0 10 21 16 35 31 26 21 0 25 20 35 30 25 0 0 19 0 12 16 26 22 17 21 24 30 26 20 0 0 15 0 17 12 0 31 27 22 17 20 35 31 25 16 26 0 29 24 39 34 0 0 23 28 10 15 19 23 27 19 0 0 28 0 20 24 0 16 12 16 20 24 20 16 20 0 0 23 0 21 15 20 0 21 17 12 15 19 25 21 15 19 0 21 16 22 17 12 0 25 20 29 25 20 15 10 23 0 0 0 0 23 28 15 19 23 0 19 24 20 15 19 25 20 20
0 0 17 29 24 0 42 38 34 29 22 42 38 0 6 17 12 30 26 22 17 0 21 16 30 26 21 0 0 15 19 8 12 21 17 13 17 21 25 21 17 0 0 11 14 13 8 0 26 22 18 13 16 30 26 22 12 22 0 25 20 34 30 0 0 19 24 4 9 14 19 22 12 0 0 23 27 15 20 0 9 6 11 15 19 13 9 15 0 0 20 24 16 12 16 0 16 12 8 12 16 20 16 12 16 0 17 12 17 13 8 0 21 16 24 20 16 11 6 20 0 0 0 0 19 24 9 14 19 0 15 20 15 11 15 21 16 16
1 0 13 23 20 11 37 33 29 25 19 37 33 0 2 11 8 25 21 17 13 0 15 12 25 21 17 19 0 11 15 2 8 15 11 7 13 17 19 15 11 15 0 7 11 7 4 15 21 17 13 9 13 25 21 17 8 17 0 19 16 29 25 31 0 13 20 0 3 9 15 19 7 27 0 19 23 9 16 27 3 0 5 11 15 7 3 9 23 0 15 19 9 5 12 23 9 5 2 7 11 13 9 5 11 0 12 8 12 8 4 0 15 12 19 15 11 7 2 15 0 0 0 0 13 20 3 9 15 0 9 16 9 5 11 15 12 11
7 2 17 27 24 16 40 36 32 29 24 40 36 18 6 15 12 28 24 20 17 12 19 16 28 24 21 24 28 15 20 6 12 18 14 11 17 22 0 18 14 20 24 11 16 11 8 20 24 20 16 13 18 0 24 20 12 21 16 23 20 32 28 36 40 17 24 2 7 12 19 24 10 32 36 23 28 13 20 32 7 4 9 15 20 0 7 12 28 32 19 24 12 9 16 28 12 9 6 11 16 0 12 9 14 29 15 12 15 11 8 24 20 16 24 20 16 12 8 20 0 0 0 40 17 24 7 12 19 36 13 20 12 9 15 19 16 14
0 0 0 41 0 0 56 51 46 41 0 56 51 0 0 29 0 44 39 34 29 0 33 0 43 38 33 0 0 0 0 20 0 35 30 25 29 0 40 35 30 0 0 0 0 25 0 0 40 35 30 25 0 45 40 35 0 34 0 37 0 47 42 0 0 31 0 20 23 27 31 0 29 0 0 0 0 27 0 0 25 20 23 27 0 30 25 28 0 0 0 0 28 23 0 0 30 25 20 23 0 35 30 25 28 0 29 0 30 25 20 0 33 0 38 33 28 23 0 33 0 0 0 0 31 0 23 27 31 0 27 0 28 23 27 33 0 28
0 0 0 37 32 0 50 47 42 37 30 52 47 0 0 25 20 38 35 30 25 0 29 24 39 34 29 0 0 0 0 16 20 29 26 21 25 28 35 31 26 0 0 0 0 21 16 0 34 31 26 21 24 40 36 31 20 30 0 33 28 43 38 0 0 27 32 14 19 22 27 30 24 0 0 0 0 23 28 0 19 16 19 23 27 25 21 25 0 0 0 0 24 19 24 0 24 21 16 19 22 30 26 21 24 0 25 20 26 21 16 0 29 24 32 29 24 19 14 29 0 0 0 0 28 32 20 24 28 0 23 28 25 19 23 29 24 24
0 0 21 33 28 0 45 41 38 33 26 47 43 0 10 21 16 33 29 26 21 0 25 20 33 30 25 0 0 19 0 12 16 24 20 17 21 24 30 26 22 0 0 15 0 17 12 0 29 25 22 17 20 35 31 27 16 26 0 29 24 37 34 0 0 23 28 8 13 18 23 26 18 0 0 27 0 19 24 0 13 10 15 19 22 18 15 20 0 0 23 0 19 15 20 0 19 15 12 15 19 25 21 17 21 0 21 16 20 17 12 0 25 20 27 23 20 15 10 25 0 0 0 0 23 28 13 19 23 0 20 24 20 16 20 25 20 21
3 0 15 25 21 13 37 33 29 25 19 37 33 13 2 11 7 23 19 15 11 9 17 13 25 21 17 19 23 11 15 2 7 13 9 5 11 15 0 13 9 16 20 8 12 8 4 16 20 16 12 8 12 0 20 16 9 17 13 21 17 29 25 0 0 0 0 0 0 0 0 0 0 27 31 19 23 9 15 27 1 0 3 9 13 0 1 7 23 27 15 19 9 5 11 23 7 3 0 5 9 0 7 3 9 23 11 7 9 5 2 19 17 13 19 15 11 7 2 15 0 0 0 0 0 0 0 0 0 31 9 15 7 3 9 15 11 9
0 0 22 34 29 0 47 43 39 34 29 47 43 0 10 20 15 33 29 25 20 0 26 21 35 31 26 0 0 19 23 12 15 25 21 17 21 25 29 25 21 0 0 15 19 17 12 0 30 26 22 17 21 34 30 26 17 27 0 30 25 39 35 0 0 0 0 0 0 0 0 0 0 0 0 27 31 19 23 0 13 10 15 19 23 17 13 19 0 0 24 28 20 16 20 0 20 16 12 16 20 24 20 16 20 0 21 15 21 17 12 0 26 21 30 26 22 17 12 26 0 0 0 0 0 0 0 0 0 0 19 23 19 15 19 24 19 20
16 12 24 0 28 24 0 0 0 0 28 0 0 23 8 0 11 0 0 0 0 20 0 16 0 0 0 27 33 16 21 0 11 0 0 0 0 19 0 0 0 23 29 13 18 0 8 24 0 0 0 0 16 0 0 0 13 0 27 0 23 0 0 0 0 0 0 0 0 0 0 0 0 0 0 0 0 0 0 0 0 0 0 0 0 0 0 0 0 0 0 0 0 0 0 0 0 0 0 0 0 0 0 0 0 33 0 11 0 0 0 29 0 16 0 0 0 0 8 0 0 0 0 0 0 0 0 0 0 0 0 0 0 0 0 0 0 0
17 0 27 38 33 28 50 46 42 36 31 50 46 0 14 24 19 36 32 28 22 0 29 24 37 33 27 32 0 24 28 16 20 28 24 20 24 28 32 28 24 27 0 19 23 21 16 28 33 29 25 19 23 37 33 29 21 30 0 36 31 44 40 0 0 0 0 0 0 0 0 0 0 0 0 0 0 0 0 0 0 0 0 0 0 0 0 0 0 0 0 0 0 0 0 0 0 0 0 0 0 0 0 0 0 0 24 19 22 19 14 0 29 24 31 27 24 19 14 27 0 0 0 0 0 0 0 0 0 0 0 0 0 0 0 0 0 0
13 8 23 33 29 24 45 41 37 33 27 45 41 21 10 19 15 31 27 23 19 16 24 20 32 28 24 27 31 19 23 10 15 21 17 13 19 23 0 21 17 24 28 16 20 16 12 24 28 24 20 16 20 0 28 24 17 25 23 31 27 39 35 0 0 0 0 0 0 0 0 0 0 0 0 0 0 0 0 0 0 0 0 0 0 0 0 0 0 0 0 0 0 0 0 0 0 0 0 0 0 0 0 0 0 31 19 15 17 13 10 26 24 20 26 22 18 15 10 22 0 0 0 0 0 0 0 0 0 0 0 0 0 0 0 0 0 0
0 0 35 46 41 0 60 56 51 46 41 60 54 0 22 32 27 46 42 37 32 0 37 32 47 42 37 0 0 30 0 24 27 38 34 29 32 36 42 38 32 0 0 27 0 29 24 0 43 39 34 29 32 47 43 37 29 39 0 44 39 54 49 0 0 0 0 0 0 0 0 0 0 0 0 0 0 0 0 0 0 0 0 0 0 0 0 0 0 0 0 0 0 0 0 0 0 0 0 0 0 0 0 0 0 0 32 27 34 29 24 0 37 32 43 39 34 29 24 37 0 0 0 0 0 0 0 0 0 0 0 0 0 0 0 0 0 0
0 0 31 42 37 0 55 51 47 42 37 55 51 0 18 28 23 41 37 33 28 0 33 28 42 38 33 0 0 27 31 20 23 33 29 25 29 33 37 33 29 0 0 23 26 25 20 0 38 34 30 25 28 42 38 34 25 35 0 40 35 49 45 0 0 0 0 0 0 0 0 0 0 0 0 0 0 0 0 0 0 0 0 0 0 0 0 0 0 0 0 0 0 0 0 0 0 0 0 0 0 0 0 0 0 0 29 23 29 25 20 0 34 28 38 34 30 25 20 34 0 0 0 0 0 0 0 0 0 0 0 0 0 0 0 0 0 0
0 0 0 0 0 0 0 0 0 0 0 0 0 0 0 0 0 0 0 0 0 0 0 0 0 0 0 48 52 38 43 28 33 0 0 0 36 41 0 0 0 43 47 33 38 31 28 39 0 0 0 31 36 0 0 0 0 0 0 0 0 0 0 63 67 43 48 0 0 0 43 48 0 58 62 48 53 38 43 54 0 0 0 38 43 0 0 0 53 57 43 48 0 33 38 49 0 0 0 33 38 0 0 0 0 52 36 33 0 0 28 47 39 36 0 0 0 31 28 0 71 47 0 65 41 46 0 0 41 60 36 41 0 0 36 39 36 0
0 0 0 0 0 0 0 0 0 0 0 0 0 0 0 0 0 0 0 0 0 0 0 0 0 0 0 52 57 42 47 0 37 0 0 0 0 45 0 0 0 47 52 37 42 0 32 45 0 0 0 0 40 0 0 0 0 0 0 0 0 0 0 67 72 0 52 0 0 0 0 52 0 62 67 52 57 0 47 60 0 0 0 0 47 0 0 0 57 62 47 52 0 0 42 55 0 0 0 0 42 0 0 0 0 57 0 37 0 0 0 52 0 40 0 0 0 0 32 0 76 0 0 70 0 50 0 0 0 65 0 45 0 0 0 0 40 0
0 0 0 0 0 0 0 0 0 0 0 0 0 0 0 0 0 0 0 0 0 0 0 0 0 0 0 28 0 20 24 12 16 24 20 16 20 24 28 24 20 21 0 13 17 15 10 21 28 23 19 13 17 31 27 23 0 0 0 0 0 0 0 43 0 27 31 12 17 22 25 29 20 38 0 30 34 22 26 38 16 12 17 20 24 19 15 20 33 0 25 29 21 17 21 33 20 15 12 15 19 23 19 15 19 0 20 15 19 15 10 0 23 18 28 23 18 13 8 21 0 31 26 0 25 29 15 20 23 0 20 24 19 15 18 23 18 18
0 0 0 0 0 0 0 0 0 0 0 0 0 0 0 0 0 0 0 0 0 0 0 0 0 0 0 33 37 25 29 16 21 28 23 19 25 29 0 27 23 28 32 20 24 20 16 28 32 28 24 20 24 0 32 28 0 0 0 0 0 0 0 48 52 31 36 16 21 26 31 34 24 43 47 35 39 26 31 43 20 16 21 26 29 0 19 24 38 42 30 34 24 21 26 38 24 19 16 21 24 0 22 19 24 37 25 21 23 19 16 30 28 24 32 27 22 19 14 26 56 35 30 50 29 34 19 24 29 45 24 29 23 19 24 28 24 22
0 0 0 0 0 0 0 0 0 0 0 0 0 0 0 0 0 0 0 0 0 0 0 0 0 0 0 0 0 0 0 0 0 12 6 0 4 8 16 10 4 0 0 0 0 0 0 0 16 10 4 0 2 20 14 8 0 0 0 0 0 0 0 0 0 12 16 0 4 8 12 16 8 0 0 0 0 6 10 0 4 0 2 6 10 8 2 6 0 0 0 0 6 0 4 0 8 2 0 0 4 12 6 0 4 0 4 0 6 0 0 0 8 2 16 10 4 0 0 8 0 16 12 0 10 14 2 6 10 0 4 8 6 0 4 8 2 4
0 0 0 0 0 0 0 0 0 0 0 0 0 0 0 0 0 0 0 0 0 0 0 0 0 0 0 0 0 7 0 0 3 16 11 5 9 13 19 15 9 0 0 1 0 3 0 0 20 15 9 3 7 23 19 13 0 0 0 0 0 0 0 0 0 17 21 4 9 13 17 21 13 0 0 20 0 12 16 0 8 4 8 12 16 12 8 12 0 0 13 0 11 5 9 0 12 7 2 5 9 15 11 5 9 0 9 3 11 5 0 0 13 7 20 15 9 3 0 13 0 21 17 0 15 19 7 11 15 0 9 13 11 5 9 13 7 9
0 0 0 0 0 0 0 0 0 0 0 0 0 0 0 0 0 0 0 0 0 0 0 0 0 0 0 0 0 13 17 6 9 20 15 11 15 19 23 19 15 0 0 7 10 9 4 0 24 19 14 9 12 27 22 18 0 0 0 0 0 0 0 0 0 22 26 8 13 18 22 26 16 0 0 25 29 17 21 0 12 8 13 17 21 15 11 17 0 0 20 24 16 12 16 0 16 12 8 12 16 20 16 12 16 0 15 9 15 11 6 0 18 12 24 19 14 9 4 18 0 26 22 0 20 24 11 16 20 0 15 19 15 11 15 18 12 14
0 0 0 0 0 0 0 0 0 0 0 0 0 0 0 0 0 0 0 0 0 0 0 0 0 0 0 26 0 18 22 10 15 24 19 15 20 24 27 22 18 21 0 13 17 13 10 21 28 23 19 15 19 31 27 23 0 0 0 0 0 0 0 43 0 25 31 12 17 22 27 31 20 38 0 30 34 20 26 38 16 12 17 22 26 19 15 20 33 0 25 29 19 15 21 33 20 15 12 17 21 23 19 15 21 0 20 16 20 16 12 0 23 19 28 23 19 15 10 23 0 29 26 0 23 29 15 20 25 0 18 24 19 15 20 23 19 19
0 0 0 0 0 0 0 0 0 0 0 0 0 0 0 0 0 0 0 0 0 0 0 0 0 0 0 31 35 22 27 14 19 28 23 19 24 29 0 26 22 26 30 17 22 17 14 26 32 27 22 19 24 0 30 26 0 0 0 0 0 0 0 48 52 29 34 16 21 26 31 36 24 43 47 33 39 24 29 43 20 16 21 26 31 0 19 24 38 42 28 34 22 19 24 38 24 19 16 21 26 0 22 19 24 37 23 19 23 19 16 32 28 24 32 28 24 20 16 28 56 33 30 50 27 32 19 24 29 45 22 27 23 19 24 26 22 22
0 0 0 0 0 0 0 0 0 0 0 0 0 0 0 0 0 0 0 0 0 0 0 0 0 0 0 0 0 0 0 4 7 20 15 9 12 16 25 20 14 0 0 0 0 7 2 0 24 19 12 7 10 29 24 18 0 0 0 0 0 0 0 0 0 20 24 8 13 16 20 24 18 0 0 0 0 15 19 0 12 8 11 15 19 17 13 17 0 0 0 0 14 9 12 0 16 11 6 9 12 21 16 11 14 0 12 7 15 9 4 0 16 10 24 19 12 7 2 18 0 25 21 0 20 24 12 16 20 0 13 17 15 9 13 16 10 12
0 0 0 0 0 0 0 0 0 0 0 0 0 38 24 30 27 0 0 0 30 0 0 0 0 0 0 44 48 34 39 24 29 0 0 0 32 37 0 0 0 39 43 29 34 27 24 35 0 0 0 27 32 0 0 0 27 0 0 0 0 0 0 58 62 38 43 0 0 0 38 43 0 54 58 44 49 34 39 50 0 0 0 34 39 0 0 0 49 53 39 44 0 29 34 45 0 0 0 29 34 0 0 0 0 48 32 29 0 0 24 43 36 32 0 0 0 27 24 0 66 42 0 62 38 43 0 0 38 56 32 37 0 0 32 36 32 0
0 0 0 0 0 0 0 0 0 0 0 0 0 43 28 0 31 0 0 0 0 0 0 0 0 0 0 48 53 38 43 0 33 0 0 0 0 41 0 0 0 43 48 33 38 0 28 41 0 0 0 0 36 0 0 0 31 0 0 0 0 0 0 62 67 0 47 0 0 0 0 47 0 58 63 48 53 0 43 56 0 0 0 0 43 0 0 0 53 58 43 48 0 0 38 51 0 0 0 0 38 0 0 0 0 53 0 33 0 0 0 48 0 36 0 0 0 0 28 0 71 0 0 67 0 47 0 0 0 61 0 41 0 0 0 0 36 0
0 0 0 0 0 0 0 0 0 0 0 0 0 28 16 24 20 0 32 28 24 0 0 0 0 0 0 34 38 26 30 16 21 0 24 19 24 28 0 0 22 29 33 21 25 19 16 27 0 28 23 19 23 0 0 27 19 27 0 0 0 0 0 48 52 30 35 0 20 25 30 33 0 44 48 36 40 26 31 42 0 16 21 26 29 0 0 24 39 43 31 35 25 21 26 37 0 20 16 21 24 0 0 19 24 38 24 21 24 19 16 31 28 24 0 28 23 19 14 26 56 34 29 52 30 35 20 25 30 46 24 29 24 19 24 28 24 23
0 0 0 0 0 0 0 0 0 0 0 0 0 33 20 27 23 0 0 31 27 0 0 0 0 0 0 39 43 30 35 20 25 0 0 23 28 33 0 0 0 34 38 25 30 23 20 32 0 0 27 23 28 0 0 0 23 31 0 0 0 0 0 53 57 34 39 0 0 29 34 39 0 49 53 40 45 30 35 47 0 0 25 30 35 0 0 0 44 48 35 40 29 25 30 42 0 0 20 25 30 0 0 0 28 43 28 25 0 23 20 38 32 28 0 0 27 23 20 0 61 38 33 57 34 39 0 29 34 51 28 33 0 23 28 32 28 27
0 0 0 0 0 0 0 0 0 0 0 0 0 0 4 14 9 27 24 19 12 0 0 0 0 0 0 24 0 16 20 8 12 20 16 12 16 20 24 20 16 17 0 9 13 11 6 17 23 20 15 9 13 27 23 19 9 19 0 0 0 0 0 38 0 22 26 6 12 17 20 24 15 34 0 26 30 18 22 34 11 8 13 16 20 14 11 16 29 0 21 25 17 13 17 29 15 12 8 11 15 19 15 11 15 0 16 11 16 11 6 0 20 14 23 20 15 9 4 18 0 26 21 0 22 26 12 17 20 0 16 20 16 11 14 20 14 15
0 0 0 0 0 0 0 0 0 0 0 0 0 21 10 19 15 31 28 23 19 0 0 0 0 0 0 29 33 21 25 12 17 23 20 15 21 25 0 23 19 24 28 16 20 16 12 24 28 24 20 16 20 0 28 24 15 23 0 0 0 0 0 43 47 26 31 10 16 21 26 29 19 39 43 31 35 22 27 39 15 12 17 22 25 0 15 20 34 38 26 30 21 17 22 34 19 16 12 17 20 0 19 15 20 33 21 17 20 15 12 26 24 20 27 24 19 15 10 22 51 30 25 47 26 31 16 21 26 41 20 25 20 15 20 24 20 19
0 0 0 0 0 0 0 0 0 0 0 0 0 35 22 30 27 0 0 0 30 0 0 0 0 0 0 40 46 32 37 24 29 0 0 0 32 37 0 0 0 35 41 27 32 27 24 39 0 0 0 27 32 0 0 0 27 0 0 0 0 0 0 54 60 38 43 0 0 0 38 43 0 50 56 42 47 34 39 54 0 0 0 34 39 0 0 0 45 51 37 42 0 29 34 49 0 0 0 29 34 0 0 0 0 46 32 29 0 0 24 41 36 32 0 0 0 27 24 0 64 42 0 60 38 43 0 0 38 54 32 37 0 0 32 36 32 0
0 0 0 0 0 0 0 0 0 0 0 0 0 0 0 7 1 25 20 13 7 0 0 0 0 0 0 0 0 0 0 0 3 17 12 5 9 13 21 15 9 0 0 0 0 3 0 0 21 16 9 3 7 25 19 13 1 13 0 0 0 0 0 0 0 16 20 4 8 12 16 20 12 0 0 0 0 11 15 0 9 4 7 11 15 13 7 11 0 0 0 0 11 5 9 0 13 8 2 5 9 17 11 5 9 0 9 3 12 5 0 0 13 7 21 16 9 3 0 13 0 19 15 0 15 19 8 11 15 0 9 13 12 5 9 13 7 9
0 0 0 0 0 0 0 0 0 0 0 0 0 0 0 4 0 20 16 10 4 0 0 0 0 0 0 0 0 4 0 0 0 12 8 2 6 10 16 12 6 0 0 0 0 0 0 0 16 12 6 0 4 20 16 10 0 10 0 0 0 0 0 0 0 12 16 0 4 8 12 16 8 0 0 16 0 8 12 0 4 0 4 8 12 8 4 8 0 0 10 0 8 2 6 0 8 4 0 2 6 12 8 2 6 0 6 0 8 2 0 0 10 4 16 12 6 0 0 10 0 16 12 0 12 16 4 8 12 0 6 10 8 2 6 10 4 6
0 0 0 0 0 0 0 0 0 0 0 0 0 0 0 9 3 23 20 15 9 0 0 0 0 0 0 0 0 9 13 2 5 15 12 7 11 15 19 15 11 0 0 3 7 5 0 0 19 16 11 5 9 23 19 15 3 15 0 0 0 0 0 0 0 17 21 2 8 13 17 21 11 0 0 21 25 13 17 0 7 4 9 13 17 11 7 13 0 0 16 20 12 8 12 0 12 8 4 8 12 16 12 8 12 0 11 5 12 7 2 0 15 9 19 16 11 5 0 15 0 21 17 0 17 21 8 13 17 0 11 15 12 7 11 15 9 11
0 0 0 0 0 0 0 0 0 0 0 0 0 0 4 12 9 27 24 19 14 0 0 0 0 0 0 22 0 14 18 6 11 19 16 11 16 20 22 19 14 17 0 9 13 9 6 17 23 20 15 11 15 27 23 19 9 19 0 0 0 0 0 38 0 20 26 6 12 17 22 26 15 34 0 26 30 16 22 34 11 8 13 18 22 14 11 16 29 0 21 25 15 11 17 29 15 12 8 13 17 19 15 11 17 0 16 12 16 12 8 0 19 15 23 20 15 11 6 19 0 24 21 0 20 26 12 17 22 0 14 20 16 11 16 19 15 15
0 0 0 0 0 0 0 0 0 0 0 0 0 19 8 16 13 31 28 23 18 0 0 0 0 0 0 27 31 18 23 10 15 23 20 15 20 25 0 23 18 22 26 13 18 13 10 22 27 24 19 15 20 0 27 22 13 23 0 0 0 0 0 43 47 24 29 10 16 21 26 31 19 39 43 29 35 20 25 39 15 12 17 22 27 0 15 20 34 38 24 30 19 15 20 34 19 16 12 17 22 0 19 15 20 33 19 15 20 15 12 28 24 20 28 24 20 16 12 24 51 28 25 47 24 29 16 21 26 41 18 23 20 15 20 22 18 19
0 0 0 0 0 0 0 0 0 0 0 0 0 0 0 10 0 29 24 17 10 0 0 0 0 0 0 0 0 0 0 4 0 21 16 9 12 0 26 21 14 0 0 0 0 7 0 0 25 20 13 7 0 30 25 18 0 17 0 0 0 0 0 0 0 19 0 8 12 15 19 0 17 0 0 0 0 14 0 0 13 8 11 14 0 18 13 16 0 0 0 0 15 9 0 0 17 12 6 9 0 22 17 11 14 0 12 0 16 9 4 0 16 0 25 20 13 7 0 18 0 24 20 0 19 0 12 15 19 0 12 0 16 9 12 16 0 13
0 0 0 0 0 0 0 0 0 0 0 0 0 0 0 7 1 23 20 13 7 0 0 0 0 0 0 0 0 0 0 0 3 15 12 5 9 13 21 17 11 0 0 0 0 3 0 0 19 16 9 3 7 25 21 15 1 13 0 0 0 0 0 0 0 15 19 2 8 11 15 19 13 0 0 0 0 11 15 0 7 4 7 11 15 13 9 13 0 0 0 0 11 5 9 0 11 8 2 5 9 17 13 7 11 0 9 3 12 5 0 0 13 7 19 16 9 3 0 15 0 19 15 0 16 20 8 12 16 0 9 13 12 5 9 13 7 9
0 0 0 0 0 0 0 0 0 0 0 0 0 0 2 12 7 27 24 19 12 0 0 0 0 0 0 0 0 12 0 6 9 19 16 11 14 18 24 21 16 0 0 7 0 9 4 0 23 20 15 9 12 28 25 20 7 19 0 0 0 0 0 0 0 20 24 6 12 17 20 24 17 0 0 24 0 16 20 0 11 8 13 16 20 16 13 18 0 0 19 0 15 11 15 0 15 12 8 11 15 21 17 13 17 0 14 9 16 11 6 0 18 12 23 20 15 9 4 20 0 24 21 0 21 25 12 17 21 0 16 20 16 12 16 19 13 15
0 0 0 0 0 0 0 0 0 0 0 0 0 34 20 27 23 0 0 0 27 29 31 27 0 0 31 40 44 30 35 20 25 0 0 0 29 34 0 0 0 35 39 25 30 23 20 31 0 0 0 23 28 0 0 0 23 0 0 0 0 0 0 53 57 33 38 0 0 0 33 38 0 49 53 39 44 29 34 45 0 0 0 29 34 0 0 0 45 49 35 40 0 25 30 41 0 0 0 25 30 0 0 0 0 44 29 25 0 0 20 39 33 28 0 0 0 23 20 0 61 37 0 57 33 38 0 0 33 53 29 34 0 0 29 33 28 0
0 0 0 0 0 0 0 0 0 0 0 0 0 39 24 0 27 0 0 0 0 34 0 30 0 0 0 44 49 34 39 0 29 0 0 0 0 38 0 0 0 39 44 29 34 0 24 37 0 0 0 0 32 0 0 0 27 0 0 0 0 0 0 57 62 0 42 0 0 0 0 42 0 53 58 43 48 0 38 51 0 0 0 0 38 0 0 0 49 54 39 44 0 0 34 47 0 0 0 0 34 0 0 0 0 49 0 29 0 0 0 44 0 32 0 0 0 0 24 0 66 0 0 62 0 42 0 0 0 58 0 38 0 0 0 0 32 0
0 0 0 0 0 0 0 0 0 0 0 0 0 24 12 20 16 0 28 24 20 17 23 19 31 28 23 30 34 22 26 12 17 0 19 16 21 24 0 0 19 25 29 17 21 15 12 23 0 23 20 15 19 0 0 23 15 24 0 0 0 0 0 43 47 25 30 0 13 20 25 28 0 39 43 31 35 21 26 37 0 10 16 21 24 0 0 19 35 39 27 31 20 17 22 33 0 15 12 17 20 0 0 15 20 34 21 17 19 16 12 27 25 20 0 23 20 15 10 23 51 29 24 47 25 30 13 20 25 43 21 26 19 16 21 25 20 20
0 0 0 0 0 0 0 0 0 0 0 0 0 29 16 23 19 0 0 28 23 24 28 24 0 32 28 35 39 26 31 16 21 0 0 20 25 30 0 0 0 30 34 21 26 19 16 28 0 0 24 19 24 0 0 0 19 28 0 0 0 0 0 48 52 29 34 0 0 24 29 34 0 44 48 35 40 25 30 42 0 0 20 25 30 0 0 0 40 44 31 36 24 21 26 38 0 0 16 21 26 0 0 0 24 39 25 21 0 20 16 34 29 24 0 0 24 19 16 0 56 33 28 52 29 34 0 24 29 48 25 30 0 20 25 29 24 24
0 0 0 0 0 0 0 0 0 0 0 0 0 0 4 15 9 28 25 20 13 0 19 12 29 24 17 0 0 15 19 8 11 21 17 12 15 19 25 21 15 0 0 9 12 11 6 0 24 21 16 9 12 28 24 19 9 20 0 0 0 0 0 0 0 21 24 6 11 16 19 22 14 0 0 25 29 17 21 0 11 8 12 15 19 15 11 15 0 0 20 24 18 13 16 0 16 13 8 11 14 20 16 11 14 0 17 11 17 12 6 0 21 14 24 21 16 9 4 19 0 25 20 0 21 24 11 16 19 0 17 20 17 12 15 21 14 16
0 0 0 0 0 0 0 0 0 0 0 0 0 0 0 11 5 23 19 16 9 0 15 9 23 20 13 20 0 12 16 4 8 16 12 8 12 16 20 16 12 13 0 5 9 7 2 13 19 15 12 5 9 23 19 15 5 16 0 0 0 0 0 33 0 17 21 0 5 12 15 19 9 29 0 21 25 13 17 29 5 2 8 11 15 9 5 11 25 0 17 21 13 9 13 25 11 7 4 7 11 15 11 7 11 0 13 7 11 8 2 0 17 11 19 15 12 5 0 15 0 21 16 0 17 21 5 12 15 0 13 17 11 8 11 17 11 12
0 0 0 0 0 0 0 0 0 0 0 0 0 17 6 15 11 27 23 20 15 10 19 14 27 24 19 25 29 17 21 8 13 19 15 12 17 21 0 19 15 20 24 12 16 12 8 20 24 20 16 12 16 0 24 20 11 20 0 0 0 0 0 38 42 21 26 4 9 16 21 24 12 34 38 26 30 17 22 34 9 6 12 17 20 0 9 15 30 34 22 26 16 13 18 30 14 11 8 13 16 0 14 11 16 29 17 13 15 12 8 22 21 16 22 19 16 11 6 19 46 25 20 42 21 26 9 16 21 38 17 22 15 12 17 21 16 16
0 0 0 0 0 0 0 0 0 0 0 0 0 31 18 27 23 0 0 0 27 26 31 26 0 0 31 36 42 28 33 20 25 0 0 0 29 34 0 0 0 31 37 23 28 23 20 35 0 0 0 23 28 0 0 0 23 0 0 0 0 0 0 49 55 33 38 0 0 0 33 38 0 45 51 37 42 29 34 49 0 0 0 29 34 0 0 0 41 47 33 38 0 25 30 45 0 0 0 25 30 0 0 0 0 42 29 25 0 0 20 37 33 28 0 0 0 23 20 0 59 37 0 55 33 38 0 0 33 51 29 34 0 0 29 33 28 0
0 0 0 0 0 0 0 0 0 0 0 0 0 0 0 13 7 30 25 20 13 0 17 10 29 24 17 0 0 0 0 6 9 22 17 12 15 18 26 20 15 0 0 0 0 9 4 0 26 21 16 9 12 30 24 19 7 20 0 0 0 0 0 0 0 20 24 8 12 16 20 24 16 0 0 0 0 15 19 0 13 8 12 15 19 17 11 15 0 0 0 0 16 11 14 0 18 13 8 11 14 22 16 11 14 0 15 9 17 12 6 0 19 12 26 21 16 9 4 19 0 23 20 0 19 22 11 16 19 0 15 18 17 12 15 19 12 16
0 0 0 0 0 0 0 0 0 0 0 0 0 0 0 9 3 25 21 16 9 0 13 7 25 20 13 0 0 9 0 2 5 17 13 8 11 15 21 17 11 0 0 3 0 5 0 0 21 17 12 5 9 25 21 15 3 16 0 0 0 0 0 0 0 15 19 2 7 12 15 19 11 0 0 20 0 12 16 0 8 4 8 12 16 12 8 12 0 0 15 0 13 7 11 0 13 9 4 7 11 17 13 7 11 0 11 5 13 8 2 0 15 9 21 17 12 5 0 15 0 19 16 0 15 19 7 12 15 0 11 15 13 8 11 15 9 12
0 0 0 0 0 0 0 0 0 0 0 0 0 0 0 6 0 20 16 12 6 0 10 4 20 16 10 0 0 6 10 0 2 12 8 4 8 12 16 12 8 0 0 0 4 2 0 0 16 12 8 2 6 20 16 12 0 12 0 0 0 0 0 0 0 12 16 0 2 8 12 16 6 0 0 16 20 8 12 0 2 0 4 8 12 6 2 8 0 0 12 16 8 4 8 0 8 4 0 4 8 12 8 4 8 0 8 2 8 4 0 0 12 6 16 12 8 2 0 12 0 16 12 0 12 16 2 8 12 0 8 12 8 4 8 12 6 8
0 0 0 0 0 0 0 0 0 0 0 0 0 0 0 9 5 23 19 16 11 0 13 9 23 20 15 19 0 11 15 2 7 15 11 8 13 17 19 15 11 13 0 5 9 5 2 13 19 15 12 7 11 23 19 15 5 16 0 0 0 0 0 33 0 15 21 0 5 12 17 21 9 29 0 21 25 11 17 29 5 2 8 13 17 9 5 11 25 0 17 21 11 7 13 25 11 7 4 9 13 15 11 7 13 0 12 8 12 8 4 0 15 11 19 15 12 7 2 15 0 19 16 0 15 21 5 12 17 0 11 17 11 8 13 15 11 12
0 0 0 0 0 0 0 0 0 0 0 0 0 16 4 13 9 26 23 20 15 10 17 12 27 24 19 24 28 14 20 6 11 18 15 12 17 22 0 18 15 18 22 9 14 9 6 18 22 19 16 11 16 0 22 19 9 20 0 0 0 0 0 38 42 19 24 4 9 16 21 26 12 34 38 24 30 15 20 34 9 6 12 17 22 0 9 15 30 34 20 26 14 11 16 30 14 11 8 13 18 0 14 11 16 29 15 11 15 12 8 24 20 16 24 20 16 12 8 20 46 23 20 42 19 24 9 16 21 38 15 20 15 12 17 19 14 16
0 0 0 0 0 0 0 0 0 0 0 0 0 0 0 17 0 34 29 24 17 0 21 0 33 28 21 0 0 0 0 10 0 26 21 16 19 0 31 26 21 0 0 0 0 13 0 0 30 25 20 13 0 35 30 25 0 24 0 0 0 0 0 0 0 23 0 12 15 20 23 0 21 0 0 0 0 19 0 0 17 12 16 19 0 22 17 21 0 0 0 0 20 15 0 0 22 17 12 15 0 27 22 17 20 0 19 0 21 16 10 0 23 0 30 25 20 13 0 25 0 28 24 0 23 0 15 20 23 0 19 0 21 16 19 23 0 20
0 0 0 0 0 0 0 0 0 0 0 0 0 0 0 13 7 28 25 20 13 0 17 10 29 24 17 0 0 0 0 6 9 20 17 12 15 18 26 22 17 0 0 0 0 9 4 0 24 21 16 9 12 30 26 21 7 20 0 0 0 0 0 0 0 19 22 6 11 16 19 22 16 0 0 0 0 15 19 0 11 8 12 15 19 17 13 17 0 0 0 0 16 11 14 0 16 13 8 11 14 22 18 13 16 0 15 9 17 12 6 0 19 12 24 21 16 9 4 21 0 23 20 0 20 24 12 16 20 0 15 19 17 12 15 19 12 16
0 0 0 0 0 0 0 0 0 0 0 0 0 0 0 9 3 23 19 16 9 0 13 7 23 20 13 0 0 9 0 2 5 15 11 8 11 15 21 17 13 0 0 3 0 5 0 0 19 15 12 5 9 25 21 17 3 16 0 0 0 0 0 0 0 15 19 0 5 12 15 19 11 0 0 19 0 11 15 0 5 2 8 11 15 11 7 13 0 0 15 0 11 7 11 0 11 7 4 7 11 17 13 9 13 0 11 5 11 8 2 0 15 9 19 15 12 5 0 17 0 19 16 0 15 19 5 12 15 0 12 16 12 8 12 15 9 12
0 0 0 0 0 0 0 0 0 0 0 0 0 0 4 13 9 26 23 20 15 0 17 12 27 24 19 0 0 14 18 6 11 18 15 12 17 20 24 20 17 0 0 9 12 9 6 0 22 19 16 11 14 28 24 21 9 20 0 0 0 0 0 0 0 19 24 4 9 16 21 24 14 0 0 24 28 15 20 0 9 6 12 17 20 14 11 17 0 0 20 24 14 11 16 0 14 11 8 13 16 20 16 13 18 0 15 11 15 12 8 0 19 14 22 19 16 11 6 21 0 23 20 0 19 24 9 16 21 0 15 21 15 12 17 20 16 16
0 0 0 0 0 0 0 0 0 0 0 0 0 35 20 0 23 0 0 0 0 30 0 27 0 0 0 38 43 28 33 0 23 0 0 0 0 33 0 0 0 35 40 25 30 0 20 33 0 0 0 0 29 0 0 0 23 0 33 0 31 0 0 52 57 0 37 0 0 0 0 37 0 48 53 38 43 0 33 46 0 0 0 0 33 0 0 0 44 49 34 39 0 0 29 42 0 0 0 0 29 0 0 0 0 45 0 25 0 0 0 40 0 29 0 0 0 0 20 0 61 0 0 57 0 37 0 0 0 53 0 33 0 0 0 0 29 0
0 0 0 0 0 0 0 0 0 0 0 0 0 0 6 16 11 28 24 21 16 0 20 15 28 25 20 24 0 16 20 8 12 20 16 12 16 20 24 20 16 19 0 11 15 13 8 19 25 21 17 12 15 29 25 21 11 21 0 24 19 32 29 36 0 20 25 4 9 15 20 23 12 32 0 24 28 16 21 32 9 6 11 16 19 12 9 14 29 0 21 25 17 13 17 29 15 11 8 12 15 19 15 11 15 0 18 13 16 13 8 0 22 17 24 20 17 12 6 20 0 24 19 0 20 25 9 15 20 0 16 21 14 11 16 22 17 17
0 0 0 0 0 0 0 0 0 0 0 0 0 13 2 11 7 23 19 15 12 7 15 11 23 19 16 19 23 11 15 2 7 13 9 5 12 15 0 13 9 16 20 8 12 8 4 16 20 16 12 8 12 0 20 16 7 15 11 19 15 27 23 33 37 15 21 0 3 9 16 19 7 29 33 21 25 11 17 29 3 0 5 12 15 0 3 9 25 29 17 21 11 7 13 25 9 5 2 8 11 0 9 5 11 25 13 9 11 7 4 19 17 13 19 15 11 8 2 15 41 19 13 37 15 21 3 9 16 33 11 17 9 5 12 17 13 11
0 0 0 0 0 0 0 0 0 0 0 0 0 0 4 14 9 30 26 21 16 0 18 13 30 25 20 0 0 12 0 6 9 20 16 11 16 19 24 20 14 0 0 9 0 11 6 0 26 22 17 12 15 30 26 20 9 21 0 22 17 34 29 0 0 19 23 6 11 15 20 23 15 0 0 24 0 16 20 0 12 8 12 16 20 16 12 16 0 0 19 0 17 11 15 0 17 13 8 12 15 21 17 11 15 0 16 11 18 13 8 0 20 15 26 22 17 12 6 20 0 22 19 0 19 23 11 15 20 0 14 19 16 11 16 20 15 17
0 0 0 0 0 0 0 0 0 0 0 0 0 0 0 11 5 25 21 17 12 0 15 9 25 21 16 0 0 9 13 2 5 15 11 7 12 15 19 15 11 0 0 5 9 7 2 0 21 17 13 8 11 25 21 17 5 17 0 19 13 29 25 0 0 15 19 0 5 11 16 19 9 0 0 19 23 11 15 0 5 2 7 12 15 9 5 11 0 0 16 20 12 8 12 0 12 8 4 8 12 16 12 8 12 0 13 7 13 9 4 0 17 11 21 17 13 8 2 17 0 19 15 0 15 19 5 11 16 0 11 15 11 7 12 17 11 13
0 0 0 0 0 0 0 0 0 0 0 0 0 0 0 6 2 20 16 12 8 0 10 6 20 16 12 14 0 6 10 0 2 10 6 2 8 12 14 10 6 10 0 2 6 2 0 10 16 12 8 4 8 20 16 12 2 12 0 14 10 24 20 28 0 10 16 0 0 6 12 16 4 24 0 16 20 6 12 24 0 0 2 8 12 4 0 6 20 0 12 16 6 2 8 20 6 2 0 4 8 10 6 2 8 0 8 4 8 4 0 0 12 8 16 12 8 4 0 12 0 14 10 0 10 16 0 6 12 0 6 12 6 2 8 12 8 8
20 16 28 0 32 28 0 0 0 0 32 0 0 29 14 0 17 0 0 0 0 26 0 22 0 0 0 33 38 22 28 0 17 0 0 0 0 28 0 0 0 29 34 19 24 0 14 27 0 0 0 0 24 0 0 0 19 0 29 0 26 0 0 47 52 0 30 0 0 0 0 32 0 43 48 31 38 0 26 41 0 0 0 0 28 0 0 0 39 44 27 34 0 0 22 37 0 0 0 0 24 0 0 0 0 40 0 19 0 0 0 36 0 24 0 0 0 0 16 0 0 0 0 52 0 30 0 0 0 48 0 26 0 0 0 0 22 0
11 0 21 33 28 19 45 41 38 33 28 45 41 0 10 20 15 32 28 24 19 0 25 20 33 30 25 28 0 20 24 12 16 24 20 16 20 24 28 24 20 23 0 15 19 17 12 23 29 25 21 15 20 33 29 25 17 26 0 29 24 37 34 39 0 23 28 8 13 18 23 28 16 36 0 28 32 20 24 36 13 10 15 19 24 16 13 18 33 0 25 29 21 17 21 33 19 15 12 15 20 23 19 15 19 0 22 17 20 17 12 0 27 22 29 25 22 17 12 25 0 0 0 0 23 28 13 18 23 0 20 24 18 15 19 25 20 20
7 2 18 28 24 16 40 36 32 29 24 40 36 17 6 15 11 27 23 19 15 12 20 16 28 24 21 23 27 15 19 6 11 17 13 9 15 20 0 17 13 20 24 12 16 12 8 20 24 20 16 12 16 0 24 20 13 21 16 24 20 32 28 36 40 18 24 2 7 12 19 24 10 32 36 24 28 14 20 32 7 4 9 15 20 0 7 12 28 32 20 24 14 11 16 28 12 9 6 11 16 0 12 9 14 29 17 13 15 11 8 24 22 18 24 20 16 13 8 20 0 0 0 40 18 24 7 12 19 36 14 20 12 9 15 20 16 14
0 0 0 35 30 0 52 47 42 37 32 50 45 0 0 22 17 38 33 28 23 0 27 22 39 34 29 0 0 0 0 14 17 29 24 19 23 28 33 27 22 0 0 0 0 19 14 0 34 29 24 19 24 38 32 27 19 30 0 31 26 43 38 0 0 28 32 16 20 24 28 32 24 0 0 0 0 23 27 0 21 16 19 23 28 25 19 23 0 0 0 0 24 19 22 0 26 21 16 19 24 30 24 19 22 0 24 19 26 21 16 0 29 24 36 31 26 21 16 29 0 0 0 0 26 30 19 22 27 0 22 26 24 19 23 27 22 24
0 0 19 31 26 0 47 43 38 33 28 47 41 0 8 18 13 33 29 24 19 0 23 18 35 30 25 0 0 16 0 10 13 24 20 15 19 24 28 24 18 0 0 13 0 15 10 0 29 25 20 15 20 33 29 23 15 26 0 27 22 39 34 0 0 23 27 10 15 19 23 28 19 0 0 28 0 20 24 0 16 12 16 20 24 20 16 20 0 0 23 0 21 15 19 0 21 17 12 15 20 25 21 15 19 0 20 15 22 17 12 0 25 20 31 27 22 17 12 25 0 0 0 0 23 27 15 19 23 0 18 22 20 15 19 23 18 20
0 0 16 28 22 0 42 38 34 29 24 42 38 0 4 14 9 28 24 20 15 0 20 14 30 26 21 0 0 13 17 6 9 19 15 11 15 20 23 19 15 0 0 9 12 11 6 0 24 20 16 11 16 28 24 20 11 22 0 24 18 34 30 0 0 18 22 4 9 14 19 24 12 0 0 23 27 15 19 0 9 6 11 15 20 13 9 15 0 0 20 24 16 12 16 0 16 12 8 12 16 20 16 12 16 0 17 11 17 13 8 0 22 16 26 22 18 13 8 22 0 0 0 0 18 22 9 14 19 0 15 19 15 11 15 20 14 16
1 0 13 23 19 11 37 33 29 25 20 37 33 0 0 9 5 23 19 15 11 0 15 11 25 21 17 17 0 9 13 0 5 13 9 5 11 16 17 13 9 13 0 5 9 5 2 13 19 15 11 7 12 23 19 15 7 17 0 19 15 29 25 31 0 13 19 0 3 9 15 20 7 27 0 19 23 9 15 27 3 0 5 11 16 7 3 9 23 0 15 19 9 5 11 23 9 5 2 7 12 13 9 5 11 0 12 8 12 8 4 0 17 13 21 17 13 9 4 17 0 0 0 0 13 19 3 9 15 0 9 15 9 5 11 15 11 11
0 0 8 18 14 8 32 28 24 20 16 32 28 8 0 4 0 18 14 10 6 4 10 6 20 16 12 14 18 4 10 0 0 8 4 0 6 12 0 8 4 10 14 0 6 0 0 10 14 10 6 2 8 0 14 10 2 12 8 14 10 24 20 28 32 8 14 0 0 4 10 16 2 24 28 14 20 4 10 24 0 0 0 6 12 0 0 4 20 24 10 16 4 0 6 20 4 0 0 2 8 0 4 0 6 20 6 2 6 2 0 16 12 8 16 12 8 4 0 12 0 0 0 32 8 14 0 4 10 28 4 10 4 0 6 10 6 6
0 0 19 31 26 0 45 41 38 33 28 47 43 0 8 18 13 31 27 24 19 0 23 18 33 30 25 0 0 16 0 10 13 22 18 15 19 24 28 24 20 0 0 13 0 15 10 0 27 23 20 15 20 33 29 25 15 26 0 27 22 37 34 0 0 21 26 8 13 18 23 28 18 0 0 26 0 18 22 0 13 10 15 19 24 18 15 20 0 0 23 0 19 15 19 0 19 15 12 15 20 25 21 17 21 0 20 15 20 17 12 0 25 20 29 25 22 17 12 27 0 0 0 0 23 27 13 19 23 0 20 24 20 16 20 25 19 21
0 0 0 0 0 0 0 0 0 0 0 0 0 0 0 0 0 0 0 0 0 0 0 0 0 0 0 56 61 46 51 0 41 0 0 0 0 49 0 0 0 0 0 0 0 0 0 0 0 0 0 0 0 0 0 0 0 0 0 0 0 0 0 71 76 0 56 0 0 0 0 56 0 66 71 56 61 0 51 64 0 0 0 0 51 0 0 0 61 66 51 56 0 0 46 59 0 0 0 0 46 0 0 0 0 61 0 41 0 0 0 0 0 0 0 0 0 0 0 0 81 0 0 76 0 56 0 0 0 71 0 51 0 0 0 0 46 0
0 0 0 0 0 0 0 0 0 0 0 0 0 0 0 0 0 0 0 0 0 0 0 0 0 0 0 32 0 24 28 16 20 28 24 20 24 28 32 28 24 0 0 0 0 0 0 0 0 0 0 0 0 0 0 0 0 0 0 0 0 0 0 47 0 31 35 16 21 26 29 33 25 42 0 34 38 26 30 42 19 16 21 24 28 24 19 24 37 0 29 33 25 21 25 37 23 19 16 19 23 28 23 19 23 0 24 19 22 19 14 0 0 0 0 0 0 0 0 0 0 36 31 0 31 35 21 26 29 0 26 30 24 21 24 29 24 24
0 0 0 0 0 0 0 0 0 0 0 0 0 0 0 0 0 0 0 0 0 0 0 0 0 0 0 0 0 17 21 10 13 23 19 15 19 23 28 23 19 0 0 0 0 0 0 0 0 0 0 0 0 0 0 0 0 0 0 0 0 0 0 0 0 26 30 12 17 22 26 30 21 0 0 29 33 21 25 0 15 12 17 21 25 20 15 21 0 0 24 28 20 16 20 0 20 16 12 16 20 24 20 16 20 0 19 13 19 15 10 0 0 0 0 0 0 0 0 0 0 31 27 0 26 30 17 22 26 0 21 25 21 17 21 24 18 20
0 0 0 0 0 0 0 0 0 0 0 0 0 0 0 0 0 0 0 0 0 0 0 0 0 0 0 52 57 42 47 0 37 0 0 0 0 45 0 0 0 47 52 37 42 0 32 45 0 0 0 0 40 0 0 0 0 0 0 0 0 0 0 65 70 0 50 0 0 0 0 50 0 62 67 52 57 0 47 60 0 0 0 0 47 0 0 0 57 62 47 52 0 0 42 55 0 0 0 0 42 0 0 0 0 57 0 37 0 0 0 52 0 40 0 0 0 0 32 0 76 0 0 72 0 52 0 0 0 67 0 47 0 0 0 0 42 0
0 0 0 0 0 0 0 0 0 0 0 0 0 0 0 0 0 0 0 0 0 0 0 0 0 0 0 28 0 20 24 12 16 24 20 16 20 24 28 24 20 21 0 13 17 15 10 21 27 23 19 13 17 31 28 23 0 0 0 0 0 0 0 41 0 25 29 10 15 20 23 27 20 38 0 30 34 22 26 38 15 12 17 20 24 19 16 21 33 0 25 29 21 17 21 33 19 15 12 15 19 23 20 15 19 0 20 15 19 15 10 0 23 18 26 23 18 13 8 23 0 31 26 0 27 31 17 22 25 0 22 26 21 17 20 25 20 20
0 0 0 0 0 0 0 0 0 0 0 0 0 0 0 0 0 0 0 0 0 0 0 0 0 0 0 33 37 25 29 16 21 27 23 19 25 29 0 28 23 28 32 20 24 20 16 28 32 28 24 20 24 0 32 28 0 0 0 0 0 0 0 46 50 29 34 14 19 24 29 32 24 43 47 35 39 26 31 43 19 16 21 26 29 0 20 25 38 42 30 34 24 21 26 38 22 19 16 21 24 0 24 19 24 37 25 21 23 19 16 30 28 24 30 27 22 19 14 27 56 35 30 52 31 36 21 26 31 47 26 31 25 21 26 30 26 24
0 0 0 0 0 0 0 0 0 0 0 0 0 0 0 0 0 0 0 0 0 0 0 0 0 0 0 0 0 7 0 0 3 15 11 5 9 13 19 16 9 0 0 1 0 3 0 0 19 15 9 3 7 23 20 13 0 0 0 0 0 0 0 0 0 15 19 2 7 11 15 19 12 0 0 20 0 12 16 0 8 4 8 12 16 12 8 12 0 0 13 0 11 5 9 0 11 7 2 5 9 15 12 5 9 0 9 3 11 5 0 0 13 7 19 15 9 3 0 13 0 21 17 0 17 21 9 13 17 0 11 15 13 7 11 15 9 11
0 0 0 0 0 0 0 0 0 0 0 0 0 0 0 0 0 0 0 0 0 0 0 0 0 0 0 0 0 13 17 6 9 19 15 11 15 19 23 20 15 0 0 7 10 9 4 0 22 19 14 9 12 27 24 19 0 0 0 0 0 0 0 0 0 20 24 6 11 16 20 24 16 0 0 25 29 17 21 0 11 8 13 17 21 15 12 17 0 0 20 24 16 12 16 0 16 12 8 12 16 20 16 12 16 0 15 9 15 11 6 0 18 12 22 19 14 9 4 19 0 26 22 0 22 26 13 18 22 0 17 21 17 13 17 20 14 16
0 0 0 0 0 0 0 0 0 0 0 0 0 0 0 0 0 0 0 0 0 0 0 0 0 0 0 26 0 18 22 10 15 22 19 15 20 24 27 24 19 21 0 13 17 13 10 21 27 23 19 15 19 31 28 23 0 0 0 0 0 0 0 41 0 23 29 10 15 20 25 29 20 38 0 30 34 20 26 38 15 12 17 22 26 19 16 21 33 0 25 29 19 15 21 33 19 15 12 17 21 23 20 15 21 0 20 16 20 16 12 0 23 19 27 23 19 15 10 23 0 29 26 0 25 31 17 22 27 0 20 26 21 17 22 25 21 21
0 0 0 0 0 0 0 0 0 0 0 0 0 43 28 0 31 0 0 0 0 0 0 0 0 0 0 48 53 38 43 0 33 0 0 0 0 41 0 0 0 43 48 33 38 0 28 41 0 0 0 0 36 0 0 0 31 0 0 0 0 0 0 60 65 0 45 0 0 0 0 45 0 56 61 46 51 0 41 54 0 0 0 0 41 0 0 0 53 58 43 48 0 0 38 51 0 0 0 0 38 0 0 0 0 53 0 33 0 0 0 48 0 36 0 0 0 0 28 0 71 0 0 67 0 47 0 0 0 63 0 43 0 0 0 0 38 0
0 0 0 0 0 0 0 0 0 0 0 0 0 0 4 14 9 26 22 19 12 0 0 0 0 0 0 24 0 16 20 8 12 20 16 12 16 20 24 20 16 17 0 9 13 11 6 17 23 19 15 9 13 27 23 20 9 19 0 0 0 0 0 36 0 20 24 4 9 15 18 22 13 32 0 24 28 16 20 32 9 6 11 14 18 12 9 16 29 0 21 25 17 13 17 29 15 11 8 11 15 19 15 12 15 0 16 11 14 11 6 0 20 14 22 18 15 9 4 20 0 26 21 0 22 26 11 17 20 0 18 22 16 13 16 22 16 17
0 0 0 0 0 0 0 0 0 0 0 0 0 21 10 19 15 31 27 23 19 0 0 0 0 0 0 29 33 21 25 12 17 23 19 15 21 25 0 23 20 24 28 16 20 16 12 24 28 24 20 16 20 0 28 24 15 23 0 0 0 0 0 41 45 24 29 8 13 19 24 27 17 37 41 29 33 20 25 37 13 10 15 20 23 0 13 20 34 38 26 30 20 17 22 34 18 15 12 17 20 0 19 16 21 33 21 17 19 15 12 26 24 20 26 22 19 15 10 24 51 30 25 47 26 31 15 21 26 43 22 27 20 17 22 26 22 21
0 0 0 0 0 0 0 0 0 0 0 0 0 0 2 12 7 28 24 19 12 0 0 0 0 0 0 0 0 12 0 6 9 20 16 11 14 18 24 21 16 0 0 7 0 9 4 0 24 20 15 9 12 28 25 20 7 19 0 0 0 0 0 0 0 19 23 6 11 15 19 23 15 0 0 24 0 16 20 0 12 8 12 16 20 16 12 16 0 0 19 0 17 11 15 0 17 13 8 11 15 21 17 12 15 0 14 9 16 11 6 0 18 12 24 20 15 9 4 20 0 24 21 0 21 25 13 17 21 0 16 20 18 13 16 20 14 17
0 0 0 0 0 0 0 0 0 0 0 0 0 0 0 9 3 23 19 15 9 0 0 0 0 0 0 0 0 9 13 2 5 15 11 7 11 15 19 15 12 0 0 3 7 5 0 0 19 15 11 5 9 23 19 16 3 15 0 0 0 0 0 0 0 15 19 0 5 11 15 19 9 0 0 19 23 11 15 0 5 2 7 11 15 9 5 12 0 0 16 20 12 8 12 0 12 8 4 8 12 16 12 8 12 0 11 5 11 7 2 0 15 9 19 15 11 5 0 16 0 21 17 0 17 21 7 13 17 0 13 17 13 9 13 17 11 13
0 0 0 0 0 0 0 0 0 0 0 0 0 0 4 12 9 26 22 19 14 0 0 0 0 0 0 22 0 14 18 6 11 18 14 11 16 20 22 19 16 17 0 9 13 9 6 17 23 19 15 11 15 27 23 20 9 19 0 0 0 0 0 36 0 18 24 4 9 15 20 24 13 32 0 24 28 14 20 32 9 6 11 16 20 12 9 16 29 0 21 25 15 11 17 29 15 11 8 13 17 19 15 12 17 0 16 12 16 12 8 0 19 15 23 19 15 11 6 20 0 24 21 0 20 26 11 17 22 0 16 22 16 13 18 21 17 17
0 0 0 0 0 0 0 0 0 0 0 0 0 0 10 20 15 32 28 24 19 0 23 18 31 28 23 28 0 20 24 12 16 24 20 16 20 24 28 24 20 23 0 15 19 17 12 23 29 25 21 15 19 33 29 25 15 24 0 0 0 0 0 39 0 23 28 8 13 18 23 26 16 36 0 28 32 20 24 36 13 10 15 19 22 16 13 19 33 0 25 29 21 17 21 33 19 15 12 15 19 23 19 15 20 0 22 17 20 17 12 0 25 20 27 23 20 15 10 25 0 29 24 0 25 30 15 20 25 0 22 26 20 17 21 27 22 22
0 0 0 0 0 0 0 0 0 0 0 0 0 17 6 15 11 27 23 19 15 10 18 14 26 22 19 23 27 15 19 6 11 17 13 9 15 19 0 17 13 20 24 12 16 12 8 20 24 20 16 12 16 0 24 20 11 19 0 0 0 0 0 36 40 18 24 2 7 12 19 22 10 32 36 24 28 14 20 32 7 4 9 15 18 0 7 13 28 32 20 24 14 11 16 28 12 9 6 11 14 0 12 9 16 29 17 13 15 11 8 22 20 16 22 18 14 11 6 19 46 24 18 42 20 26 9 14 21 38 16 22 14 11 17 22 18 16
0 0 0 0 0 0 0 0 0 0 0 0 0 0 4 14 9 28 24 20 15 0 18 12 28 24 19 0 0 13 17 6 9 19 15 11 15 19 23 19 15 0 0 9 12 11 6 0 24 20 16 11 14 28 24 21 9 20 0 0 0 0 0 0 0 18 22 4 9 14 19 22 12 0 0 23 27 15 19 0 9 6 11 15 19 13 9 15 0 0 20 24 16 12 16 0 16 12 8 12 16 20 16 12 16 0 17 11 17 13 8 0 20 14 24 20 16 11 6 21 0 24 20 0 20 24 11 16 21 0 17 21 17 13 17 22 16 18
