0.004745387610920775 0.0086608643840572 0.0044474708999212645 0.008001191666843998 0.0077245547209158815 0.00459642925542102 0.005362500797991191 0.007681995190773094 0.009405656161555977 0.005766816334347669 0.005149703147277254 0.004681548315706594 0.004468750664992659 0.006511608111846446 0.004426191134849871 0.006703125997488988 0.006511608111846446 0.004575149490349627 0.004809226906134956 0.006511608111846446 0.005128423382205861 0.005702977039133488 0.004915625731491924 0.005405060328133977 0.004575149490349627 0.0060008937501329985 0.004404911369778478 0.004404911369778478 0.008150150022343754 0.00483050667120635 0.004809226906134956 0.007958632136701211 0.008065030962058179 0.005809375864490456 0.006724405762560381 0.00989509075819803 0.007043602238631285 0.004724107845849382 0.0047028280807779885 0.004851786436277743 0.005277381737705616 0.004319792309492903 0.007809673781201456 0.004490030430064052 0.00436235183963569 0.007256399889345222 0.008937501329985317 0.004277232779350116 0.005043304321920286 0.0071500010639882535 0.009724852637626881 0.007171280829059647 0.005341221032919796 0.004724107845849382 0.0045325899602068394 0.005234822207562828 0.004936905496563318 0.0055965782137765195 0.005149703147277254 0.004681548315706594 0.004660268550635201 0.004319792309492903 0.005277381737705616 0.004341072074564297 0.007384078479773583 0.007533036835273338 0.007426638009916371 0.005490179388419552 0.006447768816632264 0.008575745323771625 0.006149852105632754 0.004766667375992169 0.004681548315706594 0.004511310195135445 0.008937501329985317 0.00459642925542102 0.004468750664992659 0.008320388142914902 0.008894941799842529 0.004511310195135445 0.00683080458791735 0.007809673781201456 0.010065328878769179 0.00712872129891686 0.005490179388419552 0.00429851254442151 0.004958185261634712 0.005298661502777009 0.004915625731491924 0.008745983444342775 0.0055114591534909455 0.0055114591534909455 0.004319792309492903 0.009277977571127615 0.009746132402698273 0.004809226906134956 0.006724405762560381 0.00812887025727236 0.010469644415125656 0.007703274955844487 0.005532738918562339 0.004851786436277743 0.005447619858276765 0.005234822207562828 0.0050220245568488925 0.004979465026706105 0.004851786436277743 0.006788245057774562 0.005000744791777499 0.007490477305130552 0.006277530696061116 0.007213840359202434 0.006766965292703169 0.007426638009916371 0.0050220245568488925 0.005851935394633244 0.008469346498414658 0.005958334219990211 0.005234822207562828 0.004341072074564297 0.004681548315706594 0.005000744791777499 0.004915625731491924 0.005532738918562339 0.004915625731491924 0.005575298448705126 0.004638988785563808 0.006043453280275786 0.00429851254442151 0.004851786436277743 0.004766667375992169 0.004958185261634712 0.004511310195135445 0.006277530696061116 0.004681548315706594 0.0046177090204924135 0.00459642925542102 0.005043304321920286 0.007958632136701211 0.008001191666843998 0.008065030962058179 0.00812887025727236 0.008150150022343754 0.008320388142914902 0.008469346498414658 0.008575745323771625 0.0086608643840572 0.008745983444342775 0.008894941799842529 0.008937501329985317 0.008937501329985317 0.009277977571127615 0.009405656161555977 0.009724852637626881 0.009746132402698273 0.00989509075819803 0.010065328878769179 0.010469644415125656
0.0 0.0 0.0 0.0 0.0 0.0 0.0 0.0 0.0 0.0 0.0 0.0 0.0 0.0 0.0 0.0 0.0 0.0 0.0 0.0
0.0 0.7142857142857143 0.0 0.0 0.0 0.0 0.0 0.0 0.0 0.0 0.0 0.0 0.0 0.0 0.7142857142857143 0.14285714285714285 0.0 0.0 0.0 0.0
0.0 0.0 0.14285714285714285 0.0 0.14285714285714285 0.0 0.0 0.0 0.0 0.14285714285714285 0.14285714285714285 0.0 0.14285714285714285 0.0 0.0 0.0 0.14285714285714285 0.0 0.0 0.0
0.0 0.0 0.0 0.14285714285714285 0.0 0.0 0.0 0.0 0.0 0.0 0.0 0.0 0.0 0.0 0.0 0.0 0.0 0.0 0.0 0.0
0.0 0.0 0.14285714285714285 0.0 0.7142857142857143 0.0 0.0 0.0 0.0 0.7142857142857143 0.14285714285714285 0.0 0.7142857142857143 0.0 0.0 0.0 0.14285714285714285 0.0 0.0 0.0
0.0 0.0 0.0 0.0 0.0 0.2857142857142857 0.0 0.14285714285714285 0.0 0.14285714285714285 0.2857142857142857 0.0 0.2857142857142857 0.14285714285714285 0.0 0.0 0.14285714285714285 0.0 0.14285714285714285 0.0
0.0 0.0 0.0 0.0 0.0 0.0 0.2857142857142857 0.0 0.0 0.0 0.0 0.0 0.0 0.0 0.2857142857142857 0.0 0.0 0.0 0.0 0.0
0.0 0.0 0.0 0.0 0.0 0.14285714285714285 0.0 0.2857142857142857 0.0 0.0 0.14285714285714285 0.0 0.14285714285714285 0.0 0.0 0.0 0.0 0.0 0.14285714285714285 0.0
0.0 0.0 0.0 0.0 0.0 0.0 0.0 0.0 0.0 0.0 0.0 0.0 0.0 0.0 0.0 0.0 0.0 0.0 0.0 0.0
0.0 0.0 0.14285714285714285 0.0 0.7142857142857143 0.14285714285714285 0.0 0.0 0.0 0.8571428571428571 0.2857142857142857 0.0 0.8571428571428571 0.14285714285714285 0.0 0.0 0.2857142857142857 0.0 0.0 0.0
0.0 0.0 0.14285714285714285 0.0 0.14285714285714285 0.2857142857142857 0.0 0.14285714285714285 0.0 0.2857142857142857 0.42857142857142855 0.0 0.42857142857142855 0.14285714285714285 0.0 0.0 0.2857142857142857 0.0 0.14285714285714285 0.0
0.0 0.0 0.0 0.0 0.0 0.0 0.0 0.0 0.0 0.0 0.0 0.0 0.0 0.0 0.0 0.0 0.0 0.0 0.0 0.0
0.0 0.0 0.14285714285714285 0.0 0.7142857142857143 0.2857142857142857 0.0 0.14285714285714285 0.0 0.8571428571428571 0.42857142857142855 0.0 1.0 0.14285714285714285 0.0 0.0 0.2857142857142857 0.0 0.14285714285714285 0.0
0.0 0.0 0.0 0.0 0.0 0.14285714285714285 0.0 0.0 0.0 0.14285714285714285 0.14285714285714285 0.0 0.14285714285714285 0.14285714285714285 0.0 0.0 0.14285714285714285 0.0 0.0 0.0
0.0 0.7142857142857143 0.0 0.0 0.0 0.0 0.2857142857142857 0.0 0.0 0.0 0.0 0.0 0.0 0.0 0.8571428571428571 0.2857142857142857 0.0 0.14285714285714285 0.0 0.0
0.0 0.14285714285714285 0.0 0.0 0.0 0.0 0.0 0.0 0.0 0.0 0.0 0.0 0.0 0.0 0.2857142857142857 0.2857142857142857 0.0 0.14285714285714285 0.0 0.0
0.0 0.0 0.14285714285714285 0.0 0.14285714285714285 0.14285714285714285 0.0 0.0 0.0 0.2857142857142857 0.2857142857142857 0.0 0.2857142857142857 0.14285714285714285 0.0 0.0 0.2857142857142857 0.0 0.0 0.0
0.0 0.0 0.0 0.0 0.0 0.0 0.0 0.0 0.0 0.0 0.0 0.0 0.0 0.0 0.14285714285714285 0.14285714285714285 0.0 0.14285714285714285 0.0 0.0
0.0 0.0 0.0 0.0 0.0 0.14285714285714285 0.0 0.14285714285714285 0.0 0.0 0.14285714285714285 0.0 0.14285714285714285 0.0 0.0 0.0 0.0 0.0 0.14285714285714285 0.0
0.0 0.0 0.0 0.0 0.0 0.0 0.0 0.0 0.0 0.0 0.0 0.0 0.0 0.0 0.0 0.0 0.0 0.0 0.0 0.0
