0.04460345855694693 0.044841979725700656 0.045199761478831244 0.04555754323196184 0.0456768038163387 0.046630888491353606 0.04746571258199165 0.04806201550387597 0.048539057841383425 0.049016100178890874 0.04985092426952892 0.05008944543828265 0.05008944543828265 0.05199761478831246 0.05271317829457364 0.05450208706022659 0.05462134764460346 0.055456171735241505 0.05641025641025641 0.05867620751341682
0.0 0.23809523809523808 0.047619047619047616 0.0 0.23809523809523808 0.09523809523809523 0.0 0.0 0.0 0.2857142857142857 0.14285714285714285 0.0 0.3333333333333333 0.047619047619047616 0.2857142857142857 0.09523809523809523 0.09523809523809523 0.047619047619047616 0.0 0.0
0.23809523809523808 0.7142857142857143 0.2857142857142857 0.14285714285714285 0.47619047619047616 0.23809523809523808 0.3333333333333333 0.14285714285714285 0.23809523809523808 0.5238095238095238 0.2857142857142857 0.23809523809523808 0.5714285714285714 0.23809523809523808 0.7619047619047619 0.38095238095238093 0.2857142857142857 0.2857142857142857 0.14285714285714285 0.14285714285714285
0.047619047619047616 0.2857142857142857 0.14285714285714285 0.0 0.3333333333333333 0.14285714285714285 0.0 0.0 0.0 0.38095238095238093 0.23809523809523808 0.047619047619047616 0.42857142857142855 0.09523809523809523 0.2857142857142857 0.14285714285714285 0.19047619047619047 0.047619047619047616 0.0 0.0
0.0 0.14285714285714285 0.0 0.14285714285714285 0.14285714285714285 0.14285714285714285 0.14285714285714285 0.14285714285714285 0.0 0.2857142857142857 0.19047619047619047 0.0 0.38095238095238093 0.047619047619047616 0.3333333333333333 0.14285714285714285 0.09523809523809523 0.09523809523809523 0.09523809523809523 0.047619047619047616
0.23809523809523808 0.47619047619047616 0.3333333333333333 0.14285714285714285 0.7142857142857143 0.3333333333333333 0.19047619047619047 0.19047619047619047 0.23809523809523808 0.7619047619047619 0.42857142857142855 0.23809523809523808 0.8095238095238095 0.2857142857142857 0.5238095238095238 0.2857142857142857 0.38095238095238093 0.23809523809523808 0.14285714285714285 0.14285714285714285
0.09523809523809523 0.23809523809523808 0.14285714285714285 0.14285714285714285 0.3333333333333333 0.2857142857142857 0.14285714285714285 0.23809523809523808 0.0 0.42857142857142855 0.3333333333333333 0.0 0.5238095238095238 0.19047619047619047 0.3333333333333333 0.14285714285714285 0.23809523809523808 0.14285714285714285 0.19047619047619047 0.09523809523809523
0.0 0.3333333333333333 0.0 0.14285714285714285 0.19047619047619047 0.14285714285714285 0.2857142857142857 0.09523809523809523 0.0 0.38095238095238093 0.19047619047619047 0.0 0.38095238095238093 0.14285714285714285 0.47619047619047616 0.19047619047619047 0.19047619047619047 0.09523809523809523 0.09523809523809523 0.09523809523809523
0.0 0.14285714285714285 0.0 0.14285714285714285 0.19047619047619047 0.23809523809523808 0.09523809523809523 0.2857142857142857 0.0 0.38095238095238093 0.2857142857142857 0.0 0.47619047619047616 0.14285714285714285 0.2857142857142857 0.09523809523809523 0.19047619047619047 0.09523809523809523 0.19047619047619047 0.09523809523809523
0.0 0.23809523809523808 0.0 0.0 0.23809523809523808 0.0 0.0 0.0 0.0 0.2857142857142857 0.0 0.0 0.3333333333333333 0.0 0.2857142857142857 0.0 0.0 0.0 0.0 0.0
0.2857142857142857 0.5238095238095238 0.38095238095238093 0.2857142857142857 0.7619047619047619 0.42857142857142855 0.38095238095238093 0.38095238095238093 0.2857142857142857 0.8571428571428571 0.5238095238095238 0.2857142857142857 0.9047619047619048 0.38095238095238093 0.5714285714285714 0.38095238095238093 0.47619047619047616 0.3333333333333333 0.3333333333333333 0.2857142857142857
0.14285714285714285 0.2857142857142857 0.23809523809523808 0.19047619047619047 0.42857142857142855 0.3333333333333333 0.19047619047619047 0.2857142857142857 0.0 0.5238095238095238 0.42857142857142855 0.14285714285714285 0.6190476190476191 0.23809523809523808 0.38095238095238093 0.23809523809523808 0.3333333333333333 0.14285714285714285 0.23809523809523808 0.14285714285714285
0.0 0.23809523809523808 0.047619047619047616 0.0 0.23809523809523808 0.0 0.0 0.0 0.0 0.2857142857142857 0.14285714285714285 0.0 0.3333333333333333 0.0 0.2857142857142857 0.09523809523809523 0.09523809523809523 0.0 0.0 0.0
0.3333333333333333 0.5714285714285714 0.42857142857142855 0.38095238095238093 0.8095238095238095 0.5238095238095238 0.38095238095238093 0.47619047619047616 0.3333333333333333 0.9047619047619048 0.6190476190476191 0.3333333333333333 1.0 0.42857142857142855 0.6190476190476191 0.38095238095238093 0.5238095238095238 0.3333333333333333 0.42857142857142855 0.3333333333333333
0.047619047619047616 0.23809523809523808 0.09523809523809523 0.047619047619047616 0.2857142857142857 0.19047619047619047 0.14285714285714285 0.14285714285714285 0.0 0.38095238095238093 0.23809523809523808 0.0 0.42857142857142855 0.14285714285714285 0.3333333333333333 0.14285714285714285 0.19047619047619047 0.09523809523809523 0.09523809523809523 0.047619047619047616
0.2857142857142857 0.7619047619047619 0.2857142857142857 0.3333333333333333 0.5238095238095238 0.3333333333333333 0.47619047619047616 0.2857142857142857 0.2857142857142857 0.5714285714285714 0.38095238095238093 0.2857142857142857 0.6190476190476191 0.3333333333333333 0.8571428571428571 0.47619047619047616 0.38095238095238093 0.38095238095238093 0.2857142857142857 0.2857142857142857
0.09523809523809523 0.38095238095238093 0.14285714285714285 0.14285714285714285 0.2857142857142857 0.14285714285714285 0.19047619047619047 0.09523809523809523 0.0 0.38095238095238093 0.23809523809523808 0.09523809523809523 0.38095238095238093 0.14285714285714285 0.47619047619047616 0.2857142857142857 0.19047619047619047 0.19047619047619047 0.09523809523809523 0.09523809523809523
0.09523809523809523 0.2857142857142857 0.19047619047619047 0.09523809523809523 0.38095238095238093 0.23809523809523808 0.19047619047619047 0.19047619047619047 0.0 0.47619047619047616 0.3333333333333333 0.09523809523809523 0.5238095238095238 0.19047619047619047 0.38095238095238093 0.19047619047619047 0.2857142857142857 0.14285714285714285 0.14285714285714285 0.09523809523809523
0.047619047619047616 0.2857142857142857 0.047619047619047616 0.09523809523809523 0.23809523809523808 0.14285714285714285 0.09523809523809523 0.09523809523809523 0.0 0.3333333333333333 0.14285714285714285 0.0 0.3333333333333333 0.09523809523809523 0.38095238095238093 0.19047619047619047 0.14285714285714285 0.14285714285714285 0.047619047619047616 0.047619047619047616
0.0 0.14285714285714285 0.0 0.09523809523809523 0.14285714285714285 0.19047619047619047 0.09523809523809523 0.19047619047619047 0.0 0.3333333333333333 0.23809523809523808 0.0 0.42857142857142855 0.09523809523809523 0.2857142857142857 0.09523809523809523 0.14285714285714285 0.047619047619047616 0.14285714285714285 0.047619047619047616
0.0 0.14285714285714285 0.0 0.047619047619047616 0.14285714285714285 0.09523809523809523 0.09523809523809523 0.09523809523809523 0.0 0.2857142857142857 0.14285714285714285 0.0 0.3333333333333333 0.047619047619047616 0.2857142857142857 0.09523809523809523 0.09523809523809523 0.047619047619047616 0.047619047619047616 0.0
