0.029470330545599364 0.09179609717244126 0.020749726842916805 0.02855129736850167 0.07064812261944878 0.00968048279876237 0.12420733388475325 0.08200839383635082 0.004513474047524227 0.00741864003512749 0.13328533937852935 0.023838699465939608 0.0030123865249313277 0.024420753811434815 0.019238427840578377 0.15874255838413545 0.018222385605898152 0.04082039028275587 0.09740219955273718 0.011972960001633837
0.05705577460152256 0.0 0.0 0.0 0.0 0.049126340272287905 0.0 0.0 0.0 0.0 0.0 0.05507432036985449 0.0 0.0 0.03788975873651168 0.0 0.0 0.0 0.0 0.0
0.0 0.003981515630215426 0.0 0.0 0.0 0.0 0.0 0.0 0.0 0.0 0.0 0.0 0.0 0.0 0.0 0.0 0.0 0.0 0.0 0.0
0.0 0.0 0.009395859990149802 0.0 0.0 0.0019426329740070969 0.0 0.0 0.0 0.0 0.0 0.003968963336603792 0.0 0.0 0.0 0.0 0.0 0.0 0.0 0.0
0.0 0.0 0.0 0.006327070377025734 0.0 0.0 0.0 0.0 0.0 0.0 0.0 0.0 0.0 0.0 0.006327070377025734 0.0 0.0 0.0 0.0 0.0
0.0 0.0 0.0 0.0 0.06386865151076648 0.0 0.0 0.0 0.0 0.0 0.0 0.0 0.0 0.0 0.0 0.0012584480805699627 0.0 0.0 0.00902513349575429 0.01092396929647066
0.049126340272287905 0.0 0.0019426329740070969 0.0 0.0 0.27488764891935347 0.0 0.0 0.0 0.0 0.0 0.10277937096311263 0.0 0.06183223074567934 0.0 0.0 0.0 0.021577007880914323 0.0 0.006386823676038489
0.0 0.0 0.0 0.0 0.0 0.0 0.030504165428958174 0.017784053238770525 0.0 0.0 0.0 0.0 0.0 0.0 0.0 0.0 0.0 0.0 0.0 0.0
0.0 0.0 0.0 0.0 0.0 0.0 0.017784053238770525 0.07972771430348757 0.0 0.0 0.008650492021480716 0.0 0.0 0.0 0.04078090014483138 0.0 0.0 0.0 0.0 0.0
0.0 0.0 0.0 0.0 0.0 0.0 0.0 0.0 0.031773374434393986 0.031773374434393986 0.0 0.0 0.0 0.0 0.0 0.0 0.0 0.0 0.0 0.0
0.0 0.0 0.0 0.0 0.0 0.0 0.0 0.0 0.031773374434393986 0.2657786586373021 0.0 0.0 0.0 0.0 0.0 0.0 0.0 0.0 0.0 0.02900295102757866
0.0 0.0 0.0 0.0 0.0 0.0 0.0 0.008650492021480716 0.0 0.0 0.008650492021480716 0.0 0.0 0.0 0.008650492021480716 0.0 0.0 0.0 0.0 0.0
0.05507432036985449 0.0 0.003968963336603792 0.0 0.0 0.10277937096311263 0.0 0.0 0.0 0.0 0.0 0.12077779627249186 0.0 0.0 0.0 0.0 0.0 0.0 0.0 0.0
0.0 0.0 0.0 0.0 0.0 0.0 0.0 0.0 0.0 0.0 0.0 0.0 0.22235748305084968 0.0 0.0 0.0 0.0 0.0 0.0 0.0
0.0 0.0 0.0 0.0 0.0 0.06183223074567934 0.0 0.0 0.0 0.0 0.0 0.0 0.0 0.08597493960293434 0.0 0.0 0.00432151383845536 0.0 0.0 0.0
0.03788975873651168 0.0 0.0 0.006327070377025734 0.0 0.0 0.0 0.04078090014483138 0.0 0.0 0.008650492021480716 0.0 0.0 0.0 0.15469542106659162 0.0 0.0 0.0 0.0 0.0
0.0 0.0 0.0 0.0 0.0012584480805699627 0.0 0.0 0.0 0.0 0.0 0.0 0.0 0.0 0.0 0.0 0.0012584480805699627 0.0 0.0 0.0 0.0
0.0 0.0 0.0 0.0 0.0 0.0 0.0 0.0 0.0 0.0 0.0 0.0 0.0 0.00432151383845536 0.0 0.0 0.007829002242154104 0.0 0.0 0.0
0.0 0.0 0.0 0.0 0.0 0.021577007880914323 0.0 0.0 0.0 0.0 0.0 0.0 0.0 0.0 0.0 0.0 0.0 0.021577007880914323 0.0 0.0
0.0 0.0 0.0 0.0 0.00902513349575429 0.0 0.0 0.0 0.0 0.0 0.0 0.0 0.0 0.0 0.0 0.0 0.0 0.0 0.03970664928537815 0.0
0.0 0.0 0.0 0.0 0.01092396929647066 0.006386823676038489 0.0 0.0 0.0 0.02900295102757866 0.0 0.0 0.0 0.0 0.0 0.0 0.0 0.0 0.0 0.10338276503198784
