0.03433197063070759 0.034901458295198 0.0355523013403299 0.035572640185490265 0.03844041735310269 0.03894888848211198 0.0399454918949702 0.04077938454654545 0.04238615331421482 0.04238615331421482 0.0436268228689975 0.04578274045599691 0.04736917037850591 0.04736917037850591 0.04757255883010963 0.04830475725588301 0.07763337197713914 0.08125368641568531 0.0817011410092135 0.09614172107307747
18 12 14 15 16 17 15 11 20 17 11 22 12 16 11 16 8 13 12 8
12 9 12 9 13 9 11 5 15 11 5 16 7 12 8 11 2 8 7 4
14 12 18 13 16 12 17 9 20 15 9 18 12 14 13 16 6 11 12 8
15 9 13 18 12 16 16 12 22 14 13 20 9 15 9 17 8 11 12 6
16 13 16 12 18 13 15 9 18 17 9 20 13 16 12 14 6 12 11 8
17 9 12 16 13 18 14 13 20 16 12 22 9 17 9 15 8 12 11 6
15 11 17 16 15 14 18 11 21 16 12 19 12 15 13 17 8 12 13 8
11 5 9 12 9 13 11 9 15 12 8 17 5 13 5 12 4 8 7 2
20 15 20 22 18 20 21 15 27 19 17 24 15 20 16 22 12 16 17 12
17 11 15 14 17 16 16 12 19 18 11 21 13 17 12 15 8 13 12 8
11 5 9 13 9 12 12 8 17 11 9 15 5 12 5 13 4 7 8 2
22 16 18 20 20 22 19 17 24 21 15 27 16 22 15 20 12 17 16 12
12 7 12 9 13 9 12 5 15 13 5 16 9 12 8 11 2 8 7 4
16 12 14 15 16 17 15 13 20 17 12 22 12 18 11 16 8 13 12 8
11 8 13 9 12 9 13 5 16 12 5 15 8 11 9 12 2 7 8 4
16 11 16 17 14 15 17 12 22 15 13 20 11 16 12 18 8 12 13 8
8 2 6 8 6 8 8 4 12 8 4 12 2 8 2 8 0 4 4 0
13 8 11 11 12 12 12 8 16 13 7 17 8 13 7 12 4 9 8 4
12 7 12 12 11 11 13 7 17 12 8 16 7 12 8 13 4 8 9 4
8 4 8 6 8 6 8 2 12 8 2 12 4 8 4 8 0 4 4 0
