0.03433197063070759 0.034901458295198 0.0355523013403299 0.035572640185490265 0.03844041735310269 0.03894888848211198 0.0399454918949702 0.04077938454654545 0.04238615331421482 0.04238615331421482 0.0436268228689975 0.04578274045599691 0.04736917037850591 0.04736917037850591 0.04757255883010963 0.04830475725588301 0.07763337197713914 0.08125368641568531 0.0817011410092135 0.09614172107307747
2 0 0 0 0 1 0 0 0 1 0 2 0 0 0 0 0 1 0 0
0 1 0 0 1 0 0 0 0 0 0 0 0 0 0 0 0 0 0 0
0 0 2 0 0 0 1 0 0 0 0 0 0 0 1 0 0 0 0 0
0 0 0 2 0 0 0 0 2 0 1 0 0 0 0 1 0 0 0 0
0 1 0 0 2 0 0 0 0 1 0 0 1 0 0 0 0 0 0 0
1 0 0 0 0 2 0 1 0 0 0 2 0 1 0 0 0 0 0 0
0 0 1 0 0 0 2 0 1 0 0 0 0 0 1 1 0 0 1 0
0 0 0 0 0 1 0 1 0 0 0 1 0 1 0 0 0 0 0 0
0 0 0 2 0 0 1 0 3 0 1 0 0 0 0 2 0 0 1 0
1 0 0 0 1 0 0 0 0 2 0 1 1 1 0 0 0 1 0 0
0 0 0 1 0 0 0 0 1 0 1 0 0 0 0 1 0 0 0 0
2 0 0 0 0 2 0 1 0 1 0 3 0 2 0 0 0 1 0 0
0 0 0 0 1 0 0 0 0 1 0 0 1 0 0 0 0 0 0 0
0 0 0 0 0 1 0 1 0 1 0 2 0 2 0 0 0 1 0 0
0 0 1 0 0 0 1 0 0 0 0 0 0 0 1 0 0 0 0 0
0 0 0 1 0 0 1 0 2 0 1 0 0 0 0 2 0 0 1 0
0 0 0 0 0 0 0 0 0 0 0 0 0 0 0 0 0 0 0 0
1 0 0 0 0 0 0 0 0 1 0 1 0 1 0 0 0 1 0 0
0 0 0 0 0 0 1 0 1 0 0 0 0 0 0 1 0 0 1 0
0 0 0 0 0 0 0 0 0 0 0 0 0 0 0 0 0 0 0 0
