0.03433197063070759 0.034901458295198 0.0355523013403299 0.035572640185490265 0.03844041735310269 0.03894888848211198 0.0399454918949702 0.04077938454654545 0.04238615331421482 0.04238615331421482 0.0436268228689975 0.04578274045599691 0.04736917037850591 0.04736917037850591 0.04757255883010963 0.04830475725588301 0.07763337197713914 0.08125368641568531 0.0817011410092135 0.09614172107307747
14 9 10 11 12 13 11 8 15 13 8 17 9 12 8 12 6 10 9 6
9 7 9 6 10 6 8 3 11 8 3 12 5 9 6 8 1 6 5 3
10 9 14 9 12 8 13 6 15 11 6 13 9 10 10 12 4 8 9 6
11 6 9 14 8 12 12 9 17 10 10 15 6 11 6 13 6 8 9 4
12 10 12 8 14 9 11 6 13 13 6 15 10 12 9 10 4 9 8 6
13 6 8 12 9 14 10 10 15 12 9 17 6 13 6 11 6 9 8 4
11 8 13 12 11 10 14 8 16 12 9 14 9 11 10 13 6 9 10 6
8 3 6 9 6 10 8 7 11 9 6 13 3 10 3 9 3 6 5 1
15 11 15 17 13 15 16 11 21 14 13 18 11 15 12 17 9 12 13 9
13 8 11 10 13 12 12 9 14 14 8 16 10 13 9 11 6 10 9 6
8 3 6 10 6 9 9 6 13 8 7 11 3 9 3 10 3 5 6 1
17 12 13 15 15 17 14 13 18 16 11 21 12 17 11 15 9 13 12 9
9 5 9 6 10 6 9 3 11 10 3 12 7 9 6 8 1 6 5 3
12 9 10 11 12 13 11 10 15 13 9 17 9 14 8 12 6 10 9 6
8 6 10 6 9 6 10 3 12 9 3 11 6 8 7 9 1 5 6 3
12 8 12 13 10 11 13 9 17 11 10 15 8 12 9 14 6 9 10 6
6 1 4 6 4 6 6 3 9 6 3 9 1 6 1 6 0 3 3 0
10 6 8 8 9 9 9 6 12 10 5 13 6 10 5 9 3 7 6 3
9 5 9 9 8 8 10 5 13 9 6 12 5 9 6 10 3 6 7 3
6 3 6 4 6 4 6 1 9 6 1 9 3 6 3 6 0 3 3 0
