0.005776004973062578 0.010541856610029009 0.0054133858267716535 0.009738914214670534 0.00940219643597182 0.005594695399917115 0.0065271446332366345 0.009350393700787402 0.01144840447575632 0.007019270617488603 0.0062681309573145464 0.005698300870285951 0.005439287194363863 0.007925818483215915 0.005387484459179445 0.008158930791545794 0.007925818483215915 0.005568794032324907 0.005853709075839204 0.007925818483215915 0.006242229589722337 0.006941566514711977 0.005983215913800249 0.006578947368421052 0.005568794032324907 0.007304185661002901 0.005361583091587236 0.005361583091587236 0.009920223787815997 0.0058796104434314135 0.005853709075839204 0.009687111479486117 0.009816618317447161 0.007071073352673021 0.008184832159138003 0.012044135930377124 0.008573352673021135 0.005750103605470369 0.00572420223787816 0.005905511811023622 0.0064235391628678 0.0052579776212184 0.009505801906340655 0.005465188561956071 0.005309780356402818 0.008832366348943224 0.010878574388727726 0.005206174886033982 0.0061386241193535016 0.00870285951098218 0.011836924989639452 0.008728760878574389 0.006501243265644426 0.005750103605470369 0.005516991297140489 0.006371736427683382 0.0060091172813924575 0.006812059676750933 0.0062681309573145464 0.005698300870285951 0.005672399502693742 0.0052579776212184 0.0064235391628678 0.0052838789888106094 0.008987774554496477 0.00916908412764194 0.009039577289680896 0.006682552838789888 0.007848114380439287 0.010438251139660175 0.007485495234148363 0.005801906340654786 0.005698300870285951 0.005491089929548281 0.010878574388727726 0.005594695399917115 0.005439287194363863 0.010127434728553668 0.010826771653543307 0.005491089929548281 0.008314338997099047 0.009505801906340655 0.012251346871114795 0.00867695814338997 0.006682552838789888 0.005232076253626192 0.006035018648984666 0.006449440530460008 0.005983215913800249 0.010645462080397844 0.006708454206382097 0.006708454206382097 0.0052579776212184 0.011292996270203066 0.011862826357231663 0.005853709075839204 0.008184832159138003 0.009894322420223789 0.012743472855366764 0.00937629506837961 0.006734355573974306 0.005905511811023622 0.00663075010360547 0.006371736427683382 0.006112722751761293 0.006060920016576875 0.005905511811023622 0.00826253626191463 0.006086821384169084 0.009117281392457521 0.007640903439701616 0.008780563613758806 0.00823663489432242 0.009039577289680896 0.006112722751761293 0.0071228760878574385 0.010308744301699129 0.0072523829258184834 0.006371736427683382 0.0052838789888106094 0.005698300870285951 0.006086821384169084 0.005983215913800249 0.006734355573974306 0.005983215913800249 0.006786158309158723 0.005646498135101533 0.007355988396187319 0.005232076253626192 0.005905511811023622 0.005801906340654786 0.006035018648984666 0.005491089929548281 0.007640903439701616 0.005698300870285951 0.005620596767509325 0.005594695399917115 0.0061386241193535016
9 4 17 0 0 0 0 0 0 0 0 0 0 0 0 0 0 0 0 0 0 12 0 0 0 0 0 0 0 0 0 0 0 0 0 0 0 0 0 0 0 0 0 0 0 0 0 0 0 0 0 0 0 0 0 0 0 0 0 0 0 0 0 0 0 0 0 0 0 0 0 0 0 0 0 0 0 0 0 0 0 0 0 0 0 0 0 0 0 0 0 0 0 0 0 0 0 0 0 0 0 0 0 0 0 0 0 0 0 0 0 0 0 0 0 0 0 0 0 0 0 0 0 0 0 0 0 0 0 0 0 0 0 0 0 0 0 0
4 0 0 0 0 0 0 0 0 0 0 0 0 0 0 0 0 0 0 0 0 8 0 0 0 0 0 0 0 0 0 0 0 0 0 0 0 0 0 0 0 0 0 0 0 0 0 0 0 0 0 0 0 0 0 0 0 0 0 0 0 0 0 0 0 0 0 0 0 0 0 0 0 0 0 0 0 0 0 0 0 0 0 0 0 0 0 0 0 0 0 0 0 0 0 0 0 0 0 0 0 0 0 0 0 0 0 0 0 0 0 0 0 0 0 0 0 0 0 0 0 0 0 0 0 0 0 0 0 0 0 0 0 0 0 0 0 0
17 0 27 35 31 0 0 0 0 35 0 0 0 0 0 0 0 0 0 0 0 0 25 21 0 0 25 0 0 0 0 0 0 0 0 0 0 0 0 0 0 0 0 0 0 0 0 0 0 0 0 0 0 0 0 0 0 0 0 0 0 0 0 0 0 0 0 0 0 0 0 0 0 0 0 0 0 0 0 0 0 0 0 0 0 0 0 0 0 0 0 0 0 0 0 0 0 0 0 0 0 0 0 0 0 0 0 0 0 0 0 0 0 0 0 0 0 0 0 0 0 0 0 0 0 0 0 0 0 0 0 0 0 0 0 0 0 0
0 0 35 45 40 0 0 53 49 43 0 0 53 0 0 0 0 0 0 0 0 0 35 30 43 39 33 0 0 0 0 0 0 0 0 0 0 0 0 0 0 0 0 0 0 0 0 0 0 0 0 0 0 0 0 0 0 0 0 0 0 0 0 0 0 0 0 0 0 0 0 0 0 0 0 0 0 0 0 0 0 0 0 0 0 0 0 0 0 0 0 0 0 0 0 0 0 0 0 0 0 0 0 0 0 0 0 0 0 0 0 0 0 0 0 0 0 0 0 0 0 0 0 0 0 0 0 0 0 0 0 0 0 0 0 0 0 0
0 0 31 40 36 0 0 0 44 40 34 0 0 0 0 0 0 0 0 0 0 0 30 26 0 34 30 0 0 0 0 0 0 0 0 0 0 0 0 0 0 0 0 0 0 0 0 0 0 0 0 0 0 0 0 0 0 0 0 0 0 0 0 0 0 0 0 0 0 0 0 0 0 0 0 0 0 0 0 0 0 0 0 0 0 0 0 0 0 0 0 0 0 0 0 0 0 0 0 0 0 0 0 0 0 0 0 0 0 0 0 0 0 0 0 0 0 0 0 0 0 0 0 0 0 0 0 0 0 0 0 0 0 0 0 0 0 0
0 0 0 0 0 27 0 0 0 0 0 0 0 0 0 0 0 0 0 0 0 0 0 0 0 0 0 0 0 0 0 0 0 0 0 0 0 0 0 0 0 0 0 0 0 0 0 0 0 0 0 0 0 0 0 0 0 0 0 0 0 0 0 0 0 0 0 0 0 0 0 0 0 0 0 0 0 0 0 0 0 0 0 0 0 0 0 0 0 0 0 0 0 0 0 0 0 0 0 0 0 0 0 0 0 0 0 0 0 0 0 0 0 0 0 0 0 0 0 0 0 0 0 0 0 0 0 0 0 0 0 0 0 0 0 0 0 0
0 0 0 0 0 0 72 67 62 0 0 70 0 0 0 0 0 0 0 0 0 0 0 0 57 52 0 0 0 0 0 0 0 0 0 0 0 0 0 0 0 0 0 0 0 0 0 0 0 0 0 0 0 0 0 0 0 0 0 0 0 0 0 0 0 0 0 0 0 0 0 0 0 0 0 0 0 0 0 0 0 0 0 0 0 0 0 0 0 0 0 0 0 0 0 0 0 0 0 0 0 0 0 0 0 0 0 0 0 0 0 0 0 0 0 0 0 0 0 0 0 0 0 0 0 0 0 0 0 0 0 0 0 0 0 0 0 0
0 0 0 53 0 0 67 63 58 53 0 67 61 0 0 0 0 0 0 0 0 0 43 0 53 48 43 0 0 0 0 0 0 0 0 0 0 0 0 0 0 0 0 0 0 0 0 0 0 0 0 0 0 0 0 0 0 0 0 0 0 0 0 0 0 0 0 0 0 0 0 0 0 0 0 0 0 0 0 0 0 0 0 0 0 0 0 0 0 0 0 0 0 0 0 0 0 0 0 0 0 0 0 0 0 0 0 0 0 0 0 0 0 0 0 0 0 0 0 0 0 0 0 0 0 0 0 0 0 0 0 0 0 0 0 0 0 0
0 0 0 49 44 0 62 58 54 49 44 62 58 0 0 0 0 0 0 0 0 0 39 34 48 44 39 0 0 0 0 0 0 0 0 0 0 0 0 0 0 0 0 0 0 0 0 0 0 0 0 0 0 0 0 0 0 0 0 0 0 0 0 0 0 0 0 0 0 0 0 0 0 0 0 0 0 0 0 0 0 0 0 0 0 0 0 0 0 0 0 0 0 0 0 0 0 0 0 0 0 0 0 0 0 0 0 0 0 0 0 0 0 0 0 0 0 0 0 0 0 0 0 0 0 0 0 0 0 0 0 0 0 0 0 0 0 0
0 0 35 43 40 0 0 53 49 45 40 0 53 0 0 0 0 0 0 0 0 0 33 30 43 39 35 0 0 0 0 0 0 0 0 0 0 0 0 0 0 0 0 0 0 0 0 0 0 0 0 0 0 0 0 0 0 0 0 0 0 0 0 0 0 0 0 0 0 0 0 0 0 0 0 0 0 0 0 0 0 0 0 0 0 0 0 0 0 0 0 0 0 0 0 0 0 0 0 0 0 0 0 0 0 0 0 0 0 0 0 0 0 0 0 0 0 0 0 0 0 0 0 0 0 0 0 0 0 0 0 0 0 0 0 0 0 0
0 0 0 0 34 0 0 0 44 40 36 0 0 0 0 0 0 0 0 0 0 0 0 24 0 34 30 0 0 0 0 0 0 0 0 0 0 0 0 0 0 0 0 0 0 0 0 0 0 0 0 0 0 0 0 0 0 0 0 0 0 0 0 0 0 0 0 0 0 0 0 0 0 0 0 0 0 0 0 0 0 0 0 0 0 0 0 0 0 0 0 0 0 0 0 0 0 0 0 0 0 0 0 0 0 0 0 0 0 0 0 0 0 0 0 0 0 0 0 0 0 0 0 0 0 0 0 0 0 0 0 0 0 0 0 0 0 0
0 0 0 0 0 0 70 67 62 0 0 72 67 0 0 0 0 0 0 0 0 0 0 0 57 52 0 0 0 0 0 0 0 0 0 0 0 0 0 0 0 0 0 0 0 0 0 0 0 0 0 0 0 0 0 0 0 0 0 0 0 0 0 0 0 0 0 0 0 0 0 0 0 0 0 0 0 0 0 0 0 0 0 0 0 0 0 0 0 0 0 0 0 0 0 0 0 0 0 0 0 0 0 0 0 0 0 0 0 0 0 0 0 0 0 0 0 0 0 0 0 0 0 0 0 0 0 0 0 0 0 0 0 0 0 0 0 0
0 0 0 53 0 0 0 61 58 53 0 67 63 0 0 0 0 0 0 0 0 0 43 0 51 48 43 0 0 0 0 0 0 0 0 0 0 0 0 0 0 0 0 0 0 0 0 0 0 0 0 0 0 0 0 0 0 0 0 0 0 0 0 0 0 0 0 0 0 0 0 0 0 0 0 0 0 0 0 0 0 0 0 0 0 0 0 0 0 0 0 0 0 0 0 0 0 0 0 0 0 0 0 0 0 0 0 0 0 0 0 0 0 0 0 0 0 0 0 0 0 0 0 0 0 0 0 0 0 0 0 0 0 0 0 0 0 0
0 0 0 0 0 0 0 0 0 0 0 0 0 27 0 0 0 0 0 0 0 22 0 0 0 0 0 30 35 0 25 0 0 0 0 0 0 0 0 0 0 26 31 0 21 0 0 0 0 0 0 0 0 0 0 0 0 0 0 0 0 0 0 0 0 0 0 0 0 0 0 0 0 0 0 0 0 0 0 0 0 0 0 0 0 0 0 0 0 0 0 0 0 0 0 0 0 0 0 0 0 0 0 0 0 35 0 0 0 0 0 0 0 0 0 0 0 0 0 0 0 0 0 0 0 0 0 0 0 0 0 0 0 0 0 0 0 0
0 0 0 0 0 0 0 0 0 0 0 0 0 0 0 8 4 0 0 0 8 0 12 8 0 0 12 16 0 8 12 0 2 0 0 0 6 0 0 0 0 12 0 4 8 2 0 0 0 0 0 2 0 0 0 0 2 0 0 0 0 0 0 0 0 0 0 0 0 0 0 0 0 0 0 0 0 0 0 0 0 0 0 0 0 0 0 0 0 0 0 0 0 0 0 0 0 0 0 0 0 0 0 0 0 0 6 2 0 0 0 0 0 0 0 0 0 0 0 0 0 0 0 0 0 0 0 0 0 0 0 0 0 0 0 0 0 0
0 0 0 0 0 0 0 0 0 0 0 0 0 0 8 18 13 0 26 22 16 0 22 17 30 26 20 0 0 16 0 8 12 0 16 12 16 0 0 0 16 0 0 12 0 13 8 0 0 21 17 11 0 0 0 21 11 20 0 0 0 0 0 0 0 0 0 0 0 0 0 0 0 0 0 0 0 0 0 0 0 0 0 0 0 0 0 0 0 0 0 0 0 0 0 0 0 0 0 0 0 0 0 0 0 0 16 11 14 11 6 0 0 0 0 0 0 0 0 0 0 0 0 0 0 0 0 0 0 0 0 0 0 0 0 0 0 0
0 0 0 0 0 0 0 0 0 0 0 0 0 0 4 13 9 0 0 17 13 0 17 13 0 21 17 0 0 12 15 2 7 0 0 5 11 15 0 0 0 0 0 8 12 8 4 0 0 0 12 8 12 0 0 0 7 15 0 0 0 0 0 0 0 0 0 0 0 0 0 0 0 0 0 0 0 0 0 0 0 0 0 0 0 0 0 0 0 0 0 0 0 0 0 0 0 0 0 0 0 0 0 0 0 0 11 7 0 5 2 0 0 0 0 0 0 0 0 0 0 0 0 0 0 0 0 0 0 0 0 0 0 0 0 0 0 0
0 0 0 0 0 0 0 0 0 0 0 0 0 0 0 0 0 45 40 35 0 0 0 0 44 39 0 0 0 0 0 0 0 35 30 25 0 0 39 33 0 0 0 0 0 0 0 0 40 35 30 0 0 44 38 0 0 33 0 0 0 0 0 0 0 0 0 0 0 0 0 0 0 0 0 0 0 0 0 0 0 0 0 0 0 0 0 0 0 0 0 0 0 0 0 0 0 0 0 0 0 0 0 0 0 0 0 0 30 25 0 0 0 0 0 0 0 0 0 0 0 0 0 0 0 0 0 0 0 0 0 0 0 0 0 0 0 0
0 0 0 0 0 0 0 0 0 0 0 0 0 0 0 26 0 40 36 31 26 0 30 0 40 35 30 0 0 0 0 16 0 30 26 21 24 0 34 30 24 0 0 0 0 21 0 0 35 31 26 21 0 39 35 29 0 29 0 0 0 0 0 0 0 0 0 0 0 0 0 0 0 0 0 0 0 0 0 0 0 0 0 0 0 0 0 0 0 0 0 0 0 0 0 0 0 0 0 0 0 0 0 0 0 0 24 0 26 21 16 0 0 0 0 0 0 0 0 0 0 0 0 0 0 0 0 0 0 0 0 0 0 0 0 0 0 0
0 0 0 0 0 0 0 0 0 0 0 0 0 0 0 22 17 35 31 27 22 0 26 21 35 31 26 0 0 0 0 12 15 25 21 17 21 25 0 25 21 0 0 0 0 17 12 0 30 26 22 17 20 0 30 26 15 25 0 0 0 0 0 0 0 0 0 0 0 0 0 0 0 0 0 0 0 0 0 0 0 0 0 0 0 0 0 0 0 0 0 0 0 0 0 0 0 0 0 0 0 0 0 0 0 0 21 15 21 17 12 0 0 0 0 0 0 0 0 0 0 0 0 0 0 0 0 0 0 0 0 0 0 0 0 0 0 0
0 0 0 0 0 0 0 0 0 0 0 0 0 0 8 16 13 0 26 22 18 0 20 17 30 26 22 0 0 16 0 6 11 0 14 11 16 20 0 0 14 0 0 12 0 11 8 0 0 21 17 13 17 0 0 21 11 20 0 0 0 0 0 0 0 0 0 0 0 0 0 0 0 0 0 0 0 0 0 0 0 0 0 0 0 0 0 0 0 0 0 0 0 0 0 0 0 0 0 0 0 0 0 0 0 0 16 12 16 12 8 0 0 0 0 0 0 0 0 0 0 0 0 0 0 0 0 0 0 0 0 0 0 0 0 0 0 0
12 8 0 0 0 0 0 0 0 0 0 0 0 22 0 0 0 0 0 0 0 18 0 0 0 0 0 0 0 0 0 0 0 0 0 0 0 0 0 0 0 21 26 0 16 0 0 0 0 0 0 0 0 0 0 0 0 0 0 0 0 0 0 0 0 0 0 0 0 0 0 0 0 0 0 0 0 0 0 0 0 0 0 0 0 0 0 0 0 0 0 0 0 0 0 0 0 0 0 0 0 0 0 0 0 0 0 0 0 0 0 26 0 0 0 0 0 0 0 0 0 0 0 0 0 0 0 0 0 0 0 0 0 0 0 0 0 0
0 0 25 35 30 0 0 43 39 33 0 0 43 0 12 22 17 0 30 26 20 0 27 22 35 31 25 0 0 0 0 0 0 0 0 0 0 0 0 0 0 0 0 15 0 17 12 0 0 25 21 15 0 0 0 25 17 26 0 0 0 0 0 0 0 0 0 0 0 0 0 0 0 0 0 0 0 0 0 0 0 0 0 0 0 0 0 0 0 0 0 0 0 0 0 0 0 0 0 0 0 0 0 0 0 0 0 0 0 0 0 0 25 20 0 23 20 15 0 23 0 0 0 0 0 0 0 0 0 0 0 0 0 0 0 0 0 0
0 0 21 30 26 0 0 0 34 30 24 0 0 0 8 17 13 0 0 21 17 0 22 18 0 26 22 0 0 0 0 0 0 0 0 0 0 0 0 0 0 0 0 12 16 12 8 0 0 0 16 12 16 0 0 0 13 21 0 0 0 0 0 0 0 0 0 0 0 0 0 0 0 0 0 0 0 0 0 0 0 0 0 0 0 0 0 0 0 0 0 0 0 0 0 0 0 0 0 0 0 0 0 0 0 0 0 0 0 0 0 0 20 16 0 0 14 11 6 0 0 0 0 0 0 0 0 0 0 0 0 0 0 0 0 0 0 0
0 0 0 43 0 0 57 53 48 43 0 57 51 0 0 30 0 44 40 35 30 0 35 0 45 40 35 0 0 0 0 0 0 0 0 0 0 0 0 0 0 0 0 0 0 25 0 0 39 35 30 25 0 43 39 33 0 35 0 0 0 0 0 0 0 0 0 0 0 0 0 0 0 0 0 0 0 0 0 0 0 0 0 0 0 0 0 0 0 0 0 0 0 0 0 0 0 0 0 0 0 0 0 0 0 0 0 0 0 0 0 0 33 0 39 35 30 25 0 33 0 0 0 0 0 0 0 0 0 0 0 0 0 0 0 0 0 0
0 0 0 39 34 0 52 48 44 39 34 52 48 0 0 26 21 39 35 31 26 0 31 26 40 36 31 0 0 0 0 0 0 0 0 0 0 0 0 0 0 0 0 0 0 21 16 0 34 30 26 21 24 0 34 30 21 31 0 0 0 0 0 0 0 0 0 0 0 0 0 0 0 0 0 0 0 0 0 0 0 0 0 0 0 0 0 0 0 0 0 0 0 0 0 0 0 0 0 0 0 0 0 0 0 0 0 0 0 0 0 0 30 24 34 30 26 21 16 30 0 0 0 0 0 0 0 0 0 0 0 0 0 0 0 0 0 0
0 0 25 33 30 0 0 43 39 35 30 0 43 0 12 20 17 0 30 26 22 0 25 22 35 31 27 0 0 0 0 0 0 0 0 0 0 0 0 0 0 0 0 15 0 15 12 0 0 25 21 17 21 0 0 25 17 26 0 0 0 0 0 0 0 0 0 0 0 0 0 0 0 0 0 0 0 0 0 0 0 0 0 0 0 0 0 0 0 0 0 0 0 0 0 0 0 0 0 0 0 0 0 0 0 0 0 0 0 0 0 0 25 21 0 25 21 17 12 25 0 0 0 0 0 0 0 0 0 0 0 0 0 0 0 0 0 0
0 0 0 0 0 0 0 0 0 0 0 0 0 30 16 0 0 0 0 0 0 0 0 0 0 0 0 36 40 26 31 0 0 0 0 0 0 0 0 0 0 31 35 21 26 0 0 0 0 0 0 0 0 0 0 0 0 0 0 0 0 0 0 0 0 0 0 0 0 0 0 0 0 44 48 34 39 0 0 0 0 0 0 0 0 0 0 0 40 44 30 35 0 0 0 0 0 0 0 0 0 0 0 0 0 38 0 0 0 0 0 0 0 0 0 0 0 0 0 0 0 0 0 0 0 0 0 0 0 48 0 0 0 0 0 0 0 0
0 0 0 0 0 0 0 0 0 0 0 0 0 35 0 0 0 0 0 0 0 0 0 0 0 0 0 40 45 0 35 0 0 0 0 0 0 0 0 0 0 35 40 0 30 0 0 0 0 0 0 0 0 0 0 0 0 0 0 0 0 0 0 0 0 0 0 0 0 0 0 0 0 48 53 0 43 0 0 0 0 0 0 0 0 0 0 0 44 49 0 39 0 0 0 0 0 0 0 0 0 0 0 0 0 43 0 0 0 0 0 0 0 0 0 0 0 0 0 0 0 0 0 0 0 0 0 0 0 53 0 0 0 0 0 0 0 0
0 0 0 0 0 0 0 0 0 0 0 0 0 0 8 16 12 0 0 0 16 0 0 0 0 0 0 26 0 18 22 8 13 0 0 0 16 0 0 0 0 21 0 13 17 12 8 0 0 0 0 11 0 0 0 0 11 0 0 0 0 0 0 0 0 0 0 0 0 0 0 0 0 34 0 26 30 16 21 0 0 0 0 14 0 0 0 0 30 0 22 26 0 12 17 0 0 0 0 11 0 0 0 0 0 0 16 11 0 0 6 0 0 0 0 0 0 0 0 0 0 0 0 0 0 0 0 0 0 0 16 21 0 0 14 0 0 0
0 0 0 0 0 0 0 0 0 0 0 0 0 25 12 0 15 0 0 0 0 0 0 0 0 0 0 31 35 22 27 0 17 0 0 0 0 25 0 0 0 26 30 17 22 0 12 0 0 0 0 0 20 0 0 0 15 0 0 0 0 0 0 0 0 0 0 0 0 0 0 0 0 39 43 30 35 0 25 0 0 0 0 0 23 0 0 0 35 39 26 31 0 0 21 0 0 0 0 0 20 0 0 0 0 33 0 15 0 0 0 0 0 0 0 0 0 0 0 0 0 0 0 0 0 0 0 0 0 43 0 25 0 0 0 0 0 0
0 0 0 0 0 0 0 0 0 0 0 0 0 0 0 8 2 0 16 12 6 0 0 0 0 0 0 0 0 8 0 0 4 0 8 4 8 0 0 0 8 0 0 2 0 4 0 0 0 12 8 2 0 0 0 12 2 12 0 0 0 0 0 0 0 0 0 0 0 0 0 0 0 0 0 16 0 8 12 0 0 0 2 6 0 0 0 6 0 0 12 0 8 4 8 0 0 2 0 2 0 0 0 2 0 0 8 2 6 2 0 0 0 0 0 0 0 0 0 0 0 0 0 0 0 0 0 0 0 0 8 12 6 2 6 0 0 0
0 0 0 0 0 0 0 0 0 0 0 0 0 0 2 12 7 0 0 15 11 0 0 0 0 0 0 0 0 13 17 4 9 0 0 7 13 17 0 0 0 0 0 8 12 8 4 0 0 0 12 8 12 0 0 0 7 15 0 0 0 0 0 0 0 0 0 0 0 0 0 0 0 0 0 21 25 12 17 0 0 0 5 11 15 0 0 0 0 0 17 21 11 8 13 0 0 0 2 7 11 0 0 0 11 0 12 7 0 5 2 0 0 0 0 0 0 0 0 0 0 0 0 0 0 0 0 0 0 0 12 17 0 5 11 0 0 0
0 0 0 0 0 0 0 0 0 0 0 0 0 0 0 0 0 35 30 25 0 0 0 0 0 0 0 0 0 0 0 0 0 27 22 17 0 0 31 25 0 0 0 0 0 0 0 0 31 26 21 0 0 35 29 0 0 25 0 0 0 0 0 0 0 0 0 0 0 0 0 0 0 0 0 0 0 0 0 0 17 12 15 0 0 21 15 0 0 0 0 0 21 0 0 0 22 17 12 0 0 26 20 0 0 0 0 0 20 15 0 0 0 0 0 0 0 0 0 0 0 0 0 0 0 0 0 0 0 0 0 0 20 15 0 0 0 0
0 0 0 0 0 0 0 0 0 0 0 0 0 0 0 16 0 30 26 21 14 0 0 0 0 0 0 0 0 0 0 8 0 22 18 13 16 0 26 22 16 0 0 0 0 12 0 0 26 22 17 11 0 30 26 20 0 21 0 0 0 0 0 0 0 0 0 0 0 0 0 0 0 0 0 0 0 16 0 0 12 8 12 16 0 16 12 16 0 0 0 0 17 12 0 0 17 13 8 11 0 21 17 11 0 0 16 0 16 11 6 0 0 0 0 0 0 0 0 0 0 0 0 0 0 0 0 0 0 0 16 0 16 11 14 0 0 0
0 0 0 0 0 0 0 0 0 0 0 0 0 0 0 12 5 25 21 17 11 0 0 0 0 0 0 0 0 0 0 4 7 17 13 9 13 17 0 17 13 0 0 0 0 8 2 0 21 17 13 7 11 0 21 17 5 17 0 0 0 0 0 0 0 0 0 0 0 0 0 0 0 0 0 0 0 12 15 0 5 2 7 11 15 0 5 11 0 0 0 0 12 8 12 0 12 8 4 8 12 0 12 8 12 0 12 5 11 7 2 0 0 0 0 0 0 0 0 0 0 0 0 0 0 0 0 0 0 0 12 15 11 7 11 0 0 0
0 0 0 0 0 0 0 0 0 0 0 0 0 0 6 16 11 0 24 21 16 0 0 0 0 0 0 0 0 16 0 8 13 0 16 13 18 22 0 0 16 0 0 11 0 12 8 0 0 21 17 13 17 0 0 21 11 21 0 0 0 0 0 0 0 0 0 0 0 0 0 0 0 0 0 24 0 16 21 0 0 6 11 16 20 0 0 14 0 0 21 0 0 12 17 0 0 11 8 13 17 0 0 11 17 0 16 12 16 12 8 0 0 0 0 0 0 0 0 0 0 0 0 0 0 0 0 0 0 0 16 21 14 11 16 0 0 0
0 0 0 0 0 0 0 0 0 0 0 0 0 0 0 0 15 0 0 25 20 0 0 0 0 0 0 0 0 0 25 0 17 0 0 17 22 27 0 0 0 0 0 0 20 0 12 0 0 0 21 17 22 0 0 0 15 25 0 0 0 0 0 0 0 0 0 0 0 0 0 0 0 0 0 0 33 0 25 0 0 0 15 20 25 0 0 0 0 0 0 30 0 0 21 0 0 0 12 17 22 0 0 0 20 0 0 15 0 15 12 0 0 0 0 0 0 0 0 0 0 0 0 0 0 0 0 0 0 0 0 25 0 15 20 0 0 0
0 0 0 0 0 0 0 0 0 0 0 0 0 0 0 0 0 39 34 0 0 0 0 0 0 0 0 0 0 0 0 0 0 31 26 0 0 0 36 31 26 0 0 0 0 0 0 0 35 30 0 0 0 40 35 30 0 0 0 0 0 0 0 0 0 0 0 0 0 0 0 0 0 0 0 0 0 0 0 0 21 16 0 0 0 26 21 24 0 0 0 0 0 0 0 0 26 21 0 0 0 31 26 21 0 0 0 0 24 0 0 0 0 0 0 0 0 0 0 0 0 0 0 0 0 0 0 0 0 0 0 0 24 0 0 0 0 0
0 0 0 0 0 0 0 0 0 0 0 0 0 0 0 0 0 33 30 25 0 0 0 0 0 0 0 0 0 0 0 0 0 25 22 17 0 0 31 27 22 0 0 0 0 0 0 0 29 26 21 0 0 35 31 26 0 25 0 0 0 0 0 0 0 0 0 0 0 0 0 0 0 0 0 0 0 0 0 0 15 12 15 0 0 21 17 21 0 0 0 0 21 0 0 0 20 17 12 0 0 26 22 17 20 0 0 0 20 15 0 0 0 0 0 0 0 0 0 0 0 0 0 0 0 0 0 0 0 0 0 0 21 15 0 0 0 0
0 0 0 0 0 0 0 0 0 0 0 0 0 0 0 16 0 0 24 21 14 0 0 0 0 0 0 0 0 0 0 8 0 0 16 13 16 0 26 22 18 0 0 0 0 12 0 0 0 20 17 11 0 30 26 22 0 21 0 0 0 0 0 0 0 0 0 0 0 0 0 0 0 0 0 0 0 16 0 0 0 6 11 14 0 14 11 16 0 0 0 0 0 12 0 0 0 11 8 11 0 21 17 13 17 0 16 0 14 11 6 0 0 0 0 0 0 0 0 0 0 0 0 0 0 0 0 0 0 0 16 0 16 12 16 0 0 0
0 0 0 0 0 0 0 0 0 0 0 0 0 26 12 0 0 0 0 0 0 21 0 0 0 0 0 31 35 21 26 0 0 0 0 0 0 0 0 0 0 27 31 17 22 0 0 0 0 0 0 0 0 0 0 0 0 0 0 0 0 0 0 0 0 0 0 0 0 0 0 0 0 0 0 0 0 0 0 0 0 0 0 0 0 0 0 0 35 39 25 30 0 0 0 0 0 0 0 0 0 0 0 0 0 35 0 0 0 0 0 29 0 0 0 0 0 0 0 0 0 0 0 0 0 0 0 0 0 0 0 0 0 0 0 0 0 0
0 0 0 0 0 0 0 0 0 0 0 0 0 31 0 0 0 0 0 0 0 26 0 0 0 0 0 35 40 0 30 0 0 0 0 0 0 0 0 0 0 31 36 0 26 0 0 0 0 0 0 0 0 0 0 0 0 0 0 0 0 0 0 0 0 0 0 0 0 0 0 0 0 0 0 0 0 0 0 0 0 0 0 0 0 0 0 0 39 44 0 34 0 0 0 0 0 0 0 0 0 0 0 0 0 40 0 0 0 0 0 34 0 0 0 0 0 0 0 0 0 0 0 0 0 0 0 0 0 0 0 0 0 0 0 0 0 0
0 0 0 0 0 0 0 0 0 0 0 0 0 0 4 12 8 0 0 0 12 0 15 12 0 0 15 21 0 13 17 2 8 0 0 0 11 0 0 0 0 17 0 9 13 7 4 0 0 0 0 7 0 0 0 0 8 0 0 0 0 0 0 0 0 0 0 0 0 0 0 0 0 0 0 0 0 0 0 0 0 0 0 0 0 0 0 0 25 0 17 21 0 5 12 0 0 0 0 5 0 0 0 0 0 0 11 8 0 0 2 0 15 12 0 0 0 5 0 0 0 0 0 0 0 0 0 0 0 0 0 0 0 0 0 15 12 0
0 0 0 0 0 0 0 0 0 0 0 0 0 21 8 0 12 0 0 0 0 16 0 16 0 0 0 26 30 17 22 0 12 0 0 0 0 20 0 0 0 22 26 13 18 0 8 0 0 0 0 0 16 0 0 0 12 0 0 0 0 0 0 0 0 0 0 0 0 0 0 0 0 0 0 0 0 0 0 0 0 0 0 0 0 0 0 0 30 34 21 26 0 0 16 0 0 0 0 0 14 0 0 0 0 30 0 12 0 0 0 24 0 16 0 0 0 0 6 0 0 0 0 0 0 0 0 0 0 0 0 0 0 0 0 0 16 0
0 0 0 0 0 0 0 0 0 0 0 0 0 0 2 13 8 0 21 17 11 0 17 12 25 21 15 0 0 12 0 4 8 0 12 8 12 0 0 0 12 0 0 7 0 9 4 0 0 17 13 7 0 0 0 17 8 17 0 0 0 0 0 0 0 0 0 0 0 0 0 0 0 0 0 0 0 0 0 0 0 0 0 0 0 0 0 0 0 0 15 0 11 7 12 0 0 5 2 5 0 0 0 5 0 0 13 8 11 7 2 0 17 12 0 15 11 5 0 15 0 0 0 0 0 0 0 0 0 0 0 0 0 0 0 17 12 11
0 0 0 0 0 0 0 0 0 0 0 0 0 0 0 8 4 0 0 12 8 0 12 8 0 16 12 0 0 8 12 0 4 0 0 2 8 12 0 0 0 0 0 4 8 4 0 0 0 0 8 4 8 0 0 0 4 12 0 0 0 0 0 0 0 0 0 0 0 0 0 0 0 0 0 0 0 0 0 0 0 0 0 0 0 0 0 0 0 0 12 16 6 2 8 0 0 0 0 2 6 0 0 0 6 0 8 4 0 2 0 0 12 8 0 0 6 2 0 0 0 0 0 0 0 0 0 0 0 0 0 0 0 0 0 12 8 6
0 0 0 0 0 0 0 0 0 0 0 0 0 0 0 0 0 0 0 0 0 0 0 0 0 0 0 0 0 0 0 0 0 0 0 0 0 0 0 0 0 0 0 0 0 0 0 27 0 0 0 0 0 0 0 0 0 0 0 0 0 0 0 0 0 0 0 0 0 0 0 0 0 0 0 0 0 0 0 0 0 0 0 0 0 0 0 0 0 0 0 0 0 0 0 35 0 0 0 0 0 0 0 0 0 0 0 0 0 0 0 0 0 0 0 0 0 0 0 0 0 0 0 0 0 0 0 0 0 0 0 0 0 0 0 0 0 0
0 0 0 0 0 0 0 0 0 0 0 0 0 0 0 0 0 40 35 30 0 0 0 0 39 34 0 0 0 0 0 0 0 31 26 21 0 0 35 29 0 0 0 0 0 0 0 0 36 31 26 0 0 40 34 0 0 30 0 0 0 0 0 0 0 0 0 0 0 0 0 0 0 0 0 0 0 0 0 0 0 0 0 0 0 0 0 0 0 0 0 0 24 0 0 0 26 21 16 0 0 30 24 0 0 0 0 0 26 21 0 0 0 0 34 29 24 0 0 0 0 0 0 0 0 0 0 0 0 0 0 0 0 0 0 0 0 24
0 0 0 0 0 0 0 0 0 0 0 0 0 0 0 21 0 35 31 26 21 0 25 0 35 30 25 0 0 0 0 12 0 26 22 17 21 0 30 26 20 0 0 0 0 17 0 0 31 27 22 17 0 35 31 25 0 26 0 0 0 0 0 0 0 0 0 0 0 0 0 0 0 0 0 0 0 0 0 0 0 0 0 0 0 0 0 0 0 0 0 0 21 15 0 0 21 17 12 15 0 25 21 15 0 0 21 0 22 17 12 0 25 0 29 25 20 15 0 23 0 0 0 0 0 0 0 0 0 0 0 0 0 0 0 25 0 20
0 0 0 0 0 0 0 0 0 0 0 0 0 0 0 17 12 30 26 22 17 0 21 16 30 26 21 0 0 0 0 8 12 21 17 13 17 21 0 21 17 0 0 0 0 13 8 0 26 22 18 13 16 0 26 22 12 22 0 0 0 0 0 0 0 0 0 0 0 0 0 0 0 0 0 0 0 0 0 0 0 0 0 0 0 0 0 0 0 0 0 0 16 12 16 0 16 12 8 12 16 0 16 12 16 0 17 12 17 13 8 0 21 16 24 20 16 11 6 20 0 0 0 0 0 0 0 0 0 0 0 0 0 0 0 21 16 16
0 0 0 0 0 0 0 0 0 0 0 0 0 0 2 11 8 0 21 17 13 0 15 12 25 21 17 0 0 11 0 2 8 0 11 7 13 17 0 0 11 0 0 7 0 7 4 0 0 17 13 9 13 0 0 17 8 17 0 0 0 0 0 0 0 0 0 0 0 0 0 0 0 0 0 0 0 0 0 0 0 0 0 0 0 0 0 0 0 0 15 0 0 5 12 0 0 5 2 7 11 0 0 5 11 0 12 8 12 8 4 0 15 12 0 15 11 7 2 15 0 0 0 0 0 0 0 0 0 0 0 0 0 0 0 15 12 11
0 0 0 0 0 0 0 0 0 0 0 0 0 0 0 0 12 0 0 20 17 0 0 16 0 24 21 0 0 0 20 0 12 0 0 11 17 22 0 0 0 0 0 0 16 0 8 0 0 0 16 13 18 0 0 0 12 21 0 0 0 0 0 0 0 0 0 0 0 0 0 0 0 0 0 0 0 0 0 0 0 0 0 0 0 0 0 0 0 0 0 24 0 0 16 0 0 0 6 11 16 0 0 0 14 0 0 12 0 11 8 0 0 16 0 0 16 12 8 0 0 0 0 0 0 0 0 0 0 0 0 0 0 0 0 0 16 14
0 0 0 0 0 0 0 0 0 0 0 0 0 0 0 0 0 44 39 0 0 0 0 0 43 0 0 0 0 0 0 0 0 35 30 0 0 0 40 35 30 0 0 0 0 0 0 0 40 35 0 0 0 45 40 35 0 0 0 0 0 0 0 0 0 0 0 0 0 0 0 0 0 0 0 0 0 0 0 0 0 0 0 0 0 0 0 0 0 0 0 0 0 0 0 0 30 25 0 0 0 35 30 25 0 0 0 0 30 0 0 0 0 0 38 33 0 0 0 33 0 0 0 0 0 0 0 0 0 0 0 0 0 0 0 0 0 0
0 0 0 0 0 0 0 0 0 0 0 0 0 0 0 0 0 38 35 30 0 0 0 0 39 34 0 0 0 0 0 0 0 29 26 21 0 0 35 31 26 0 0 0 0 0 0 0 34 31 26 0 0 40 36 31 0 30 0 0 0 0 0 0 0 0 0 0 0 0 0 0 0 0 0 0 0 0 0 0 0 0 0 0 0 0 0 0 0 0 0 0 24 0 0 0 24 21 16 0 0 30 26 21 24 0 0 0 26 21 0 0 0 0 32 29 24 0 0 29 0 0 0 0 0 0 0 0 0 0 0 0 0 0 0 0 0 24
0 0 0 0 0 0 0 0 0 0 0 0 0 0 0 21 0 0 29 26 21 0 25 0 33 30 25 0 0 0 0 12 0 0 20 17 21 0 30 26 22 0 0 0 0 17 0 0 0 25 22 17 0 35 31 27 0 26 0 0 0 0 0 0 0 0 0 0 0 0 0 0 0 0 0 0 0 0 0 0 0 0 0 0 0 0 0 0 0 0 0 0 0 15 0 0 0 15 12 15 0 25 21 17 21 0 21 0 20 17 12 0 25 0 0 23 20 15 0 25 0 0 0 0 0 0 0 0 0 0 0 0 0 0 0 25 0 21
0 0 0 0 0 0 0 0 0 0 0 0 0 0 2 11 7 0 0 15 11 0 17 13 0 21 17 0 0 11 15 2 7 0 0 5 11 15 0 0 0 0 0 8 12 8 4 0 0 0 12 8 12 0 0 0 9 17 0 21 17 0 25 0 0 0 0 0 0 0 0 0 0 0 0 0 0 0 0 0 0 0 0 0 0 0 0 0 0 0 0 0 0 0 0 0 0 0 0 0 0 0 0 0 0 0 11 7 0 5 2 0 17 13 0 0 11 7 2 0 0 0 0 0 0 0 0 0 0 0 0 0 0 0 0 0 0 0
0 0 0 0 0 0 0 0 0 0 0 0 0 0 0 20 15 33 29 25 20 0 26 21 35 31 26 0 0 0 0 12 15 25 21 17 21 25 0 25 21 0 0 0 0 17 12 0 30 26 22 17 21 0 30 26 17 27 0 30 25 39 35 0 0 0 0 0 0 0 0 0 0 0 0 0 0 0 0 0 0 0 0 0 0 0 0 0 0 0 0 0 0 0 0 0 0 0 0 0 0 0 0 0 0 0 21 15 21 17 12 0 26 21 30 26 22 17 12 26 0 0 0 0 0 0 0 0 0 0 0 0 0 0 0 0 0 0
0 0 0 0 0 0 0 0 0 0 0 0 0 0 0 0 0 0 0 0 0 0 0 0 0 0 0 0 0 0 0 0 0 0 0 0 0 0 0 0 0 0 0 0 0 0 0 0 0 0 0 0 0 0 0 0 0 0 27 0 0 0 0 0 0 0 0 0 0 0 0 0 0 0 0 0 0 0 0 0 0 0 0 0 0 0 0 0 0 0 0 0 0 0 0 0 0 0 0 0 0 0 0 0 0 0 0 0 0 0 0 0 0 0 0 0 0 0 0 0 0 0 0 0 0 0 0 0 0 0 0 0 0 0 0 0 0 0
0 0 0 0 0 0 0 0 0 0 0 0 0 0 0 0 0 0 0 0 0 0 0 0 0 0 0 0 0 0 0 0 0 0 0 0 0 0 0 0 0 0 0 0 0 0 0 0 0 0 0 0 0 0 0 0 21 30 0 36 31 44 40 0 0 0 0 0 0 0 0 0 0 0 0 0 0 0 0 0 0 0 0 0 0 0 0 0 0 0 0 0 0 0 0 0 0 0 0 0 0 0 0 0 0 0 0 0 0 0 0 0 0 0 0 0 0 0 0 0 0 0 0 0 0 0 0 0 0 0 0 0 0 0 0 0 0 0
0 0 0 0 0 0 0 0 0 0 0 0 0 0 0 0 0 0 0 0 0 0 0 0 0 0 0 0 0 0 0 0 0 0 0 0 0 0 0 0 0 0 0 0 0 0 0 0 0 0 0 0 0 0 0 0 17 25 0 31 27 0 35 0 0 0 0 0 0 0 0 0 0 0 0 0 0 0 0 0 0 0 0 0 0 0 0 0 0 0 0 0 0 0 0 0 0 0 0 0 0 0 0 0 0 0 0 0 0 0 0 0 0 0 0 0 0 0 0 0 0 0 0 0 0 0 0 0 0 0 0 0 0 0 0 0 0 0
0 0 0 0 0 0 0 0 0 0 0 0 0 0 0 0 0 0 0 0 0 0 0 0 0 0 0 0 0 0 0 0 0 0 0 0 0 0 0 0 0 0 0 0 0 0 0 0 0 0 0 0 0 0 0 0 0 39 0 44 0 54 49 0 0 0 0 0 0 0 0 0 0 0 0 0 0 0 0 0 0 0 0 0 0 0 0 0 0 0 0 0 0 0 0 0 0 0 0 0 0 0 0 0 0 0 0 0 0 0 0 0 0 0 0 0 0 0 0 0 0 0 0 0 0 0 0 0 0 0 0 0 0 0 0 0 0 0
0 0 0 0 0 0 0 0 0 0 0 0 0 0 0 0 0 0 0 0 0 0 0 0 0 0 0 0 0 0 0 0 0 0 0 0 0 0 0 0 0 0 0 0 0 0 0 0 0 0 0 0 0 0 0 0 25 35 0 40 35 49 45 0 0 0 0 0 0 0 0 0 0 0 0 0 0 0 0 0 0 0 0 0 0 0 0 0 0 0 0 0 0 0 0 0 0 0 0 0 0 0 0 0 0 0 0 0 0 0 0 0 0 0 0 0 0 0 0 0 0 0 0 0 0 0 0 0 0 0 0 0 0 0 0 0 0 0
0 0 0 0 0 0 0 0 0 0 0 0 0 0 0 0 0 0 0 0 0 0 0 0 0 0 0 0 0 0 0 0 0 0 0 0 0 0 0 0 0 0 0 0 0 0 0 0 0 0 0 0 0 0 0 0 0 0 0 0 0 0 0 63 67 0 0 0 0 0 0 0 0 58 62 48 53 0 0 0 0 0 0 0 0 0 0 0 53 57 43 48 0 0 0 0 0 0 0 0 0 0 0 0 0 0 0 0 0 0 0 0 0 0 0 0 0 0 0 0 71 0 0 65 0 0 0 0 0 0 0 0 0 0 0 0 0 0
0 0 0 0 0 0 0 0 0 0 0 0 0 0 0 0 0 0 0 0 0 0 0 0 0 0 0 0 0 0 0 0 0 0 0 0 0 0 0 0 0 0 0 0 0 0 0 0 0 0 0 0 0 0 0 0 0 0 0 0 0 0 0 67 72 0 0 0 0 0 0 0 0 62 67 0 57 0 0 0 0 0 0 0 0 0 0 0 57 62 0 52 0 0 0 0 0 0 0 0 0 0 0 0 0 0 0 0 0 0 0 0 0 0 0 0 0 0 0 0 76 0 0 70 0 0 0 0 0 0 0 0 0 0 0 0 0 0
0 0 0 0 0 0 0 0 0 0 0 0 0 0 0 0 0 0 0 0 0 0 0 0 0 0 0 0 0 0 0 0 0 0 0 0 0 0 0 0 0 0 0 0 0 0 0 0 0 0 0 0 0 0 0 0 0 0 0 0 0 0 0 0 0 27 31 0 17 22 25 0 0 0 0 30 0 22 26 0 0 12 17 20 0 0 0 20 0 0 25 0 21 17 21 0 0 15 12 15 0 0 0 15 0 0 0 0 0 0 0 0 0 0 0 0 0 0 0 0 0 31 26 0 25 29 15 20 23 0 0 0 0 0 0 0 0 0
0 0 0 0 0 0 0 0 0 0 0 0 0 0 0 0 0 0 0 0 0 0 0 0 0 0 0 0 0 0 0 0 0 0 0 0 0 0 0 0 0 0 0 0 0 0 0 0 0 0 0 0 0 0 0 0 0 0 0 0 0 0 0 0 0 31 36 0 0 26 31 34 0 0 0 35 39 26 31 0 0 0 21 26 29 0 0 0 0 0 30 34 24 21 26 0 0 0 16 21 24 0 0 0 24 0 0 0 0 0 0 0 0 0 0 0 0 0 0 0 0 35 30 0 29 34 0 24 29 0 0 0 0 0 0 0 0 0
0 0 0 0 0 0 0 0 0 0 0 0 0 0 0 0 0 0 0 0 0 0 0 0 0 0 0 0 0 0 0 0 0 0 0 0 0 0 0 0 0 0 0 0 0 0 0 0 0 0 0 0 0 0 0 0 0 0 0 0 0 0 0 0 0 0 0 0 4 8 0 0 8 0 0 0 0 0 0 0 4 0 2 0 0 8 2 0 0 0 0 0 6 0 0 0 8 2 0 0 0 12 6 0 0 0 0 0 0 0 0 0 0 0 0 0 0 0 0 0 0 0 12 0 0 0 2 6 0 0 0 0 0 0 0 0 0 0
0 0 0 0 0 0 0 0 0 0 0 0 0 0 0 0 0 0 0 0 0 0 0 0 0 0 0 0 0 0 0 0 0 0 0 0 0 0 0 0 0 0 0 0 0 0 0 0 0 0 0 0 0 0 0 0 0 0 0 0 0 0 0 0 0 17 0 4 9 13 17 0 13 0 0 0 0 12 0 0 8 4 8 12 0 12 8 12 0 0 0 0 11 5 0 0 12 7 2 5 0 15 11 5 0 0 0 0 0 0 0 0 0 0 0 0 0 0 0 0 0 21 17 0 15 0 7 11 15 0 0 0 0 0 0 0 0 0
0 0 0 0 0 0 0 0 0 0 0 0 0 0 0 0 0 0 0 0 0 0 0 0 0 0 0 0 0 0 0 0 0 0 0 0 0 0 0 0 0 0 0 0 0 0 0 0 0 0 0 0 0 0 0 0 0 0 0 0 0 0 0 0 0 22 26 8 13 18 22 26 16 0 0 0 0 17 21 0 12 8 13 17 21 0 11 17 0 0 0 0 16 12 16 0 16 12 8 12 16 0 16 12 16 0 0 0 0 0 0 0 0 0 0 0 0 0 0 0 0 26 22 0 20 24 11 16 20 0 0 0 0 0 0 0 0 0
0 0 0 0 0 0 0 0 0 0 0 0 0 0 0 0 0 0 0 0 0 0 0 0 0 0 0 0 0 0 0 0 0 0 0 0 0 0 0 0 0 0 0 0 0 0 0 0 0 0 0 0 0 0 0 0 0 0 0 0 0 0 0 0 0 25 31 0 17 22 27 31 0 0 0 30 0 20 26 0 0 12 17 22 26 0 0 20 0 0 25 0 0 15 21 0 0 15 12 17 21 0 0 15 21 0 0 0 0 0 0 0 0 0 0 0 0 0 0 0 0 29 26 0 23 29 15 20 25 0 0 0 0 0 0 0 0 0
0 0 0 0 0 0 0 0 0 0 0 0 0 0 0 0 0 0 0 0 0 0 0 0 0 0 0 0 0 0 0 0 0 0 0 0 0 0 0 0 0 0 0 0 0 0 0 0 0 0 0 0 0 0 0 0 0 0 0 0 0 0 0 0 0 0 34 0 0 26 31 36 0 0 0 0 39 0 29 0 0 0 21 26 31 0 0 0 0 0 0 34 0 0 24 0 0 0 16 21 26 0 0 0 24 0 0 0 0 0 0 0 0 0 0 0 0 0 0 0 0 0 30 0 0 32 0 24 29 0 0 0 0 0 0 0 0 0
0 0 0 0 0 0 0 0 0 0 0 0 0 0 0 0 0 0 0 0 0 0 0 0 0 0 0 0 0 0 0 0 0 0 0 0 0 0 0 0 0 0 0 0 0 0 0 0 0 0 0 0 0 0 0 0 0 0 0 0 0 0 0 0 0 0 0 8 13 16 0 0 18 0 0 0 0 0 0 0 12 8 11 0 0 17 13 17 0 0 0 0 14 0 0 0 16 11 6 0 0 21 16 11 14 0 0 0 0 0 0 0 0 0 0 0 0 0 0 0 0 0 21 0 0 0 12 16 0 0 0 0 0 0 0 0 0 0
0 0 0 0 0 0 0 0 0 0 0 0 0 0 0 0 0 0 0 0 0 0 0 0 0 0 0 44 48 34 39 0 0 0 0 0 0 0 0 0 0 0 0 0 0 0 0 0 0 0 0 0 0 0 0 0 0 0 0 0 0 0 0 58 62 0 0 0 0 0 0 0 0 54 58 44 49 0 0 0 0 0 0 0 0 0 0 0 49 53 39 44 0 0 0 0 0 0 0 0 0 0 0 0 0 48 0 0 0 0 0 0 0 0 0 0 0 0 0 0 66 0 0 62 0 0 0 0 0 56 0 0 0 0 0 0 0 0
0 0 0 0 0 0 0 0 0 0 0 0 0 0 0 0 0 0 0 0 0 0 0 0 0 0 0 48 53 0 43 0 0 0 0 0 0 0 0 0 0 0 0 0 0 0 0 0 0 0 0 0 0 0 0 0 0 0 0 0 0 0 0 62 67 0 0 0 0 0 0 0 0 58 63 0 53 0 0 0 0 0 0 0 0 0 0 0 53 58 0 48 0 0 0 0 0 0 0 0 0 0 0 0 0 53 0 0 0 0 0 0 0 0 0 0 0 0 0 0 71 0 0 67 0 0 0 0 0 61 0 0 0 0 0 0 0 0
0 0 0 0 0 0 0 0 0 0 0 0 0 0 0 0 0 0 0 0 0 0 0 0 0 0 0 34 0 26 30 16 21 0 0 0 24 0 0 0 0 0 0 0 0 0 0 0 0 0 0 0 0 0 0 0 0 0 0 0 0 0 0 48 0 30 35 0 0 0 30 0 0 44 0 36 40 26 31 0 0 0 0 26 0 0 0 0 39 0 31 35 0 21 26 0 0 0 0 21 0 0 0 0 0 0 24 21 0 0 16 0 0 0 0 0 0 0 0 0 0 34 0 0 30 35 0 0 30 0 24 29 0 0 24 0 0 0
0 0 0 0 0 0 0 0 0 0 0 0 0 0 0 0 0 0 0 0 0 0 0 0 0 0 0 39 43 30 35 0 25 0 0 0 0 33 0 0 0 0 0 0 0 0 0 0 0 0 0 0 0 0 0 0 0 0 0 0 0 0 0 53 57 0 39 0 0 0 0 39 0 49 53 40 45 0 35 0 0 0 0 0 35 0 0 0 44 48 35 40 0 0 30 0 0 0 0 0 30 0 0 0 0 43 0 25 0 0 0 0 0 0 0 0 0 0 0 0 61 0 0 57 0 39 0 0 0 51 0 33 0 0 0 0 0 0
0 0 0 0 0 0 0 0 0 0 0 0 0 0 0 0 0 0 0 0 0 0 0 0 0 0 0 0 0 16 0 8 12 0 16 12 16 0 0 0 16 0 0 0 0 0 0 0 0 0 0 0 0 0 0 0 0 0 0 0 0 0 0 0 0 22 26 0 12 17 20 0 0 0 0 26 0 18 22 0 0 8 13 16 0 0 0 16 0 0 21 0 17 13 17 0 0 12 8 11 0 0 0 11 0 0 16 11 16 11 6 0 0 0 0 0 0 0 0 0 0 26 21 0 22 26 12 17 20 0 16 20 16 11 14 0 0 0
0 0 0 0 0 0 0 0 0 0 0 0 0 0 0 0 0 0 0 0 0 0 0 0 0 0 0 0 0 21 25 12 17 0 0 15 21 25 0 0 0 0 0 0 0 0 0 0 0 0 0 0 0 0 0 0 0 0 0 0 0 0 0 0 0 26 31 0 0 21 26 29 0 0 0 31 35 22 27 0 0 0 17 22 25 0 0 0 0 0 26 30 21 17 22 0 0 0 12 17 20 0 0 0 20 0 21 17 0 15 12 0 0 0 0 0 0 0 0 0 0 30 25 0 26 31 0 21 26 0 20 25 0 15 20 0 0 0
0 0 0 0 0 0 0 0 0 0 0 0 0 0 0 0 0 0 0 0 0 0 0 0 0 0 0 0 0 0 0 0 0 0 0 0 0 0 0 0 0 0 0 0 0 0 0 0 0 0 0 0 0 0 0 0 0 0 0 0 0 0 0 0 0 0 0 0 0 0 0 0 0 0 0 0 0 0 0 54 0 0 0 0 0 0 0 0 0 0 0 0 0 0 0 49 0 0 0 0 0 0 0 0 0 0 0 0 0 0 0 0 0 0 0 0 0 0 0 0 0 0 0 0 0 0 0 0 0 0 0 0 0 0 0 0 0 0
0 0 0 0 0 0 0 0 0 0 0 0 0 0 0 0 0 0 0 0 0 0 0 0 0 0 0 0 0 0 0 0 0 17 12 5 0 0 21 15 0 0 0 0 0 0 0 0 0 0 0 0 0 0 0 0 0 0 0 0 0 0 0 0 0 0 0 4 8 12 0 0 12 0 0 0 0 0 0 0 9 4 7 0 0 13 7 0 0 0 0 0 11 0 0 0 13 8 2 0 0 17 11 0 0 0 0 0 12 5 0 0 0 0 0 0 0 0 0 0 0 0 15 0 0 0 8 11 0 0 0 0 12 5 0 0 0 0
0 0 0 0 0 0 0 0 0 0 0 0 0 0 0 0 0 0 0 0 0 0 0 0 0 0 0 0 0 0 0 0 0 12 8 2 6 0 16 12 6 0 0 0 0 0 0 0 0 0 0 0 0 0 0 0 0 0 0 0 0 0 0 0 0 12 0 0 4 8 12 0 8 0 0 0 0 8 0 0 4 0 4 8 0 8 4 8 0 0 0 0 8 2 0 0 8 4 0 2 0 12 8 2 0 0 6 0 8 2 0 0 0 0 0 0 0 0 0 0 0 16 12 0 12 0 4 8 12 0 6 0 8 2 6 0 0 0
0 0 0 0 0 0 0 0 0 0 0 0 0 0 0 0 0 0 0 0 0 0 0 0 0 0 0 0 0 0 0 2 5 15 12 7 11 15 0 15 11 0 0 0 0 0 0 0 0 0 0 0 0 0 0 0 0 0 0 0 0 0 0 0 0 17 21 2 8 13 17 21 11 0 0 0 0 13 17 0 7 4 9 13 17 0 7 13 0 0 0 0 12 8 12 0 12 8 4 8 12 0 12 8 12 0 11 5 12 7 2 0 0 0 0 0 0 0 0 0 0 21 17 0 17 21 8 13 17 0 11 15 12 7 11 0 0 0
0 0 0 0 0 0 0 0 0 0 0 0 0 0 0 0 0 0 0 0 0 0 0 0 0 0 0 0 0 14 0 6 11 0 16 11 16 20 0 0 14 0 0 0 0 0 0 0 0 0 0 0 0 0 0 0 0 0 0 0 0 0 0 0 0 20 26 0 12 17 22 26 0 0 0 26 0 16 22 0 0 8 13 18 22 0 0 16 0 0 21 0 0 11 17 0 0 12 8 13 17 0 0 11 17 0 16 12 16 12 8 0 0 0 0 0 0 0 0 0 0 24 21 0 20 26 12 17 22 0 14 20 16 11 16 0 0 0
0 0 0 0 0 0 0 0 0 0 0 0 0 0 0 0 0 0 0 0 0 0 0 0 0 0 0 0 0 0 23 0 15 0 0 15 20 25 0 0 0 0 0 0 0 0 0 0 0 0 0 0 0 0 0 0 0 0 0 0 0 0 0 0 0 0 29 0 0 21 26 31 0 0 0 0 35 0 25 0 0 0 17 22 27 0 0 0 0 0 0 30 0 0 20 0 0 0 12 17 22 0 0 0 20 0 0 15 0 15 12 0 0 0 0 0 0 0 0 0 0 0 25 0 0 29 0 21 26 0 0 23 0 15 20 0 0 0
0 0 0 0 0 0 0 0 0 0 0 0 0 0 0 0 0 0 0 0 0 0 0 0 0 0 0 0 0 0 0 0 0 21 16 0 0 0 26 21 14 0 0 0 0 0 0 0 0 0 0 0 0 0 0 0 0 0 0 0 0 0 0 0 0 0 0 8 12 0 0 0 17 0 0 0 0 0 0 0 13 8 0 0 0 18 13 16 0 0 0 0 0 0 0 0 17 12 0 0 0 22 17 11 0 0 0 0 16 0 0 0 0 0 0 0 0 0 0 0 0 0 0 0 0 0 12 0 0 0 0 0 16 0 0 0 0 0
0 0 0 0 0 0 0 0 0 0 0 0 0 0 0 0 0 0 0 0 0 0 0 0 0 0 0 0 0 0 0 0 0 15 12 5 0 0 21 17 11 0 0 0 0 0 0 0 0 0 0 0 0 0 0 0 0 0 0 0 0 0 0 0 0 0 0 2 8 11 0 0 13 0 0 0 0 0 0 0 7 4 7 0 0 13 9 13 0 0 0 0 11 0 0 0 11 8 2 0 0 17 13 7 11 0 0 0 12 5 0 0 0 0 0 0 0 0 0 0 0 0 15 0 0 0 8 12 0 0 0 0 12 5 0 0 0 0
0 0 0 0 0 0 0 0 0 0 0 0 0 0 0 0 0 0 0 0 0 0 0 0 0 0 0 0 0 0 0 6 0 0 16 11 14 0 24 21 16 0 0 0 0 0 0 0 0 0 0 0 0 0 0 0 0 0 0 0 0 0 0 0 0 20 0 0 12 17 20 0 17 0 0 0 0 16 0 0 0 8 13 16 0 16 13 18 0 0 0 0 0 11 0 0 0 12 8 11 0 21 17 13 17 0 14 0 16 11 6 0 0 0 0 0 0 0 0 0 0 24 21 0 21 0 12 17 21 0 16 0 16 12 16 0 0 0
0 0 0 0 0 0 0 0 0 0 0 0 0 0 0 0 0 0 0 0 0 0 0 0 0 0 0 40 44 30 35 0 0 0 0 0 0 0 0 0 0 35 39 25 30 0 0 0 0 0 0 0 0 0 0 0 0 0 0 0 0 0 0 53 57 0 0 0 0 0 0 0 0 49 53 39 44 0 0 0 0 0 0 0 0 0 0 0 45 49 35 40 0 0 0 0 0 0 0 0 0 0 0 0 0 44 0 0 0 0 0 39 0 0 0 0 0 0 0 0 0 0 0 57 0 0 0 0 0 53 0 0 0 0 0 0 0 0
0 0 0 0 0 0 0 0 0 0 0 0 0 0 0 0 0 0 0 0 0 0 0 0 0 0 0 44 49 0 39 0 0 0 0 0 0 0 0 0 0 39 44 0 34 0 0 0 0 0 0 0 0 0 0 0 0 0 0 0 0 0 0 57 62 0 0 0 0 0 0 0 0 53 58 0 48 0 0 0 0 0 0 0 0 0 0 0 49 54 0 44 0 0 0 0 0 0 0 0 0 0 0 0 0 49 0 0 0 0 0 44 0 0 0 0 0 0 0 0 0 0 0 62 0 0 0 0 0 58 0 0 0 0 0 0 0 0
0 0 0 0 0 0 0 0 0 0 0 0 0 0 0 0 0 0 0 0 0 0 0 0 0 0 0 30 0 22 26 12 17 0 0 0 21 0 0 0 0 25 0 17 21 15 12 0 0 0 0 15 0 0 0 0 0 0 0 0 0 0 0 43 0 25 30 0 0 0 25 0 0 39 0 31 35 21 26 0 0 0 0 21 0 0 0 0 35 0 27 31 0 17 22 0 0 0 0 17 0 0 0 0 0 0 21 17 0 0 12 0 25 20 0 0 0 15 0 0 0 0 0 0 25 30 0 0 25 0 21 26 0 0 21 25 20 0
0 0 0 0 0 0 0 0 0 0 0 0 0 0 0 0 0 0 0 0 0 0 0 0 0 0 0 35 39 26 31 0 21 0 0 0 0 30 0 0 0 30 34 21 26 0 16 0 0 0 0 0 24 0 0 0 0 0 0 0 0 0 0 48 52 0 34 0 0 0 0 34 0 44 48 35 40 0 30 0 0 0 0 0 30 0 0 0 40 44 31 36 0 0 26 0 0 0 0 0 26 0 0 0 0 39 0 21 0 0 0 34 0 24 0 0 0 0 16 0 0 0 0 52 0 34 0 0 0 48 0 30 0 0 0 0 24 0
0 0 0 0 0 0 0 0 0 0 0 0 0 0 0 0 0 0 0 0 0 0 0 0 0 0 0 0 0 0 0 8 11 21 17 12 0 0 0 21 0 0 0 0 0 11 6 0 24 21 16 0 0 0 24 0 0 0 0 0 0 0 0 0 0 21 24 6 11 16 0 0 14 0 0 0 0 17 21 0 11 8 12 0 0 0 11 0 0 0 0 0 18 13 16 0 16 13 8 0 0 0 16 0 0 0 17 11 17 12 0 0 21 14 24 21 16 0 0 0 0 0 0 0 21 24 11 16 0 0 17 20 17 12 0 21 14 16
0 0 0 0 0 0 0 0 0 0 0 0 0 0 0 0 0 0 0 0 0 0 0 0 0 0 0 0 0 12 0 4 8 0 12 8 12 0 0 0 12 0 0 5 0 7 2 0 0 15 12 5 0 0 0 15 0 0 0 0 0 0 0 0 0 17 21 0 5 12 15 0 0 0 0 21 0 13 17 0 0 2 8 11 0 0 0 11 0 0 17 0 13 9 13 0 0 7 4 7 0 0 0 7 0 0 13 7 11 8 2 0 17 11 0 15 12 5 0 15 0 0 0 0 17 21 5 12 15 0 13 17 11 8 11 17 11 12
0 0 0 0 0 0 0 0 0 0 0 0 0 0 0 0 0 0 0 0 0 0 0 0 0 0 0 0 0 17 21 8 13 0 0 12 17 21 0 0 0 0 0 12 16 12 8 0 0 0 16 12 16 0 0 0 0 0 0 0 0 0 0 0 0 21 26 0 0 16 21 24 0 0 0 26 30 17 22 0 0 0 12 17 20 0 0 0 0 0 22 26 16 13 18 0 0 0 8 13 16 0 0 0 16 0 17 13 0 12 8 0 21 16 0 0 16 11 6 0 0 0 0 0 21 26 0 16 21 0 17 22 0 12 17 21 16 16
0 0 0 0 0 0 0 0 0 0 0 0 0 0 0 0 0 0 0 0 0 0 0 0 0 0 0 0 0 0 0 0 0 0 0 0 0 0 0 0 0 0 0 0 0 0 0 35 0 0 0 0 0 0 0 0 0 0 0 0 0 0 0 0 0 0 0 0 0 0 0 0 0 0 0 0 0 0 0 49 0 0 0 0 0 0 0 0 0 0 0 0 0 0 0 45 0 0 0 0 0 0 0 0 0 0 0 0 0 0 0 0 0 0 0 0 0 0 0 0 0 0 0 0 0 0 0 0 0 0 0 0 0 0 0 0 0 0
0 0 0 0 0 0 0 0 0 0 0 0 0 0 0 0 0 0 0 0 0 0 0 0 0 0 0 0 0 0 0 0 0 22 17 12 0 0 26 20 0 0 0 0 0 0 0 0 26 21 16 0 0 30 24 0 0 0 0 0 0 0 0 0 0 0 0 8 12 16 0 0 16 0 0 0 0 0 0 0 13 8 12 0 0 17 11 0 0 0 0 0 16 0 0 0 18 13 8 0 0 22 16 0 0 0 0 0 17 12 0 0 0 0 26 21 16 0 0 0 0 0 0 0 0 0 11 16 0 0 0 0 17 12 0 0 0 16
0 0 0 0 0 0 0 0 0 0 0 0 0 0 0 0 0 0 0 0 0 0 0 0 0 0 0 0 0 0 0 2 0 17 13 8 11 0 21 17 11 0 0 0 0 5 0 0 21 17 12 5 0 25 21 15 0 0 0 0 0 0 0 0 0 15 0 2 7 12 15 0 11 0 0 0 0 12 0 0 8 4 8 12 0 12 8 12 0 0 0 0 13 7 0 0 13 9 4 7 0 17 13 7 0 0 11 0 13 8 2 0 15 0 21 17 12 5 0 15 0 0 0 0 15 0 7 12 15 0 11 0 13 8 11 15 0 12
0 0 0 0 0 0 0 0 0 0 0 0 0 0 0 0 0 0 0 0 0 0 0 0 0 0 0 0 0 0 0 0 2 12 8 4 8 12 0 12 8 0 0 0 0 2 0 0 16 12 8 2 6 0 16 12 0 0 0 0 0 0 0 0 0 12 16 0 2 8 12 16 6 0 0 0 0 8 12 0 2 0 4 8 12 0 2 8 0 0 0 0 8 4 8 0 8 4 0 4 8 0 8 4 8 0 8 2 8 4 0 0 12 6 16 12 8 2 0 12 0 0 0 0 12 16 2 8 12 0 8 12 8 4 8 12 6 8
0 0 0 0 0 0 0 0 0 0 0 0 0 0 0 0 0 0 0 0 0 0 0 0 0 0 0 0 0 11 0 2 7 0 11 8 13 17 0 0 11 0 0 5 0 5 2 0 0 15 12 7 11 0 0 15 0 0 0 0 0 0 0 0 0 15 21 0 5 12 17 21 0 0 0 21 0 11 17 0 0 2 8 13 17 0 0 11 0 0 17 0 0 7 13 0 0 7 4 9 13 0 0 7 13 0 12 8 12 8 4 0 15 11 0 15 12 7 2 15 0 0 0 0 15 21 5 12 17 0 11 17 11 8 13 15 11 12
0 0 0 0 0 0 0 0 0 0 0 0 0 0 0 0 0 0 0 0 0 0 0 0 0 0 0 0 0 0 20 0 11 0 0 12 17 22 0 0 0 0 0 0 14 0 6 0 0 0 16 11 16 0 0 0 0 0 0 0 0 0 0 0 0 0 24 0 0 16 21 26 0 0 0 0 30 0 20 0 0 0 12 17 22 0 0 0 0 0 0 26 0 0 16 0 0 0 8 13 18 0 0 0 16 0 0 11 0 12 8 0 0 16 0 0 16 12 8 0 0 0 0 0 0 24 0 16 21 0 0 20 0 12 17 0 14 16
0 0 0 0 0 0 0 0 0 0 0 0 0 0 0 0 0 0 0 0 0 0 0 0 0 0 0 0 0 0 0 0 0 26 21 0 0 0 31 26 21 0 0 0 0 0 0 0 30 25 0 0 0 35 30 25 0 0 0 0 0 0 0 0 0 0 0 12 15 0 0 0 21 0 0 0 0 0 0 0 17 12 0 0 0 22 17 21 0 0 0 0 0 0 0 0 22 17 0 0 0 27 22 17 0 0 0 0 21 0 0 0 0 0 30 25 0 0 0 25 0 0 0 0 0 0 15 0 0 0 0 0 21 0 0 0 0 0
0 0 0 0 0 0 0 0 0 0 0 0 0 0 0 0 0 0 0 0 0 0 0 0 0 0 0 0 0 0 0 0 0 20 17 12 0 0 26 22 17 0 0 0 0 0 0 0 24 21 16 0 0 30 26 21 0 0 0 0 0 0 0 0 0 0 0 6 11 16 0 0 16 0 0 0 0 0 0 0 11 8 12 0 0 17 13 17 0 0 0 0 16 0 0 0 16 13 8 0 0 22 18 13 16 0 0 0 17 12 0 0 0 0 24 21 16 0 0 21 0 0 0 0 0 0 12 16 0 0 0 0 17 12 0 0 0 16
0 0 0 0 0 0 0 0 0 0 0 0 0 0 0 0 0 0 0 0 0 0 0 0 0 0 0 0 0 0 0 2 0 0 11 8 11 0 21 17 13 0 0 0 0 5 0 0 0 15 12 5 0 25 21 17 0 0 0 0 0 0 0 0 0 15 0 0 5 12 15 0 11 0 0 0 0 11 0 0 0 2 8 11 0 11 7 13 0 0 0 0 0 7 0 0 0 7 4 7 0 17 13 9 13 0 11 0 11 8 2 0 15 0 0 15 12 5 0 17 0 0 0 0 15 0 5 12 15 0 12 0 12 8 12 15 0 12
0 0 0 0 0 0 0 0 0 0 0 0 0 0 0 0 0 0 0 0 0 0 0 0 0 0 0 0 0 0 0 0 11 0 0 12 17 20 0 20 17 0 0 0 0 0 6 0 0 0 16 11 14 0 24 21 0 0 0 0 0 0 0 0 0 0 24 0 0 16 21 24 14 0 0 0 0 0 20 0 0 0 12 17 20 0 11 17 0 0 0 0 0 0 16 0 0 0 8 13 16 0 16 13 18 0 0 11 0 12 8 0 0 14 0 0 16 11 6 21 0 0 0 0 0 24 0 16 21 0 0 21 0 12 17 0 16 16
0 0 0 0 0 0 0 0 0 0 0 0 0 35 0 0 0 0 0 0 0 0 0 0 0 0 0 38 43 0 33 0 0 0 0 0 0 0 0 0 0 35 40 0 30 0 0 0 0 0 0 0 0 0 0 0 0 0 0 0 0 0 0 0 0 0 0 0 0 0 0 0 0 48 53 0 43 0 0 0 0 0 0 0 0 0 0 0 44 49 0 39 0 0 0 0 0 0 0 0 0 0 0 0 0 45 0 0 0 0 0 40 0 0 0 0 0 0 0 0 0 0 0 0 0 0 0 0 0 53 0 0 0 0 0 0 0 0
0 0 0 0 0 0 0 0 0 0 0 0 0 0 6 16 11 0 24 21 16 0 0 0 0 0 0 0 0 16 0 8 12 0 16 12 16 0 0 0 16 0 0 11 0 13 8 0 0 21 17 12 0 0 0 21 11 21 0 0 0 0 0 0 0 0 0 0 0 0 0 0 0 0 0 24 0 16 21 0 0 6 11 16 0 0 0 14 0 0 21 0 17 13 17 0 0 11 8 12 0 0 0 11 0 0 18 13 16 13 8 0 22 17 0 20 17 12 0 20 0 0 0 0 0 0 0 0 0 0 16 21 14 11 16 22 17 17
0 0 0 0 0 0 0 0 0 0 0 0 0 0 2 11 7 0 0 15 12 0 0 0 0 0 0 0 0 11 15 2 7 0 0 5 12 15 0 0 0 0 0 8 12 8 4 0 0 0 12 8 12 0 0 0 7 15 0 0 0 0 0 0 0 0 0 0 0 0 0 0 0 0 0 21 25 11 17 0 0 0 5 12 15 0 0 0 0 0 17 21 11 7 13 0 0 0 2 8 11 0 0 0 11 0 13 9 0 7 4 0 17 13 0 0 11 8 2 0 0 0 0 0 0 0 0 0 0 0 11 17 0 5 12 17 13 11
0 0 0 0 0 0 0 0 0 0 0 0 0 0 0 14 0 30 26 21 16 0 0 0 0 0 0 0 0 0 0 6 0 20 16 11 16 0 24 20 14 0 0 0 0 11 0 0 26 22 17 12 0 30 26 20 0 21 0 0 0 0 0 0 0 0 0 0 0 0 0 0 0 0 0 0 0 16 0 0 12 8 12 16 0 16 12 16 0 0 0 0 17 11 0 0 17 13 8 12 0 21 17 11 0 0 16 0 18 13 8 0 20 0 26 22 17 12 0 20 0 0 0 0 0 0 0 0 0 0 14 0 16 11 16 20 0 17
0 0 0 0 0 0 0 0 0 0 0 0 0 0 0 11 5 25 21 17 12 0 0 0 0 0 0 0 0 0 0 2 5 15 11 7 12 15 0 15 11 0 0 0 0 7 2 0 21 17 13 8 11 0 21 17 5 17 0 0 0 0 0 0 0 0 0 0 0 0 0 0 0 0 0 0 0 11 15 0 5 2 7 12 15 0 5 11 0 0 0 0 12 8 12 0 12 8 4 8 12 0 12 8 12 0 13 7 13 9 4 0 17 11 21 17 13 8 2 17 0 0 0 0 0 0 0 0 0 0 11 15 11 7 12 17 11 13
0 0 0 0 0 0 0 0 0 0 0 0 0 0 0 6 2 0 16 12 8 0 0 0 0 0 0 0 0 6 0 0 2 0 6 2 8 12 0 0 6 0 0 2 0 2 0 0 0 12 8 4 8 0 0 12 2 12 0 0 0 0 0 0 0 0 0 0 0 0 0 0 0 0 0 16 0 6 12 0 0 0 2 8 12 0 0 6 0 0 12 0 0 2 8 0 0 2 0 4 8 0 0 2 8 0 8 4 8 4 0 0 12 8 0 12 8 4 0 12 0 0 0 0 0 0 0 0 0 0 6 12 6 2 8 12 8 8
0 0 0 0 0 0 0 0 0 0 0 0 0 0 0 0 0 0 0 0 0 26 0 0 0 0 0 0 0 0 0 0 0 0 0 0 0 0 0 0 0 29 34 0 24 0 0 0 0 0 0 0 0 0 0 0 0 0 0 0 0 0 0 0 0 0 0 0 0 0 0 0 0 0 0 0 0 0 0 0 0 0 0 0 0 0 0 0 39 44 0 34 0 0 0 0 0 0 0 0 0 0 0 0 0 40 0 0 0 0 0 36 0 0 0 0 0 0 0 0 0 0 0 0 0 0 0 0 0 0 0 0 0 0 0 0 0 0
0 0 0 0 0 0 0 0 0 0 0 0 0 0 0 0 0 0 0 0 0 0 25 20 33 30 25 0 0 0 0 0 0 0 0 0 0 0 0 0 0 0 0 15 0 17 12 0 0 25 21 15 0 0 0 25 17 26 0 0 0 0 0 0 0 0 0 0 0 0 0 0 0 0 0 0 0 0 0 0 0 0 0 0 0 0 0 0 0 0 25 0 21 17 21 0 0 15 12 15 0 0 0 15 0 0 22 17 20 17 12 0 27 22 0 25 22 17 0 25 0 0 0 0 0 0 0 0 0 0 0 0 0 0 0 25 20 20
0 0 0 0 0 0 0 0 0 0 0 0 0 0 0 0 0 0 0 0 0 0 20 16 0 24 21 0 0 0 0 0 0 0 0 0 0 0 0 0 0 0 0 12 16 12 8 0 0 0 16 12 16 0 0 0 13 21 0 0 0 0 0 0 0 0 0 0 0 0 0 0 0 0 0 0 0 0 0 0 0 0 0 0 0 0 0 0 0 0 20 24 14 11 16 0 0 0 6 11 16 0 0 0 14 0 17 13 0 11 8 0 22 18 0 0 16 13 8 0 0 0 0 0 0 0 0 0 0 0 0 0 0 0 0 20 16 14
0 0 0 0 0 0 0 0 0 0 0 0 0 0 0 0 0 0 0 0 0 0 0 0 39 34 0 0 0 0 0 0 0 0 0 0 0 0 0 0 0 0 0 0 0 0 0 0 34 29 24 0 0 38 32 0 0 30 0 0 0 0 0 0 0 0 0 0 0 0 0 0 0 0 0 0 0 0 0 0 0 0 0 0 0 0 0 0 0 0 0 0 24 0 0 0 26 21 16 0 0 30 24 0 0 0 0 0 26 21 0 0 0 0 36 31 26 0 0 0 0 0 0 0 0 0 0 0 0 0 0 0 0 0 0 0 0 24
0 0 0 0 0 0 0 0 0 0 0 0 0 0 0 0 0 0 0 0 0 0 23 0 35 30 25 0 0 0 0 0 0 0 0 0 0 0 0 0 0 0 0 0 0 15 0 0 29 25 20 15 0 33 29 23 0 26 0 0 0 0 0 0 0 0 0 0 0 0 0 0 0 0 0 0 0 0 0 0 0 0 0 0 0 0 0 0 0 0 0 0 21 15 0 0 21 17 12 15 0 25 21 15 0 0 20 0 22 17 12 0 25 0 31 27 22 17 0 25 0 0 0 0 0 0 0 0 0 0 0 0 0 0 0 23 0 20
0 0 0 0 0 0 0 0 0 0 0 0 0 0 0 0 0 0 0 0 0 0 20 14 30 26 21 0 0 0 0 0 0 0 0 0 0 0 0 0 0 0 0 0 0 11 6 0 24 20 16 11 16 0 24 20 11 22 0 0 0 0 0 0 0 0 0 0 0 0 0 0 0 0 0 0 0 0 0 0 0 0 0 0 0 0 0 0 0 0 0 0 16 12 16 0 16 12 8 12 16 0 16 12 16 0 17 11 17 13 8 0 22 16 26 22 18 13 8 22 0 0 0 0 0 0 0 0 0 0 0 0 0 0 0 20 14 16
0 0 0 0 0 0 0 0 0 0 0 0 0 0 0 0 0 0 0 0 0 0 15 11 25 21 17 0 0 0 0 0 0 0 0 0 0 0 0 0 0 0 0 5 0 5 2 0 0 15 11 7 12 0 0 15 7 17 0 0 0 0 0 0 0 0 0 0 0 0 0 0 0 0 0 0 0 0 0 0 0 0 0 0 0 0 0 0 0 0 15 0 0 5 11 0 0 5 2 7 12 0 0 5 11 0 12 8 12 8 4 0 17 13 0 17 13 9 4 17 0 0 0 0 0 0 0 0 0 0 0 0 0 0 0 15 11 11
0 0 0 0 0 0 0 0 0 0 0 0 0 0 0 0 0 0 0 0 0 0 0 6 0 16 12 0 0 0 0 0 0 0 0 0 0 0 0 0 0 0 0 0 6 0 0 0 0 0 6 2 8 0 0 0 2 12 0 0 0 0 0 0 0 0 0 0 0 0 0 0 0 0 0 0 0 0 0 0 0 0 0 0 0 0 0 0 0 0 0 16 0 0 6 0 0 0 0 2 8 0 0 0 6 0 0 2 0 2 0 0 0 8 0 0 8 4 0 0 0 0 0 0 0 0 0 0 0 0 0 0 0 0 0 0 6 6
0 0 0 0 0 0 0 0 0 0 0 0 0 0 0 0 0 0 0 0 0 0 23 0 33 30 25 0 0 0 0 0 0 0 0 0 0 0 0 0 0 0 0 0 0 15 0 0 0 23 20 15 0 33 29 25 0 26 0 0 0 0 0 0 0 0 0 0 0 0 0 0 0 0 0 0 0 0 0 0 0 0 0 0 0 0 0 0 0 0 0 0 0 15 0 0 0 15 12 15 0 25 21 17 21 0 20 0 20 17 12 0 25 0 0 25 22 17 0 27 0 0 0 0 0 0 0 0 0 0 0 0 0 0 0 25 0 21
0 0 0 0 0 0 0 0 0 0 0 0 0 0 0 0 0 0 0 0 0 0 0 0 0 0 0 0 0 0 0 0 0 0 0 0 0 0 0 0 0 0 0 0 0 0 0 0 0 0 0 0 0 0 0 0 0 0 0 0 0 0 0 71 76 0 0 0 0 0 0 0 0 66 71 0 61 0 0 0 0 0 0 0 0 0 0 0 0 0 0 0 0 0 0 0 0 0 0 0 0 0 0 0 0 0 0 0 0 0 0 0 0 0 0 0 0 0 0 0 81 0 0 76 0 0 0 0 0 71 0 0 0 0 0 0 0 0
0 0 0 0 0 0 0 0 0 0 0 0 0 0 0 0 0 0 0 0 0 0 0 0 0 0 0 0 0 0 0 0 0 0 0 0 0 0 0 0 0 0 0 0 0 0 0 0 0 0 0 0 0 0 0 0 0 0 0 0 0 0 0 0 0 31 35 0 21 26 29 0 0 0 0 34 0 26 30 0 0 16 21 24 0 0 0 24 0 0 0 0 0 0 0 0 0 0 0 0 0 0 0 0 0 0 0 0 0 0 0 0 0 0 0 0 0 0 0 0 0 36 31 0 31 35 21 26 29 0 26 30 24 21 24 0 0 0
0 0 0 0 0 0 0 0 0 0 0 0 0 0 0 0 0 0 0 0 0 0 0 0 0 0 0 0 0 0 0 0 0 0 0 0 0 0 0 0 0 0 0 0 0 0 0 0 0 0 0 0 0 0 0 0 0 0 0 0 0 0 0 0 0 26 30 12 17 22 26 30 21 0 0 0 0 21 25 0 15 12 17 21 25 0 15 21 0 0 0 0 0 0 0 0 0 0 0 0 0 0 0 0 0 0 0 0 0 0 0 0 0 0 0 0 0 0 0 0 0 31 27 0 26 30 17 22 26 0 21 25 21 17 21 0 0 0
0 0 0 0 0 0 0 0 0 0 0 0 0 0 0 0 0 0 0 0 0 0 0 0 0 0 0 0 0 0 0 0 0 0 0 0 0 0 0 0 0 0 0 0 0 0 0 0 0 0 0 0 0 0 0 0 0 0 0 0 0 0 0 65 70 0 0 0 0 0 0 0 0 62 67 0 57 0 0 0 0 0 0 0 0 0 0 0 57 62 0 52 0 0 0 0 0 0 0 0 0 0 0 0 0 0 0 0 0 0 0 0 0 0 0 0 0 0 0 0 76 0 0 72 0 0 0 0 0 67 0 0 0 0 0 0 0 0
0 0 0 0 0 0 0 0 0 0 0 0 0 0 0 0 0 0 0 0 0 0 0 0 0 0 0 0 0 0 0 0 0 0 0 0 0 0 0 0 0 0 0 0 0 0 0 0 0 0 0 0 0 0 0 0 0 0 0 0 0 0 0 0 0 25 29 0 15 20 23 0 0 0 0 30 0 22 26 0 0 12 17 20 0 0 0 21 0 0 25 0 21 17 21 0 0 15 12 15 0 0 0 15 0 0 0 0 0 0 0 0 0 0 0 0 0 0 0 0 0 31 26 0 27 31 17 22 25 0 22 26 21 17 20 25 20 20
0 0 0 0 0 0 0 0 0 0 0 0 0 0 0 0 0 0 0 0 0 0 0 0 0 0 0 0 0 0 0 0 0 0 0 0 0 0 0 0 0 0 0 0 0 0 0 0 0 0 0 0 0 0 0 0 0 0 0 0 0 0 0 0 0 29 34 0 0 24 29 32 0 0 0 35 39 26 31 0 0 0 21 26 29 0 0 0 0 0 30 34 24 21 26 0 0 0 16 21 24 0 0 0 24 0 0 0 0 0 0 0 0 0 0 0 0 0 0 0 0 35 30 0 31 36 0 26 31 0 26 31 0 21 26 30 26 24
0 0 0 0 0 0 0 0 0 0 0 0 0 0 0 0 0 0 0 0 0 0 0 0 0 0 0 0 0 0 0 0 0 0 0 0 0 0 0 0 0 0 0 0 0 0 0 0 0 0 0 0 0 0 0 0 0 0 0 0 0 0 0 0 0 15 0 2 7 11 15 0 12 0 0 0 0 12 0 0 8 4 8 12 0 12 8 12 0 0 0 0 11 5 0 0 11 7 2 5 0 15 12 5 0 0 0 0 0 0 0 0 0 0 0 0 0 0 0 0 0 21 17 0 17 0 9 13 17 0 11 0 13 7 11 15 0 11
0 0 0 0 0 0 0 0 0 0 0 0 0 0 0 0 0 0 0 0 0 0 0 0 0 0 0 0 0 0 0 0 0 0 0 0 0 0 0 0 0 0 0 0 0 0 0 0 0 0 0 0 0 0 0 0 0 0 0 0 0 0 0 0 0 20 24 6 11 16 20 24 16 0 0 0 0 17 21 0 11 8 13 17 21 0 12 17 0 0 0 0 16 12 16 0 16 12 8 12 16 0 16 12 16 0 0 0 0 0 0 0 0 0 0 0 0 0 0 0 0 26 22 0 22 26 13 18 22 0 17 21 17 13 17 20 14 16
0 0 0 0 0 0 0 0 0 0 0 0 0 0 0 0 0 0 0 0 0 0 0 0 0 0 0 0 0 0 0 0 0 0 0 0 0 0 0 0 0 0 0 0 0 0 0 0 0 0 0 0 0 0 0 0 0 0 0 0 0 0 0 0 0 23 29 0 15 20 25 29 0 0 0 30 0 20 26 0 0 12 17 22 26 0 0 21 0 0 25 0 0 15 21 0 0 15 12 17 21 0 0 15 21 0 0 0 0 0 0 0 0 0 0 0 0 0 0 0 0 29 26 0 25 31 17 22 27 0 20 26 21 17 22 25 21 21
0 0 0 0 0 0 0 0 0 0 0 0 0 0 0 0 0 0 0 0 0 0 0 0 0 0 0 48 53 0 43 0 0 0 0 0 0 0 0 0 0 0 0 0 0 0 0 0 0 0 0 0 0 0 0 0 0 0 0 0 0 0 0 0 0 0 0 0 0 0 0 0 0 56 61 0 51 0 0 0 0 0 0 0 0 0 0 0 53 58 0 48 0 0 0 0 0 0 0 0 0 0 0 0 0 53 0 0 0 0 0 0 0 0 0 0 0 0 0 0 71 0 0 67 0 0 0 0 0 63 0 0 0 0 0 0 0 0
0 0 0 0 0 0 0 0 0 0 0 0 0 0 0 0 0 0 0 0 0 0 0 0 0 0 0 0 0 16 0 8 12 0 16 12 16 0 0 0 16 0 0 0 0 0 0 0 0 0 0 0 0 0 0 0 0 0 0 0 0 0 0 0 0 0 0 0 0 0 0 0 0 0 0 24 0 16 20 0 0 6 11 14 0 0 0 16 0 0 21 0 17 13 17 0 0 11 8 11 0 0 0 12 0 0 16 11 14 11 6 0 0 0 0 0 0 0 0 0 0 26 21 0 22 26 11 17 20 0 18 22 16 13 16 22 16 17
0 0 0 0 0 0 0 0 0 0 0 0 0 0 0 0 0 0 0 0 0 0 0 0 0 0 0 0 0 21 25 12 17 0 0 15 21 25 0 0 0 0 0 0 0 0 0 0 0 0 0 0 0 0 0 0 0 0 0 0 0 0 0 0 0 0 0 0 0 0 0 0 0 0 0 29 33 20 25 0 0 0 15 20 23 0 0 0 0 0 26 30 20 17 22 0 0 0 12 17 20 0 0 0 21 0 21 17 0 15 12 0 0 0 0 0 0 0 0 0 0 30 25 0 26 31 0 21 26 0 22 27 0 17 22 26 22 21
0 0 0 0 0 0 0 0 0 0 0 0 0 0 0 0 0 0 0 0 0 0 0 0 0 0 0 0 0 0 0 6 0 20 16 11 14 0 24 21 16 0 0 0 0 0 0 0 0 0 0 0 0 0 0 0 0 0 0 0 0 0 0 0 0 0 0 0 0 0 0 0 0 0 0 0 0 16 0 0 12 8 12 16 0 16 12 16 0 0 0 0 17 11 0 0 17 13 8 11 0 21 17 12 0 0 14 0 16 11 6 0 0 0 0 0 0 0 0 0 0 24 21 0 21 0 13 17 21 0 16 0 18 13 16 20 0 17
0 0 0 0 0 0 0 0 0 0 0 0 0 0 0 0 0 0 0 0 0 0 0 0 0 0 0 0 0 0 0 2 5 15 11 7 11 15 0 15 12 0 0 0 0 0 0 0 0 0 0 0 0 0 0 0 0 0 0 0 0 0 0 0 0 0 0 0 0 0 0 0 0 0 0 0 0 11 15 0 5 2 7 11 15 0 5 12 0 0 0 0 12 8 12 0 12 8 4 8 12 0 12 8 12 0 11 5 11 7 2 0 0 0 0 0 0 0 0 0 0 21 17 0 17 21 7 13 17 0 13 17 13 9 13 17 11 13
0 0 0 0 0 0 0 0 0 0 0 0 0 0 0 0 0 0 0 0 0 0 0 0 0 0 0 0 0 14 0 6 11 0 14 11 16 20 0 0 16 0 0 0 0 0 0 0 0 0 0 0 0 0 0 0 0 0 0 0 0 0 0 0 0 0 0 0 0 0 0 0 0 0 0 24 0 14 20 0 0 6 11 16 20 0 0 16 0 0 21 0 0 11 17 0 0 11 8 13 17 0 0 12 17 0 16 12 16 12 8 0 0 0 0 0 0 0 0 0 0 24 21 0 20 26 11 17 22 0 16 22 16 13 18 21 17 17
0 0 0 0 0 0 0 0 0 0 0 0 0 0 0 0 0 0 0 0 0 0 0 0 0 0 0 0 0 0 0 0 0 0 0 0 0 0 0 0 0 0 0 15 0 17 12 0 0 25 21 15 0 0 0 25 0 0 0 0 0 0 0 0 0 0 0 0 0 0 0 0 0 0 0 0 0 0 0 0 0 0 0 0 0 0 0 0 0 0 25 0 21 17 21 0 0 15 12 15 0 0 0 15 0 0 22 17 20 17 12 0 25 20 0 23 20 15 0 25 0 0 0 0 25 30 15 20 25 0 22 26 20 17 21 27 22 22
0 0 0 0 0 0 0 0 0 0 0 0 0 0 0 0 0 0 0 0 0 0 0 0 0 0 0 0 0 0 0 0 0 0 0 0 0 0 0 0 0 0 0 12 16 12 8 0 0 0 16 12 16 0 0 0 0 0 0 0 0 0 0 0 0 0 0 0 0 0 0 0 0 0 0 0 0 0 0 0 0 0 0 0 0 0 0 0 0 0 20 24 14 11 16 0 0 0 6 11 14 0 0 0 16 0 17 13 0 11 8 0 20 16 0 0 14 11 6 0 0 0 0 0 20 26 0 14 21 0 16 22 0 11 17 22 18 16
0 0 0 0 0 0 0 0 0 0 0 0 0 0 0 0 0 0 0 0 0 0 0 0 0 0 0 0 0 0 0 0 0 0 0 0 0 0 0 0 0 0 0 0 0 11 6 0 24 20 16 11 14 0 24 21 0 0 0 0 0 0 0 0 0 0 0 0 0 0 0 0 0 0 0 0 0 0 0 0 0 0 0 0 0 0 0 0 0 0 0 0 16 12 16 0 16 12 8 12 16 0 16 12 16 0 17 11 17 13 8 0 20 14 24 20 16 11 6 21 0 0 0 0 20 24 11 16 21 0 17 21 17 13 17 22 16 18
