0.0031352667478278273 0.003252005403332055 0.004419391958374331 0.003218651501759418 0.0028934509614262126 0.0107482947817821 0.010381401864483098 0.004369361106015376 0.006428964528125677 0.0198038790587529 0.017886029718326302 0.007412904624518453 0.007596351083167954 0.01008955522572253 0.004844654203425446 0.008613645081133365 0.008722045261244434 0.003435451861981555 0.005178193219151811 0.017377382719343595 0.014583993462635291 0.006612410986775178 0.0061621333155445854 0.008163367409902773 0.003935760385571102 0.003418774911195237 0.003218651501759418 0.00650401080666411 0.005294931874656038 0.002559911945699848 0.0033020362556910095 0.0028934509614262126 0.006845888297783633 0.006937611527108384 0.003151943698614145 0.004786284875673332 0.01430882377466104 0.011657188599636442 0.0047112385971349 0.005269916448476561 0.007171088838116839 0.003360405583443123 0.0026349582242382805 0.0025682504210930075 0.0042692994012974664 0.0053366242516218335 0.004419391958374331 0.0028851124860330537 0.0029434818137851677 0.00405249904107533 0.01942030919066758 0.018769908110001166 0.008596968130347047 0.002684989076597235 0.012857929056251355 0.039415973183463134 0.03331220919567066 0.014075346463652586 0.004344345679835899 0.014575654987242132 0.01950369394459917 0.009255707686406617 0.0028017277321014627 0.0032436669279388955 0.004702900121741741 0.0034104364358020778 0.00329369778029785 0.016718643163284024 0.015968180377899707 0.0069542884778947016 0.01008955522572253 0.03349565565432017 0.03182796057568834 0.012124143221653352 0.0034437903373747145 0.01281623667928556 0.016376765672164503 0.008188382836082251 0.007321181395193703 0.007204442739689476 0.0026683121258109167 0.004227607024331671 0.013633407267815152 0.012107466270867034 0.005411670530160266 0.004969731334322832 0.006620749462168337 0.003560528992878942 0.0029518202891783266 0.0027933892567083033 0.007796474492603772 0.007279489018227907 0.003402097960408919 0.00518653169454497 0.015759718493070726 0.012199189500191785 0.005636809365775561 0.005870286676784017 0.007396227673732135 0.0032353284525457366 0.003051881993896236 0.009822724013141437 0.010189616930440439 0.004352684155229058 0.006662441839134133 0.01942030919066758 0.017377382719343595 0.0069626269532878605 0.007596351083167954 0.010231309307406233 0.005094808465220219 0.004827977252639127 0.004652869269382786 0.0028934509614262126 0.010114570651902006 0.008872137818321298 0.003460467288161033 0.0036772676483831698 0.00461951536781015 0.0028517585844604174
4 4 0 0 0 4 0 0 5 4 4 6 6 5 6 4 0 0 5 4 4 4 6 5 6 6 0 6 6 6 7 0 0 0 0 0 0 0 0 0 0 0 0 0 0 0 0 0 0 0 0 0 0 0 0 0 0 0 0 0 0 0 0 0 0 0 0 0 0 0 0 0 0 0 0 0 0 0 6 0 0 5 4 4 4 6 5 6 0 0 0 0 0 0 0 0 0 0 0 0 0 0 0 0 0 0 0 0 0 0 0 0 0 0 0 0 0 0 0 0
4 3 0 0 0 3 5 0 5 4 3 4 0 5 4 3 3 0 5 4 3 3 0 5 4 5 5 6 5 5 7 0 0 0 0 0 0 0 0 0 0 0 0 0 0 0 0 0 0 0 0 0 0 0 0 0 0 0 0 0 0 0 0 0 0 0 0 0 0 0 0 0 0 0 0 0 0 0 4 5 0 5 4 3 3 0 5 4 0 0 0 0 0 0 0 0 0 0 0 0 0 0 0 0 0 0 0 0 0 0 0 0 0 0 0 0 0 0 0 0
0 0 2 3 0 4 0 0 4 4 4 6 6 5 6 0 0 0 0 0 0 0 0 0 0 0 0 0 0 0 0 0 4 0 0 2 2 3 4 4 3 4 0 0 0 0 0 0 0 4 4 0 0 0 3 2 3 4 0 4 3 4 0 0 0 0 0 0 0 0 0 0 0 0 0 0 0 0 0 0 0 0 0 0 0 0 0 0 0 0 6 0 0 4 4 5 6 4 4 6 0 0 0 0 0 0 0 0 0 0 0 0 0 0 0 0 0 0 0 0
0 0 3 3 0 3 5 0 5 4 3 4 0 5 4 0 0 0 0 0 0 0 0 0 0 0 0 0 0 0 0 0 4 5 0 3 3 3 4 0 5 4 0 0 0 0 0 0 0 0 4 5 0 0 5 3 3 4 0 0 5 4 0 0 0 0 0 0 0 0 0 0 0 0 0 0 0 0 0 0 0 0 0 0 0 0 0 0 0 0 5 7 0 5 5 5 6 0 5 5 0 0 0 0 0 0 0 0 0 0 0 0 0 0 0 0 0 0 0 0
0 0 0 0 2 2 2 4 0 0 0 4 0 0 0 3 2 4 0 0 0 4 0 0 0 4 4 0 0 6 0 0 0 0 0 0 0 0 0 0 0 0 0 0 6 4 5 6 0 0 4 4 6 0 0 0 0 6 0 0 0 0 0 5 3 4 0 3 3 5 0 0 0 4 0 0 0 0 4 4 6 0 0 0 4 0 0 0 0 0 0 0 0 0 0 0 0 0 0 0 0 0 0 0 0 0 0 0 0 0 0 4 4 0 0 0 6 0 0 0
4 3 4 3 2 0 1 2 0 2 1 2 0 0 2 1 2 3 0 3 2 3 0 0 3 2 3 4 3 4 0 0 0 0 0 0 0 0 0 0 0 0 0 0 4 4 0 0 0 4 2 3 4 0 0 4 3 4 0 0 0 4 0 3 3 0 3 1 2 3 0 3 2 3 0 0 0 3 2 3 4 0 4 3 4 0 0 4 0 0 0 0 0 0 0 0 0 0 0 0 0 0 0 0 0 0 0 0 0 0 0 2 3 0 4 3 4 0 0 4
0 5 0 5 2 1 1 2 0 0 3 2 0 0 0 2 1 2 0 0 3 2 0 0 0 3 3 0 5 4 0 0 0 0 0 0 0 0 0 0 0 0 0 0 0 4 5 0 0 0 3 3 4 0 0 0 5 4 0 0 0 0 0 0 3 4 0 2 2 3 0 0 3 3 0 0 0 0 3 3 4 0 0 5 3 0 0 0 0 0 0 0 0 0 0 0 0 0 0 0 0 0 0 0 0 0 0 0 0 0 0 3 3 0 0 5 4 0 0 0
0 0 0 0 4 2 2 2 0 0 0 4 0 0 0 3 2 2 0 0 0 4 0 0 0 4 3 0 0 4 0 0 0 0 0 0 0 0 0 0 0 0 0 0 0 6 5 6 0 0 4 4 4 0 0 0 0 6 0 0 0 0 0 0 5 4 0 3 3 3 0 0 0 4 0 0 0 0 4 4 4 0 0 0 4 0 0 0 0 0 0 0 0 0 0 0 0 0 0 0 0 0 0 0 0 0 0 0 0 0 0 4 4 0 0 0 6 0 0 0
5 5 4 5 0 0 0 0 3 3 3 0 4 5 0 0 0 0 4 4 4 0 5 6 0 0 0 5 5 0 7 0 0 0 0 0 0 0 0 0 0 0 0 0 0 0 0 0 0 4 0 0 0 5 3 3 5 0 5 4 5 0 0 0 0 0 4 0 0 0 3 3 3 0 5 4 5 0 0 0 0 5 5 5 0 6 7 0 0 0 0 0 0 0 0 0 0 0 0 0 0 0 0 0 0 0 0 0 0 0 0 0 0 5 5 5 0 5 5 0
4 4 4 4 0 2 0 0 3 2 2 4 4 3 4 3 0 0 4 3 3 4 5 4 5 4 0 4 4 6 5 0 0 0 0 0 0 0 0 0 0 0 0 0 0 0 0 0 0 4 4 0 0 0 3 2 3 4 0 4 3 4 0 0 0 0 4 3 0 0 3 2 2 4 0 4 3 4 4 0 0 5 4 4 4 6 5 6 0 0 0 0 0 0 0 0 0 0 0 0 0 0 0 0 0 0 0 0 0 0 0 4 0 5 4 4 6 6 4 4
4 3 4 3 0 1 3 0 3 2 1 2 0 3 2 2 3 0 4 3 2 3 0 4 3 3 5 4 3 4 5 0 0 0 0 0 0 0 0 0 0 0 0 0 0 0 0 0 0 0 3 5 0 0 5 3 3 4 0 0 5 4 0 0 0 0 0 2 3 0 3 2 1 2 0 0 3 2 3 5 0 5 4 3 3 0 5 4 0 0 0 0 0 0 0 0 0 0 0 0 0 0 0 0 0 0 0 0 0 0 0 3 5 5 4 3 4 0 5 3
6 4 6 4 4 2 2 4 0 4 2 2 0 0 4 3 2 4 0 4 3 2 0 0 4 4 4 6 4 4 0 0 0 0 0 0 0 0 0 0 0 0 0 0 0 6 0 0 0 0 4 4 6 0 0 4 4 4 0 0 0 6 0 0 4 0 0 3 3 4 0 4 2 2 0 0 0 4 4 3 4 0 4 3 2 0 0 4 0 0 0 0 0 0 0 0 0 0 0 0 0 0 0 0 0 0 0 0 0 0 0 4 4 0 6 4 4 0 0 4
6 0 6 0 0 0 0 0 4 4 0 0 4 4 4 0 0 0 5 5 0 0 5 5 5 0 0 6 0 0 6 0 0 0 0 0 0 0 0 0 0 0 0 0 0 0 0 0 0 6 0 0 0 0 4 4 0 0 5 4 4 6 0 0 0 0 5 0 0 0 4 4 0 0 5 4 4 4 0 0 0 6 6 0 0 6 6 6 0 0 0 0 0 0 0 0 0 0 0 0 0 0 0 0 0 0 0 0 0 0 0 0 0 5 6 0 0 4 4 4
5 5 5 5 0 0 0 0 5 3 3 0 4 3 3 0 0 0 6 4 4 0 5 4 4 0 0 5 5 0 5 0 0 0 0 0 0 0 0 0 0 0 0 0 0 0 0 0 0 0 0 0 0 0 5 3 5 0 5 4 3 4 0 0 0 0 0 0 0 0 5 3 3 0 5 4 3 3 0 0 0 7 5 5 0 6 5 5 0 0 0 0 0 0 0 0 0 0 0 0 0 0 0 0 0 0 0 0 0 0 0 0 0 5 4 5 0 4 3 3
6 4 6 4 0 2 0 0 0 4 2 4 4 3 2 3 0 0 0 5 3 4 5 4 3 4 0 6 4 6 5 0 0 0 0 0 0 0 0 0 0 0 0 0 0 0 0 0 0 0 4 0 0 0 0 4 4 6 0 6 4 4 0 0 0 0 0 3 0 0 0 4 2 4 0 4 3 2 4 0 0 0 6 4 4 6 5 4 0 0 0 0 0 0 0 0 0 0 0 0 0 0 0 0 0 0 0 0 0 0 0 4 0 0 4 3 4 4 3 2
4 3 0 0 3 1 2 3 0 3 2 3 0 0 3 1 1 3 0 3 2 3 0 0 3 2 2 4 3 4 0 0 0 0 0 0 0 0 0 0 0 0 0 0 0 0 0 0 0 0 0 0 0 0 0 0 0 0 0 0 0 0 0 5 5 0 5 3 3 5 0 5 3 5 0 0 0 5 2 2 4 0 4 3 3 0 0 4 0 0 0 0 0 0 0 0 0 0 0 0 0 0 0 0 0 0 0 0 0 0 0 0 0 0 0 0 0 0 0 0
0 3 0 0 2 2 1 2 0 0 3 2 0 0 0 1 0 1 0 0 2 1 0 0 0 2 1 0 3 2 0 0 0 0 0 0 0 0 0 0 0 0 0 0 0 0 0 0 0 0 0 0 0 0 0 0 0 0 0 0 0 0 0 0 3 4 0 3 2 3 0 0 4 3 0 0 0 0 2 1 2 0 0 3 2 0 0 0 0 0 0 0 0 0 0 0 0 0 0 0 0 0 0 0 0 0 0 0 0 0 0 0 0 0 0 0 0 0 0 0
0 0 0 0 4 3 2 2 0 0 0 4 0 0 0 3 1 1 0 0 0 3 0 0 0 3 2 0 0 3 0 0 0 0 0 0 0 0 0 0 0 0 0 0 0 0 0 0 0 0 0 0 0 0 0 0 0 0 0 0 0 0 0 0 5 4 0 5 3 3 0 0 0 5 0 0 0 0 4 2 2 0 0 0 3 0 0 0 0 0 0 0 0 0 0 0 0 0 0 0 0 0 0 0 0 0 0 0 0 0 0 0 0 0 0 0 0 0 0 0
5 5 0 0 0 0 0 0 4 4 4 0 5 6 0 0 0 0 4 4 4 0 5 6 0 0 0 5 5 0 7 0 0 0 0 0 0 0 0 0 0 0 0 0 0 0 0 0 0 0 0 0 0 0 0 0 0 0 0 0 0 0 0 0 0 0 5 0 0 0 4 4 4 0 6 5 6 0 0 0 0 4 4 4 0 5 6 0 0 0 0 0 0 0 0 0 0 0 0 0 0 0 0 0 0 0 0 0 0 0 0 0 0 0 0 0 0 0 0 0
4 4 0 0 0 3 0 0 4 3 3 4 5 4 5 3 0 0 4 3 3 3 5 4 5 4 0 4 4 4 5 0 0 0 0 0 0 0 0 0 0 0 0 0 0 0 0 0 0 0 0 0 0 0 0 0 0 0 0 0 0 0 0 0 0 0 5 5 0 0 4 3 3 5 0 5 4 5 4 0 0 4 3 3 3 5 4 5 0 0 0 0 0 0 0 0 0 0 0 0 0 0 0 0 0 0 0 0 0 0 0 0 0 0 0 0 0 0 0 0
4 3 0 0 0 2 3 0 4 3 2 3 0 4 3 2 2 0 4 3 2 2 0 4 3 3 3 4 3 3 5 0 0 0 0 0 0 0 0 0 0 0 0 0 0 0 0 0 0 0 0 0 0 0 0 0 0 0 0 0 0 0 0 0 0 0 0 3 4 0 4 3 2 3 0 0 4 3 3 3 0 4 3 2 2 0 4 3 0 0 0 0 0 0 0 0 0 0 0 0 0 0 0 0 0 0 0 0 0 0 0 0 0 0 0 0 0 0 0 0
4 3 0 0 4 3 2 4 0 4 3 2 0 0 4 3 1 3 0 3 2 1 0 0 3 4 2 4 3 2 0 0 0 0 0 0 0 0 0 0 0 0 0 0 0 0 0 0 0 0 0 0 0 0 0 0 0 0 0 0 0 0 0 0 5 0 0 5 3 5 0 5 3 3 0 0 0 5 3 2 3 0 3 2 1 0 0 3 0 0 0 0 0 0 0 0 0 0 0 0 0 0 0 0 0 0 0 0 0 0 0 0 0 0 0 0 0 0 0 0
6 0 0 0 0 0 0 0 5 5 0 0 5 5 5 0 0 0 5 5 0 0 5 5 5 0 0 6 0 0 6 0 0 0 0 0 0 0 0 0 0 0 0 0 0 0 0 0 0 0 0 0 0 0 0 0 0 0 0 0 0 0 0 0 0 0 7 0 0 0 5 5 0 0 6 5 5 5 0 0 0 5 5 0 0 5 5 5 0 0 0 0 0 0 0 0 0 0 0 0 0 0 0 0 0 0 0 0 0 0 0 0 0 0 0 0 0 0 0 0
5 5 0 0 0 0 0 0 6 4 4 0 5 4 4 0 0 0 6 4 4 0 5 4 4 0 0 5 5 0 5 0 0 0 0 0 0 0 0 0 0 0 0 0 0 0 0 0 0 0 0 0 0 0 0 0 0 0 0 0 0 0 0 0 0 0 0 0 0 0 6 4 4 0 6 5 4 4 0 0 0 6 4 4 0 5 4 4 0 0 0 0 0 0 0 0 0 0 0 0 0 0 0 0 0 0 0 0 0 0 0 0 0 0 0 0 0 0 0 0
6 4 0 0 0 3 0 0 0 5 3 4 5 4 3 3 0 0 0 5 3 3 5 4 3 4 0 6 4 4 5 0 0 0 0 0 0 0 0 0 0 0 0 0 0 0 0 0 0 0 0 0 0 0 0 0 0 0 0 0 0 0 0 0 0 0 0 5 0 0 0 5 3 5 0 5 4 3 4 0 0 0 5 3 3 5 4 3 0 0 0 0 0 0 0 0 0 0 0 0 0 0 0 0 0 0 0 0 0 0 0 0 0 0 0 0 0 0 0 0
6 5 0 0 4 2 3 4 0 4 3 4 0 0 4 2 2 3 0 4 3 4 0 0 4 2 2 4 3 4 0 0 0 0 0 0 0 0 0 0 0 0 0 0 0 0 0 0 0 0 0 0 0 0 0 0 0 0 0 0 0 0 0 0 0 0 0 0 0 0 0 0 0 0 0 0 0 0 4 4 4 0 6 4 4 0 0 6 0 0 0 0 0 0 0 0 0 0 0 0 0 0 0 0 0 0 0 0 0 0 0 0 0 0 0 0 0 0 0 0
0 5 0 0 4 3 3 3 0 0 5 4 0 0 0 2 1 2 0 0 3 2 0 0 0 2 1 0 3 2 0 0 0 0 0 0 0 0 0 0 0 0 0 0 0 0 0 0 0 0 0 0 0 0 0 0 0 0 0 0 0 0 0 0 0 0 0 0 0 0 0 0 0 0 0 0 0 0 4 3 3 0 0 5 3 0 0 0 0 0 0 0 0 0 0 0 0 0 0 0 0 0 0 0 0 0 0 0 0 0 0 0 0 0 0 0 0 0 0 0
6 6 0 0 0 4 0 0 5 4 4 6 6 5 6 4 0 0 5 4 4 4 6 5 6 4 0 4 4 4 5 0 0 0 0 0 0 0 0 0 0 0 0 0 0 0 0 0 0 0 0 0 0 0 0 0 0 0 0 0 0 0 0 0 0 0 0 0 0 0 0 0 0 0 0 0 0 0 6 0 0 5 4 4 4 6 5 6 0 0 0 0 0 0 0 0 0 0 0 0 0 0 0 0 0 0 0 0 0 0 0 0 0 0 0 0 0 0 0 0
6 5 0 0 0 3 5 0 5 4 3 4 0 5 4 3 3 0 5 4 3 3 0 5 4 3 3 4 3 3 5 0 0 0 0 0 0 0 0 0 0 0 0 0 0 0 0 0 0 0 0 0 0 0 0 0 0 0 0 0 0 0 0 0 0 0 0 0 0 0 0 0 0 0 0 0 0 0 4 5 0 5 4 3 3 0 5 4 0 0 0 0 0 0 0 0 0 0 0 0 0 0 0 0 0 0 0 0 0 0 0 0 0 0 0 0 0 0 0 0
6 5 0 0 6 4 4 4 0 6 4 4 0 0 6 4 2 3 0 4 3 2 0 0 4 4 2 4 3 2 0 0 0 0 0 0 0 0 0 0 0 0 0 0 0 0 0 0 0 0 0 0 0 0 0 0 0 0 0 0 0 0 0 0 0 0 0 0 0 0 0 0 0 0 0 0 0 0 4 3 4 0 4 3 2 0 0 4 0 0 0 0 0 0 0 0 0 0 0 0 0 0 0 0 0 0 0 0 0 0 0 0 0 0 0 0 0 0 0 0
7 7 0 0 0 0 0 0 7 5 5 0 6 5 5 0 0 0 7 5 5 0 6 5 5 0 0 5 5 0 5 0 0 0 0 0 0 0 0 0 0 0 0 0 0 0 0 0 0 0 0 0 0 0 0 0 0 0 0 0 0 0 0 0 0 0 0 0 0 0 0 0 0 0 0 0 0 0 0 0 0 7 5 5 0 6 5 5 0 0 0 0 0 0 0 0 0 0 0 0 0 0 0 0 0 0 0 0 0 0 0 0 0 0 0 0 0 0 0 0
0 0 0 0 0 0 0 0 0 0 0 0 0 0 0 0 0 0 0 0 0 0 0 0 0 0 0 0 0 0 0 3 5 0 0 3 3 4 5 5 4 5 0 0 0 0 0 0 0 0 0 0 0 0 0 0 0 0 0 0 0 0 0 0 0 0 0 0 0 0 0 0 0 0 0 0 0 0 0 0 0 0 0 0 0 0 0 0 5 6 0 0 0 0 0 0 0 0 0 0 0 0 0 0 0 0 0 0 0 0 0 0 0 0 0 0 0 0 0 0
0 0 4 4 0 0 0 0 0 0 0 0 0 0 0 0 0 0 0 0 0 0 0 0 0 0 0 0 0 0 0 5 3 4 5 0 3 3 5 0 0 5 0 0 5 5 0 0 0 4 3 4 5 0 0 3 3 5 0 0 0 5 0 5 5 0 5 3 4 5 0 5 3 5 0 0 0 5 0 0 0 0 0 0 0 0 0 0 5 5 4 5 6 0 4 4 6 0 0 5 7 5 6 7 0 5 5 7 0 0 5 0 0 0 0 0 0 0 0 0
0 0 0 5 0 0 0 0 0 0 0 0 0 0 0 0 0 0 0 0 0 0 0 0 0 0 0 0 0 0 0 0 4 4 5 0 0 4 4 0 0 0 0 0 0 5 6 0 0 0 4 4 5 0 0 0 4 4 0 0 0 0 0 0 5 6 0 4 4 5 0 0 4 4 0 0 0 0 0 0 0 0 0 0 0 0 0 0 0 6 5 5 6 0 0 5 5 0 0 0 7 6 6 7 0 0 6 6 0 0 0 0 0 0 0 0 0 0 0 0
0 0 0 0 0 0 0 0 0 0 0 0 0 0 0 0 0 0 0 0 0 0 0 0 0 0 0 0 0 0 0 0 5 5 5 0 0 0 5 0 0 0 0 0 0 7 6 7 0 0 5 5 5 0 0 0 0 5 0 0 0 0 0 0 7 6 0 5 5 5 0 0 0 5 0 0 0 0 0 0 0 0 0 0 0 0 0 0 0 0 6 6 6 0 0 0 6 0 0 0 9 7 7 7 0 0 0 7 0 0 0 0 0 0 0 0 0 0 0 0
0 0 2 3 0 0 0 0 0 0 0 0 0 0 0 0 0 0 0 0 0 0 0 0 0 0 0 0 0 0 0 3 0 0 0 0 1 2 0 1 2 0 0 0 0 0 0 0 0 2 0 0 0 3 1 2 3 0 3 2 3 0 0 0 0 0 3 0 0 0 2 3 4 0 4 3 4 0 0 0 0 0 0 0 0 0 0 0 3 4 0 0 0 1 2 3 0 2 3 0 0 0 0 0 2 3 4 0 3 4 0 0 0 0 0 0 0 0 0 0
0 0 2 3 0 0 0 0 0 0 0 0 0 0 0 0 0 0 0 0 0 0 0 0 0 0 0 0 0 0 0 3 3 0 0 1 1 2 3 3 2 3 0 0 0 0 0 0 0 3 3 0 0 0 2 1 2 3 0 3 2 3 0 0 0 0 5 5 0 0 3 3 3 5 0 5 4 5 0 0 0 0 0 0 0 0 0 0 3 4 4 0 0 2 2 3 4 3 3 4 0 5 0 0 3 3 4 5 5 3 5 0 0 0 0 0 0 0 0 0
0 0 3 3 0 0 0 0 0 0 0 0 0 0 0 0 0 0 0 0 0 0 0 0 0 0 0 0 0 0 0 4 3 4 0 2 2 2 3 0 4 3 0 0 0 0 0 0 0 0 3 4 0 0 3 2 2 3 0 0 4 3 0 0 0 0 0 3 4 0 4 3 2 3 0 0 4 3 0 0 0 0 0 0 0 0 0 0 4 4 4 5 0 3 3 3 4 0 4 4 0 5 6 0 4 4 4 5 0 4 4 0 0 0 0 0 0 0 0 0
0 0 4 4 0 0 0 0 0 0 0 0 0 0 0 0 0 0 0 0 0 0 0 0 0 0 0 0 0 0 0 5 5 4 5 0 3 3 3 0 0 5 0 0 0 5 0 0 0 0 5 4 5 0 0 3 3 3 0 0 0 5 0 0 5 0 0 5 4 5 0 5 3 3 0 0 0 5 0 0 0 0 0 0 0 0 0 0 5 5 6 5 6 0 4 4 4 0 0 5 7 7 6 7 0 5 5 5 0 0 5 0 0 0 0 0 0 0 0 0
0 0 4 0 0 0 0 0 0 0 0 0 0 0 0 0 0 0 0 0 0 0 0 0 0 0 0 0 0 0 0 5 0 0 0 1 3 0 0 1 2 3 0 0 0 0 0 0 0 4 0 0 0 0 2 3 0 0 3 2 3 4 0 0 0 0 5 0 0 0 3 5 0 0 4 3 4 5 0 0 0 0 0 0 0 0 0 0 5 0 0 0 0 2 3 0 0 1 2 3 0 0 0 0 3 5 0 0 3 3 5 0 0 0 0 0 0 0 0 0
0 0 3 5 0 0 0 0 0 0 0 0 0 0 0 0 0 0 0 0 0 0 0 0 0 0 0 0 0 0 0 4 0 0 0 2 2 4 0 2 2 3 0 0 0 0 0 0 0 0 0 0 0 0 3 2 4 0 4 3 2 3 0 0 0 0 0 0 0 0 4 4 4 0 6 4 4 4 0 0 0 0 0 0 0 0 0 0 4 6 0 0 0 3 3 4 0 2 2 3 0 0 0 0 4 3 4 0 3 2 3 0 0 0 0 0 0 0 0 0
0 0 4 4 0 0 0 0 0 0 0 0 0 0 0 0 0 0 0 0 0 0 0 0 0 0 0 0 0 0 0 5 5 0 0 0 3 3 5 3 3 3 0 0 0 0 0 0 0 0 5 0 0 0 0 3 3 5 0 4 3 3 0 0 0 0 0 5 0 0 0 5 3 5 0 5 4 3 0 0 0 0 0 0 0 0 0 0 5 5 5 0 0 0 4 4 5 3 3 3 0 5 0 0 0 5 4 5 5 3 3 0 0 0 0 0 0 0 0 0
0 0 0 0 0 0 0 0 0 0 0 0 0 0 0 0 0 0 0 0 0 0 0 0 0 0 0 0 0 0 0 0 0 0 0 0 0 0 0 0 0 0 6 7 6 0 0 0 0 0 0 0 0 0 0 0 0 0 0 0 0 0 6 6 0 0 0 0 0 0 0 0 0 0 0 0 0 0 0 0 0 0 0 0 0 0 0 0 0 0 0 0 0 0 0 0 0 0 0 0 0 0 0 0 0 0 0 0 0 0 0 0 0 0 0 0 0 0 0 0
0 0 0 0 0 0 0 0 0 0 0 0 0 0 0 0 0 0 0 0 0 0 0 0 0 0 0 0 0 0 0 0 0 0 0 0 0 0 0 0 0 0 7 7 0 0 0 0 0 0 0 0 0 0 0 0 0 0 0 0 0 0 7 0 0 0 0 0 0 0 0 0 0 0 0 0 0 0 0 0 0 0 0 0 0 0 0 0 0 0 0 0 0 0 0 0 0 0 0 0 0 0 0 0 0 0 0 0 0 0 0 0 0 0 0 0 0 0 0 0
0 0 0 0 6 4 0 0 0 0 0 0 0 0 0 0 0 0 0 0 0 0 0 0 0 0 0 0 0 0 0 0 5 0 0 0 0 0 0 0 0 0 6 0 4 6 0 0 0 0 4 0 0 0 0 0 0 0 0 0 0 0 6 4 6 0 0 4 0 0 0 0 0 0 0 0 0 0 6 0 0 0 0 0 0 0 0 0 0 0 6 0 0 0 0 0 0 0 0 0 7 5 0 0 0 0 0 0 0 0 0 6 0 0 0 0 0 0 0 0
0 0 0 0 4 4 4 6 0 0 0 6 0 0 0 0 0 0 0 0 0 0 0 0 0 0 0 0 0 0 0 0 5 5 7 0 0 0 5 0 0 0 0 0 6 4 5 6 0 0 4 4 6 0 0 0 0 4 0 0 0 0 0 6 4 5 0 4 4 6 0 0 0 4 0 0 0 0 6 4 6 0 0 0 4 0 0 0 0 0 6 6 8 0 0 0 6 0 0 0 5 5 5 7 0 0 0 5 0 0 0 6 6 0 0 0 6 0 0 0
0 0 0 0 5 0 5 5 0 0 0 0 0 0 0 0 0 0 0 0 0 0 0 0 0 0 0 0 0 0 0 0 0 6 6 0 0 0 0 0 0 0 0 0 0 5 5 6 7 0 0 5 5 0 0 0 0 0 0 0 0 0 0 0 5 5 0 0 5 5 0 0 0 0 0 0 0 0 0 5 5 0 0 0 0 0 0 0 0 0 0 7 7 0 0 0 0 0 0 0 6 0 6 6 0 0 0 0 0 0 0 0 7 0 0 0 0 0 0 0
0 0 0 0 6 0 0 6 0 0 0 0 0 0 0 0 0 0 0 0 0 0 0 0 0 0 0 0 0 0 0 0 0 0 7 0 0 0 0 0 0 0 0 0 0 6 6 6 7 0 0 0 6 0 0 0 0 0 0 0 0 0 0 0 6 6 0 0 0 6 0 0 0 0 0 0 0 0 0 0 6 0 0 0 0 0 0 0 0 0 0 0 8 0 0 0 0 0 0 0 7 0 0 7 0 0 0 0 0 0 0 0 0 0 0 0 0 0 0 0
0 0 0 0 0 0 0 0 0 0 0 0 0 0 0 0 0 0 0 0 0 0 0 0 0 0 0 0 0 0 0 0 0 0 0 0 0 0 0 0 0 0 0 0 0 0 7 7 7 0 0 0 0 0 0 0 0 0 0 0 0 0 0 0 0 7 0 0 0 0 0 0 0 0 0 0 0 0 0 0 0 0 0 0 0 0 0 0 0 0 0 0 0 0 0 0 0 0 0 0 0 0 0 0 0 0 0 0 0 0 0 0 0 0 0 0 0 0 0 0
0 0 4 0 0 4 0 0 4 4 0 0 6 0 0 0 0 0 0 0 0 0 0 0 0 0 0 0 0 0 0 0 4 0 0 2 3 0 0 4 0 0 0 0 0 0 0 0 0 2 4 0 0 0 2 2 0 0 0 4 0 0 0 0 0 0 3 4 0 0 3 3 0 0 0 5 0 0 6 0 0 4 4 0 0 6 0 0 0 0 6 0 0 4 4 0 0 4 0 0 0 5 0 0 3 3 0 0 4 0 0 6 0 4 4 0 0 6 0 0
0 0 4 4 4 2 3 4 0 4 3 4 0 0 4 0 0 0 0 0 0 0 0 0 0 0 0 0 0 0 0 0 3 4 5 0 3 3 5 0 0 5 0 0 4 4 0 0 0 4 2 3 4 0 0 2 2 4 0 0 0 4 0 4 4 0 4 2 3 4 0 3 2 4 0 0 0 4 4 4 6 0 4 4 4 0 0 6 0 0 4 5 6 0 4 4 6 0 0 6 5 3 4 5 0 3 3 5 0 0 4 4 5 0 4 4 6 0 0 4
0 0 0 5 4 3 3 4 0 0 5 4 0 0 0 0 0 0 0 0 0 0 0 0 0 0 0 0 0 0 0 0 4 4 5 0 0 4 4 0 0 0 0 0 0 4 5 0 0 0 3 3 4 0 0 0 3 3 0 0 0 0 0 0 4 5 0 3 3 4 0 0 3 3 0 0 0 0 4 3 4 0 0 5 3 0 0 0 0 0 5 5 6 0 0 5 5 0 0 0 5 4 4 5 0 0 4 4 0 0 0 5 5 0 0 5 5 0 0 0
0 0 0 0 6 4 4 4 0 0 0 6 0 0 0 0 0 0 0 0 0 0 0 0 0 0 0 0 0 0 0 0 5 5 5 0 0 0 5 0 0 0 0 0 0 6 5 6 0 0 4 4 4 0 0 0 0 4 0 0 0 0 0 0 6 5 0 4 4 4 0 0 0 4 0 0 0 0 6 4 4 0 0 0 4 0 0 0 0 0 6 6 6 0 0 0 6 0 0 0 7 5 5 5 0 0 0 5 0 0 0 6 6 0 0 0 6 0 0 0
0 0 0 0 0 0 0 0 5 0 0 0 0 0 0 0 0 0 0 0 0 0 0 0 0 0 0 0 0 0 0 0 0 0 0 3 0 0 0 0 0 0 0 0 0 0 0 0 0 0 0 0 0 3 3 0 0 0 5 0 0 0 0 0 0 0 0 0 0 0 4 0 0 0 6 0 0 0 0 0 0 5 0 0 0 0 0 0 0 0 0 0 0 5 0 0 0 0 0 0 0 0 0 0 4 0 0 0 0 0 0 0 0 5 0 0 0 0 0 0
0 0 3 5 0 0 0 0 3 3 5 0 4 5 0 0 0 0 0 0 0 0 0 0 0 0 0 0 0 0 0 0 0 0 0 1 2 3 0 2 3 0 0 0 0 0 0 0 0 2 0 0 0 3 1 1 3 0 3 2 3 0 0 0 0 0 3 0 0 0 2 2 3 0 4 3 4 0 0 0 0 3 3 5 0 4 5 0 0 0 0 0 0 3 3 5 0 3 5 0 0 0 0 0 2 2 4 0 3 3 0 0 0 3 3 5 0 4 5 0
0 0 2 3 0 4 0 0 3 2 3 4 4 3 4 0 0 0 0 0 0 0 0 0 0 0 0 0 0 0 0 0 3 0 0 2 1 2 3 3 2 3 0 0 0 0 0 0 0 2 2 0 0 0 1 0 1 2 0 2 1 2 0 0 0 0 3 3 0 0 2 1 2 3 0 3 2 3 4 0 0 3 2 3 4 4 3 4 0 0 4 0 0 3 2 3 4 4 3 4 0 3 0 0 2 1 2 3 3 2 3 4 0 3 2 3 4 4 3 4
0 0 3 3 0 3 5 0 5 3 3 4 0 5 4 0 0 0 0 0 0 0 0 0 0 0 0 0 0 0 0 0 3 4 0 3 2 2 3 0 4 3 0 0 0 0 0 0 0 0 2 3 0 0 3 1 1 2 0 0 3 2 0 0 0 0 0 2 3 0 3 2 1 2 0 0 3 2 4 5 0 5 3 3 3 0 5 4 0 0 4 5 0 5 3 3 4 0 5 4 0 3 4 0 4 2 2 3 0 3 3 4 5 5 3 3 4 0 5 3
0 0 4 4 6 4 4 6 0 4 4 4 0 0 6 0 0 0 0 0 0 0 0 0 0 0 0 0 0 0 0 0 5 4 5 0 3 3 3 0 0 5 0 0 0 4 0 0 0 0 4 3 4 0 0 2 2 2 0 0 0 4 0 0 4 0 0 4 3 4 0 3 2 2 0 0 0 4 4 3 4 0 4 3 2 0 0 4 0 0 6 5 6 0 4 4 4 0 0 6 5 5 4 5 0 3 3 3 0 0 4 6 5 0 4 4 4 0 0 4
0 0 0 0 0 0 0 0 5 0 0 0 5 5 0 0 0 0 0 0 0 0 0 0 0 0 0 0 0 0 0 0 0 0 0 3 0 0 0 3 4 0 0 0 0 0 0 0 0 0 0 0 0 5 3 0 0 0 3 3 3 0 0 0 0 0 0 0 0 0 4 0 0 0 4 4 4 0 0 0 0 5 0 0 0 5 5 0 0 0 0 0 0 5 0 0 0 3 5 0 0 0 0 0 4 0 0 0 3 3 0 0 0 5 0 0 0 5 5 0
0 0 4 0 0 0 0 0 4 4 0 0 4 4 6 0 0 0 0 0 0 0 0 0 0 0 0 0 0 0 0 0 0 0 0 2 3 0 0 2 3 4 0 0 0 0 0 0 0 4 0 0 0 0 2 2 0 0 3 2 2 4 0 0 0 0 5 0 0 0 3 3 0 0 4 3 3 4 0 0 0 4 4 0 0 4 4 6 0 0 0 0 0 3 4 0 0 2 3 4 0 0 0 0 3 3 0 0 2 2 4 0 0 4 4 0 0 4 4 4
0 0 3 5 0 0 0 0 5 3 5 0 4 3 4 0 0 0 0 0 0 0 0 0 0 0 0 0 0 0 0 0 0 0 0 3 2 4 0 3 2 3 0 0 0 0 0 0 0 0 0 0 0 0 3 1 3 0 3 2 1 2 0 0 0 0 0 0 0 0 4 2 3 0 4 3 2 3 0 0 0 5 3 5 0 4 3 4 0 0 0 0 0 5 3 5 0 3 3 4 0 0 0 0 3 2 3 0 2 1 2 0 0 5 3 5 0 4 3 3
0 0 4 4 0 4 0 0 0 4 4 6 6 4 4 0 0 0 0 0 0 0 0 0 0 0 0 0 0 0 0 0 5 0 0 0 3 3 5 4 3 3 0 0 0 0 0 0 0 0 4 0 0 0 0 2 2 4 0 4 2 2 0 0 0 0 0 4 0 0 0 3 2 4 0 4 3 2 6 0 0 0 4 4 4 6 4 4 0 0 6 0 0 0 4 4 6 4 4 4 0 4 0 0 0 3 3 4 4 2 2 4 0 0 4 3 4 4 3 2
0 0 0 0 0 0 0 0 0 0 0 0 0 0 0 0 0 0 0 0 0 0 0 0 0 0 0 0 0 0 0 0 0 0 0 0 0 0 0 0 0 0 6 7 6 0 0 0 0 0 0 0 0 0 0 0 0 0 0 0 0 0 5 5 0 0 0 0 0 0 0 0 0 0 0 0 0 0 0 0 0 0 0 0 0 0 0 0 0 0 0 0 0 0 0 0 0 0 0 0 0 0 0 0 0 0 0 0 0 0 0 0 0 0 0 0 0 0 0 0
0 0 0 0 5 3 0 0 0 0 0 0 0 0 0 5 0 0 0 0 0 0 0 0 0 0 0 0 0 0 0 0 5 0 0 0 0 0 0 0 0 0 6 0 4 6 0 0 0 0 4 0 0 0 0 0 0 0 0 0 0 0 5 3 5 0 0 3 0 0 0 0 0 0 0 0 0 0 4 0 0 0 0 0 0 0 0 0 0 0 0 0 0 0 0 0 0 0 0 0 7 5 0 0 0 0 0 0 0 0 0 4 0 0 0 0 0 0 0 0
0 0 0 0 3 3 3 5 0 0 0 4 0 0 0 5 3 5 0 0 0 5 0 0 0 0 0 0 0 0 0 0 5 5 7 0 0 0 5 0 0 0 0 0 6 4 5 6 0 0 4 4 6 0 0 0 0 4 0 0 0 0 0 5 3 4 0 3 3 5 0 0 0 3 0 0 0 0 4 3 5 0 0 0 3 0 0 0 0 0 0 0 0 0 0 0 0 0 0 0 5 5 5 7 0 0 0 5 0 0 0 4 4 0 0 0 4 0 0 0
0 0 0 0 4 0 4 4 0 0 0 0 0 0 0 0 4 4 0 0 0 0 0 0 0 0 0 0 0 0 0 0 0 6 6 0 0 0 0 0 0 0 0 0 0 5 5 6 7 0 0 5 5 0 0 0 0 0 0 0 0 0 0 0 4 4 0 0 4 4 0 0 0 0 0 0 0 0 0 4 4 0 0 0 0 0 0 0 0 0 0 0 0 0 0 0 0 0 0 0 6 0 6 6 0 0 0 0 0 0 0 0 5 0 0 0 0 0 0 0
0 0 0 0 0 3 0 0 4 4 0 0 5 0 0 5 0 0 5 5 0 0 7 0 0 0 0 0 0 0 0 0 5 0 0 3 5 0 0 5 0 0 0 0 0 0 0 0 0 3 4 0 0 0 3 3 0 0 0 5 0 0 0 0 0 0 3 3 0 0 3 3 0 0 0 5 0 0 4 0 0 4 4 0 0 6 0 0 0 0 0 0 0 0 0 0 0 0 0 0 0 5 0 0 5 5 0 0 5 0 0 4 0 4 4 0 0 5 0 0
0 0 0 0 3 1 2 3 0 3 2 3 0 0 3 3 3 5 0 5 3 5 0 0 5 0 0 0 0 0 0 0 3 4 5 0 5 3 5 0 0 5 0 0 4 4 0 0 0 4 2 3 4 0 0 3 2 4 0 0 0 4 0 3 3 0 3 1 2 3 0 3 1 3 0 0 0 3 2 3 4 0 4 2 3 0 0 4 0 0 0 0 0 0 0 0 0 0 0 0 5 3 4 5 0 5 3 5 0 0 5 2 3 0 4 2 4 0 0 3
0 0 0 0 3 2 2 3 0 0 3 3 0 0 0 3 2 3 0 0 4 3 0 0 0 0 0 0 0 0 0 0 4 4 5 0 0 4 4 0 0 0 0 0 0 4 5 0 0 0 3 3 4 0 0 0 3 3 0 0 0 0 0 0 3 4 0 2 2 3 0 0 2 2 0 0 0 0 3 2 3 0 0 3 2 0 0 0 0 0 0 0 0 0 0 0 0 0 0 0 5 4 4 5 0 0 4 4 0 0 0 3 3 0 0 3 3 0 0 0
0 0 0 0 5 3 3 3 0 0 0 4 0 0 0 5 3 3 0 0 0 5 0 0 0 0 0 0 0 0 0 0 5 5 5 0 0 0 5 0 0 0 0 0 0 6 5 6 0 0 4 4 4 0 0 0 0 4 0 0 0 0 0 0 5 4 0 3 3 3 0 0 0 3 0 0 0 0 4 3 3 0 0 0 3 0 0 0 0 0 0 0 0 0 0 0 0 0 0 0 7 5 5 5 0 0 0 5 0 0 0 4 4 0 0 0 4 0 0 0
0 0 0 0 0 0 0 0 3 3 3 0 4 5 0 0 0 0 4 4 4 0 5 6 0 0 0 0 0 0 0 0 0 0 0 2 3 4 0 3 4 0 0 0 0 0 0 0 0 3 0 0 0 4 2 2 3 0 4 3 4 0 0 0 0 0 3 0 0 0 2 2 2 0 4 3 4 0 0 0 0 3 3 3 0 4 5 0 0 0 0 0 0 0 0 0 0 0 0 0 0 0 0 0 4 4 4 0 4 4 0 0 0 3 3 3 0 4 4 0
0 0 0 0 0 3 0 0 3 2 2 4 4 3 4 5 0 0 4 3 3 5 5 4 5 0 0 0 0 0 0 0 5 0 0 3 3 3 5 5 4 5 0 0 0 0 0 0 0 3 3 0 0 0 2 1 2 3 0 3 2 3 0 0 0 0 3 3 0 0 2 1 1 3 0 3 2 3 4 0 0 3 2 2 3 4 3 4 0 0 0 0 0 0 0 0 0 0 0 0 0 5 0 0 4 3 3 5 5 3 5 4 0 3 2 2 4 4 3 3
0 0 0 0 0 2 3 0 3 2 1 2 0 3 2 3 4 0 4 3 2 3 0 4 3 0 0 0 0 0 0 0 3 4 0 4 3 2 3 0 4 3 0 0 0 0 0 0 0 0 2 3 0 0 3 2 1 2 0 0 3 2 0 0 0 0 0 1 2 0 2 1 0 1 0 0 2 1 2 3 0 3 2 1 2 0 3 2 0 0 0 0 0 0 0 0 0 0 0 0 0 3 4 0 4 3 2 3 0 4 3 2 3 3 2 1 2 0 3 2
0 0 0 0 4 3 3 4 0 4 2 2 0 0 4 5 3 5 0 5 3 3 0 0 5 0 0 0 0 0 0 0 5 4 5 0 5 3 3 0 0 5 0 0 0 4 0 0 0 0 4 3 4 0 0 3 2 2 0 0 0 4 0 0 3 0 0 3 2 3 0 3 1 1 0 0 0 3 3 2 3 0 3 2 1 0 0 3 0 0 0 0 0 0 0 0 0 0 0 0 5 5 4 5 0 5 3 3 0 0 5 4 3 0 4 2 2 0 0 3
0 0 0 0 0 0 0 0 5 0 0 0 5 5 0 0 0 0 6 0 0 0 6 6 0 0 0 0 0 0 0 0 0 0 0 4 0 0 0 4 6 0 0 0 0 0 0 0 0 0 0 0 0 6 4 0 0 0 4 4 4 0 0 0 0 0 0 0 0 0 4 0 0 0 4 4 4 0 0 0 0 5 0 0 0 5 5 0 0 0 0 0 0 0 0 0 0 0 0 0 0 0 0 0 6 0 0 0 4 4 0 0 0 5 0 0 0 4 4 0
0 0 0 0 0 0 0 0 4 4 0 0 4 4 4 0 0 0 5 5 0 0 5 5 5 0 0 0 0 0 0 0 0 0 0 3 5 0 0 3 4 5 0 0 0 0 0 0 0 5 0 0 0 0 3 3 0 0 4 3 3 4 0 0 0 0 5 0 0 0 3 3 0 0 4 3 3 3 0 0 0 4 4 0 0 4 4 4 0 0 0 0 0 0 0 0 0 0 0 0 0 0 0 0 4 5 0 0 3 3 5 0 0 4 4 0 0 3 3 3
0 0 0 0 0 0 0 0 5 3 3 0 4 3 3 0 0 0 6 4 4 0 5 4 4 0 0 0 0 0 0 0 0 0 0 4 4 4 0 4 4 4 0 0 0 0 0 0 0 0 0 0 0 0 4 2 3 0 4 3 2 3 0 0 0 0 0 0 0 0 4 2 2 0 4 3 2 2 0 0 0 5 3 3 0 4 3 3 0 0 0 0 0 0 0 0 0 0 0 0 0 0 0 0 4 3 4 0 3 2 3 0 0 4 3 3 0 3 2 2
0 0 0 0 0 3 0 0 0 4 2 4 4 3 2 5 0 0 0 5 3 5 5 4 3 0 0 0 0 0 0 0 5 0 0 0 5 3 5 5 4 3 0 0 0 0 0 0 0 0 4 0 0 0 0 3 2 4 0 4 3 2 0 0 0 0 0 3 0 0 0 3 1 3 0 3 2 1 4 0 0 0 4 2 3 4 3 2 0 0 0 0 0 0 0 0 0 0 0 0 0 5 0 0 0 5 3 5 5 3 3 3 0 0 3 2 3 3 2 1
6 4 0 0 4 2 3 4 0 4 3 4 0 0 4 2 2 4 0 4 3 3 0 0 4 4 4 6 4 4 0 0 0 0 0 0 0 0 0 0 0 0 0 0 6 6 0 0 0 6 4 4 6 0 0 4 4 4 0 0 0 6 0 4 4 0 4 2 3 4 0 4 2 3 0 0 0 4 2 2 4 0 4 2 2 0 0 4 0 0 0 0 0 0 0 0 0 0 0 0 0 0 0 0 0 0 0 0 0 0 0 4 4 0 6 4 4 0 0 4
0 5 0 0 4 3 3 4 0 0 5 3 0 0 0 2 1 2 0 0 3 2 0 0 0 4 3 0 5 3 0 0 0 0 0 0 0 0 0 0 0 0 0 0 0 4 5 0 0 0 4 3 4 0 0 0 5 3 0 0 0 0 0 0 3 4 0 3 2 3 0 0 3 2 0 0 0 0 2 1 2 0 0 3 1 0 0 0 0 0 0 0 0 0 0 0 0 0 0 0 0 0 0 0 0 0 0 0 0 0 0 4 3 0 0 5 3 0 0 0
0 0 0 0 6 4 4 4 0 0 0 4 0 0 0 4 2 2 0 0 0 3 0 0 0 4 3 0 0 4 0 0 0 0 0 0 0 0 0 0 0 0 0 0 0 6 5 6 0 0 6 4 4 0 0 0 0 4 0 0 0 0 0 0 5 4 0 4 3 3 0 0 0 3 0 0 0 0 4 2 2 0 0 0 2 0 0 0 0 0 0 0 0 0 0 0 0 0 0 0 0 0 0 0 0 0 0 0 0 0 0 6 4 0 0 0 4 0 0 0
5 5 0 0 0 0 0 0 5 5 5 0 6 7 0 0 0 0 4 4 4 0 5 6 0 0 0 5 5 0 7 0 0 0 0 0 0 0 0 0 0 0 0 0 0 0 0 0 0 4 0 0 0 5 3 3 5 0 5 4 5 0 0 0 0 0 4 0 0 0 3 3 3 0 5 4 5 0 0 0 0 3 3 3 0 4 5 0 0 0 0 0 0 0 0 0 0 0 0 0 0 0 0 0 0 0 0 0 0 0 0 0 0 5 5 5 0 5 5 0
4 4 0 0 0 4 0 0 5 4 4 4 6 5 6 4 0 0 4 3 3 3 5 4 5 6 0 4 4 4 5 0 0 0 0 0 0 0 0 0 0 0 0 0 0 0 0 0 0 4 4 0 0 0 3 2 3 4 0 4 3 4 0 0 0 0 4 4 0 0 3 2 2 3 0 4 3 4 4 0 0 3 2 2 2 4 3 4 0 0 0 0 0 0 0 0 0 0 0 0 0 0 0 0 0 0 0 0 0 0 0 6 0 5 4 4 4 6 4 4
4 3 0 0 0 3 5 0 5 4 3 3 0 5 4 3 3 0 4 3 2 2 0 4 3 4 5 4 3 3 5 0 0 0 0 0 0 0 0 0 0 0 0 0 0 0 0 0 0 0 4 5 0 0 5 3 3 3 0 0 5 4 0 0 0 0 0 2 3 0 3 2 1 2 0 0 3 2 2 3 0 3 2 1 1 0 3 2 0 0 0 0 0 0 0 0 0 0 0 0 0 0 0 0 0 0 0 0 0 0 0 4 5 5 4 3 3 0 5 3
4 3 0 0 4 4 3 4 0 4 3 2 0 0 4 3 2 3 0 3 2 1 0 0 3 4 3 4 3 2 0 0 0 0 0 0 0 0 0 0 0 0 0 0 0 4 0 0 0 0 4 3 4 0 0 4 3 2 0 0 0 4 0 0 3 0 0 3 2 3 0 3 2 1 0 0 0 3 2 1 2 0 2 1 0 0 0 2 0 0 0 0 0 0 0 0 0 0 0 0 0 0 0 0 0 0 0 0 0 0 0 4 3 0 4 3 2 0 0 4
6 0 0 0 0 0 0 0 6 6 0 0 6 6 6 0 0 0 5 5 0 0 5 5 5 0 0 6 0 0 6 0 0 0 0 0 0 0 0 0 0 0 0 0 0 0 0 0 0 6 0 0 0 0 4 4 0 0 5 4 4 6 0 0 0 0 6 0 0 0 4 4 0 0 5 4 4 4 0 0 0 4 4 0 0 4 4 4 0 0 0 0 0 0 0 0 0 0 0 0 0 0 0 0 0 0 0 0 0 0 0 0 0 5 6 0 0 4 4 4
5 5 0 0 0 0 0 0 7 5 5 0 6 5 5 0 0 0 6 4 4 0 5 4 4 0 0 5 5 0 5 0 0 0 0 0 0 0 0 0 0 0 0 0 0 0 0 0 0 0 0 0 0 0 5 3 5 0 5 4 3 4 0 0 0 0 0 0 0 0 5 3 3 0 5 4 3 3 0 0 0 5 3 3 0 4 3 3 0 0 0 0 0 0 0 0 0 0 0 0 0 0 0 0 0 0 0 0 0 0 0 0 0 5 4 5 0 4 3 3
6 4 0 0 0 4 0 0 0 6 4 4 6 5 4 4 0 0 0 5 3 3 5 4 3 6 0 6 4 4 5 0 0 0 0 0 0 0 0 0 0 0 0 0 0 0 0 0 0 0 6 0 0 0 0 4 4 4 0 6 4 4 0 0 0 0 0 4 0 0 0 4 2 3 0 4 3 2 4 0 0 0 4 2 2 4 3 2 0 0 0 0 0 0 0 0 0 0 0 0 0 0 0 0 0 0 0 0 0 0 0 4 0 0 4 3 4 4 3 2
0 0 0 0 0 0 0 0 0 0 0 0 0 0 0 0 0 0 0 0 0 0 0 0 0 0 0 0 0 0 0 5 5 0 0 3 3 4 5 5 4 5 0 0 0 0 0 0 0 0 0 0 0 0 0 0 0 0 0 0 0 0 0 0 0 0 0 0 0 0 0 0 0 0 0 0 0 0 0 0 0 0 0 0 0 0 0 0 3 4 5 0 0 3 3 4 5 3 3 5 0 5 0 0 4 3 4 5 5 3 5 0 0 0 0 0 0 0 0 0
0 0 0 0 0 0 0 0 0 0 0 0 0 0 0 0 0 0 0 0 0 0 0 0 0 0 0 0 0 0 0 6 5 6 0 4 4 4 5 0 6 5 0 0 0 0 0 0 0 0 0 0 0 0 0 0 0 0 0 0 0 0 0 0 0 0 0 0 0 0 0 0 0 0 0 0 0 0 0 0 0 0 0 0 0 0 0 0 4 4 5 6 0 4 4 4 5 0 4 4 0 5 6 0 6 4 4 5 0 4 4 0 0 0 0 0 0 0 0 0
0 0 6 5 0 0 0 0 0 0 0 0 0 0 0 0 0 0 0 0 0 0 0 0 0 0 0 0 0 0 0 0 4 5 6 0 4 4 6 0 0 5 0 0 6 6 0 0 0 6 4 5 6 0 0 4 4 6 0 0 0 6 0 0 0 0 0 0 0 0 0 0 0 0 0 0 0 0 0 0 0 0 0 0 0 0 0 0 5 5 4 5 6 0 4 4 6 0 0 4 6 4 5 6 0 4 4 6 0 0 4 4 5 0 6 4 6 0 0 4
0 0 0 7 0 0 0 0 0 0 0 0 0 0 0 0 0 0 0 0 0 0 0 0 0 0 0 0 0 0 0 0 5 5 6 0 0 5 5 0 0 0 0 0 0 6 7 0 0 0 5 5 6 0 0 0 5 5 0 0 0 0 0 0 0 0 0 0 0 0 0 0 0 0 0 0 0 0 0 0 0 0 0 0 0 0 0 0 0 6 5 5 6 0 0 5 5 0 0 0 6 5 5 6 0 0 5 5 0 0 0 5 5 0 0 5 5 0 0 0
0 0 0 0 0 0 0 0 0 0 0 0 0 0 0 0 0 0 0 0 0 0 0 0 0 0 0 0 0 0 0 0 6 6 6 0 0 0 6 0 0 0 0 0 0 8 7 8 0 0 6 6 6 0 0 0 0 6 0 0 0 0 0 0 0 0 0 0 0 0 0 0 0 0 0 0 0 0 0 0 0 0 0 0 0 0 0 0 0 0 6 6 6 0 0 0 6 0 0 0 8 6 6 6 0 0 0 6 0 0 0 6 6 0 0 0 6 0 0 0
0 0 4 5 0 0 0 0 0 0 0 0 0 0 0 0 0 0 0 0 0 0 0 0 0 0 0 0 0 0 0 0 0 0 0 1 2 3 0 2 3 0 0 0 0 0 0 0 0 4 0 0 0 5 3 3 5 0 5 3 5 0 0 0 0 0 0 0 0 0 0 0 0 0 0 0 0 0 0 0 0 0 0 0 0 0 0 0 3 4 0 0 0 1 2 3 0 1 3 0 0 0 0 0 2 3 4 0 2 3 0 0 0 3 4 5 0 3 5 0
0 0 4 5 0 0 0 0 0 0 0 0 0 0 0 0 0 0 0 0 0 0 0 0 0 0 0 0 0 0 0 0 4 0 0 2 2 3 4 3 3 4 0 0 0 0 0 0 0 4 4 0 0 0 3 2 3 4 0 4 3 4 0 0 0 0 0 0 0 0 0 0 0 0 0 0 0 0 0 0 0 0 0 0 0 0 0 0 3 4 4 0 0 2 2 3 4 2 2 4 0 4 0 0 3 2 3 4 3 2 4 6 0 4 4 4 6 4 4 4
0 0 5 5 0 0 0 0 0 0 0 0 0 0 0 0 0 0 0 0 0 0 0 0 0 0 0 0 0 0 0 0 4 5 0 3 3 3 4 0 4 4 0 0 0 0 0 0 0 0 4 5 0 0 5 3 3 4 0 0 5 4 0 0 0 0 0 0 0 0 0 0 0 0 0 0 0 0 0 0 0 0 0 0 0 0 0 0 4 4 4 5 0 3 3 3 4 0 3 3 0 4 5 0 4 3 3 4 0 3 3 4 5 5 4 3 4 0 5 3
0 0 6 6 0 0 0 0 0 0 0 0 0 0 0 0 0 0 0 0 0 0 0 0 0 0 0 0 0 0 0 0 6 5 6 0 4 4 4 0 0 5 0 0 0 6 0 0 0 0 6 5 6 0 0 4 4 4 0 0 0 6 0 0 0 0 0 0 0 0 0 0 0 0 0 0 0 0 0 0 0 0 0 0 0 0 0 0 5 5 6 5 6 0 4 4 4 0 0 4 6 6 5 6 0 4 4 4 0 0 4 6 5 0 6 4 4 0 0 4
0 0 4 0 0 0 0 0 0 0 0 0 0 0 0 0 0 0 0 0 0 0 0 0 0 0 0 0 0 0 0 0 0 0 0 2 3 0 0 1 2 3 0 0 0 0 0 0 0 4 0 0 0 0 3 4 0 0 3 2 3 4 0 0 0 0 0 0 0 0 0 0 0 0 0 0 0 0 0 0 0 0 0 0 0 0 0 0 3 0 0 0 0 1 2 0 0 0 1 2 0 0 0 0 2 3 0 0 1 2 3 0 0 3 4 0 0 2 3 4
0 0 4 5 0 0 0 0 0 0 0 0 0 0 0 0 0 0 0 0 0 0 0 0 0 0 0 0 0 0 0 0 0 0 0 3 3 4 0 2 2 3 0 0 0 0 0 0 0 0 0 0 0 0 5 3 5 0 5 3 3 4 0 0 0 0 0 0 0 0 0 0 0 0 0 0 0 0 0 0 0 0 0 0 0 0 0 0 3 4 0 0 0 3 2 3 0 1 1 2 0 0 0 0 3 2 3 0 2 1 2 0 0 5 4 5 0 3 3 3
0 0 6 5 0 0 0 0 0 0 0 0 0 0 0 0 0 0 0 0 0 0 0 0 0 0 0 0 0 0 0 0 5 0 0 0 4 4 5 3 3 3 0 0 0 0 0 0 0 0 6 0 0 0 0 4 4 6 0 4 4 4 0 0 0 0 0 0 0 0 0 0 0 0 0 0 0 0 0 0 0 0 0 0 0 0 0 0 5 4 4 0 0 0 4 3 4 2 2 2 0 4 0 0 0 4 3 4 3 2 2 4 0 0 4 3 4 4 3 2
0 0 0 0 0 0 0 0 0 0 0 0 0 0 0 0 0 0 0 0 0 0 0 0 0 0 0 0 0 0 0 0 7 7 9 0 0 0 7 0 0 0 0 0 7 5 6 7 0 0 5 5 7 0 0 0 0 5 0 0 0 0 0 7 5 6 0 5 5 7 0 0 0 5 0 0 0 0 0 0 0 0 0 0 0 0 0 0 0 0 6 6 8 0 0 0 6 0 0 0 5 5 5 7 0 0 0 5 0 0 0 5 5 0 0 0 5 0 0 0
0 0 0 0 0 0 0 0 0 0 0 0 0 0 0 0 0 0 0 0 0 0 0 0 0 0 0 0 0 0 0 0 5 6 7 0 5 5 7 0 0 5 0 0 5 5 0 0 0 5 3 4 5 0 0 3 3 5 0 0 0 4 0 5 5 0 5 3 4 5 0 5 3 5 0 0 0 5 0 0 0 0 0 0 0 0 0 0 5 5 4 5 6 0 4 4 6 0 0 4 5 3 4 5 0 3 3 5 0 0 3 3 4 0 4 3 5 0 0 3
0 0 0 0 0 0 0 0 0 0 0 0 0 0 0 0 0 0 0 0 0 0 0 0 0 0 0 0 0 0 0 0 6 6 7 0 0 6 6 0 0 0 0 0 0 5 6 0 0 0 4 4 5 0 0 0 4 4 0 0 0 0 0 0 5 6 0 4 4 5 0 0 4 4 0 0 0 0 0 0 0 0 0 0 0 0 0 0 0 6 5 5 6 0 0 5 5 0 0 0 5 4 4 5 0 0 4 4 0 0 0 4 4 0 0 4 4 0 0 0
0 0 0 0 0 0 0 0 0 0 0 0 0 0 0 0 0 0 0 0 0 0 0 0 0 0 0 0 0 0 0 0 7 7 7 0 0 0 7 0 0 0 0 0 0 7 6 7 0 0 5 5 5 0 0 0 0 5 0 0 0 0 0 0 7 6 0 5 5 5 0 0 0 5 0 0 0 0 0 0 0 0 0 0 0 0 0 0 0 0 6 6 6 0 0 0 6 0 0 0 7 5 5 5 0 0 0 5 0 0 0 5 5 0 0 0 5 0 0 0
0 0 0 0 0 0 0 0 0 0 0 0 0 0 0 0 0 0 0 0 0 0 0 0 0 0 0 0 0 0 0 0 0 0 0 2 3 4 0 3 4 0 0 0 0 0 0 0 0 3 0 0 0 4 2 2 4 0 4 3 3 0 0 0 0 0 5 0 0 0 4 4 4 0 6 4 4 0 0 0 0 0 0 0 0 0 0 0 4 6 0 0 0 2 3 4 0 2 3 0 0 0 0 0 2 2 4 0 2 2 0 0 0 3 3 4 0 3 3 0
0 0 0 0 0 0 0 0 0 0 0 0 0 0 0 0 0 0 0 0 0 0 0 0 0 0 0 0 0 0 0 0 5 0 0 3 3 4 5 5 3 5 0 0 0 0 0 0 0 3 3 0 0 0 2 1 2 3 0 3 2 3 0 0 0 0 5 5 0 0 4 3 3 5 0 5 3 5 0 0 0 0 0 0 0 0 0 0 3 4 4 0 0 3 2 3 4 3 2 4 0 3 0 0 2 1 2 3 3 1 3 4 0 3 2 3 4 4 2 3
0 0 0 0 0 0 0 0 0 0 0 0 0 0 0 0 0 0 0 0 0 0 0 0 0 0 0 0 0 0 0 0 5 6 0 4 4 4 5 0 4 4 0 0 0 0 0 0 0 0 3 4 0 0 4 2 2 3 0 0 3 3 0 0 0 0 0 3 4 0 4 3 2 3 0 0 4 3 0 0 0 0 0 0 0 0 0 0 4 4 4 5 0 4 3 3 4 0 3 3 0 3 4 0 4 2 2 3 0 2 2 3 4 4 3 2 3 0 3 2
0 0 0 0 0 0 0 0 0 0 0 0 0 0 0 0 0 0 0 0 0 0 0 0 0 0 0 0 0 0 0 0 7 6 7 0 5 5 5 0 0 5 0 0 0 5 0 0 0 0 5 4 5 0 0 3 3 3 0 0 0 4 0 0 5 0 0 5 4 5 0 5 3 3 0 0 0 5 0 0 0 0 0 0 0 0 0 0 5 5 6 5 6 0 4 4 4 0 0 4 5 5 4 5 0 3 3 3 0 0 3 5 4 0 4 3 3 0 0 3
0 0 0 0 0 0 0 0 0 0 0 0 0 0 0 0 0 0 0 0 0 0 0 0 0 0 0 0 0 0 0 0 0 0 0 3 5 0 0 3 3 5 0 0 0 0 0 0 0 4 0 0 0 0 3 3 0 0 3 2 2 4 0 0 0 0 5 0 0 0 4 5 0 0 4 3 3 5 0 0 0 0 0 0 0 0 0 0 5 0 0 0 0 2 3 0 0 1 2 3 0 0 0 0 2 3 0 0 1 1 3 0 0 3 4 0 0 2 2 3
0 0 0 0 0 0 0 0 0 0 0 0 0 0 0 0 0 0 0 0 0 0 0 0 0 0 0 0 0 0 0 0 0 0 0 4 3 4 0 3 2 3 0 0 0 0 0 0 0 0 0 0 0 0 3 2 3 0 3 2 1 2 0 0 0 0 0 0 0 0 4 3 4 0 4 3 2 3 0 0 0 0 0 0 0 0 0 0 3 4 0 0 0 3 2 3 0 2 1 2 0 0 0 0 2 1 2 0 1 0 1 0 0 3 2 3 0 2 1 2
0 0 0 0 0 0 0 0 0 0 0 0 0 0 0 0 0 0 0 0 0 0 0 0 0 0 0 0 0 0 0 0 5 0 0 0 5 4 5 5 3 3 0 0 0 0 0 0 0 0 4 0 0 0 0 3 3 4 0 4 2 2 0 0 0 0 0 5 0 0 0 5 3 5 0 5 3 3 0 0 0 0 0 0 0 0 0 0 5 4 4 0 0 0 4 3 4 3 2 2 0 3 0 0 0 3 2 3 3 1 1 3 0 0 3 2 3 3 2 1
0 0 0 0 4 2 3 4 0 4 3 4 0 0 4 0 0 0 0 0 0 0 0 0 0 0 0 0 0 0 0 0 0 0 0 0 0 0 0 0 0 0 0 0 6 6 0 0 0 6 4 5 6 0 0 4 4 6 0 0 0 4 0 4 4 0 4 2 3 4 0 4 2 4 0 0 0 3 4 4 6 0 6 4 4 0 0 4 0 0 4 5 6 0 6 4 6 0 0 4 5 3 4 5 0 4 3 5 0 0 3 2 3 0 4 2 4 0 0 2
0 0 0 0 4 3 3 4 0 0 5 4 0 0 0 0 0 0 0 0 0 0 0 0 0 0 0 0 0 0 0 0 0 0 0 0 0 0 0 0 0 0 0 0 0 6 7 0 0 0 5 5 6 0 0 0 5 5 0 0 0 0 0 0 4 5 0 3 3 4 0 0 3 3 0 0 0 0 4 3 4 0 0 5 3 0 0 0 0 0 5 5 6 0 0 5 5 0 0 0 5 4 4 5 0 0 4 4 0 0 0 3 3 0 0 3 3 0 0 0
0 0 0 0 0 0 0 0 5 5 5 0 5 5 0 0 0 0 0 0 0 0 0 0 0 0 0 0 0 0 0 0 0 0 0 0 0 0 0 0 0 0 0 0 0 0 0 0 0 4 0 0 0 5 3 3 5 0 5 4 5 0 0 0 0 0 4 0 0 0 3 3 3 0 5 4 4 0 0 0 0 5 5 5 0 5 5 0 0 0 0 0 0 3 4 5 0 3 5 0 0 0 0 0 3 3 4 0 3 3 0 0 0 3 3 3 0 3 3 0
0 0 0 0 0 4 0 0 5 4 4 6 6 4 4 0 0 0 0 0 0 0 0 0 0 0 0 0 0 0 0 0 0 0 0 0 0 0 0 0 0 0 0 0 0 0 0 0 0 4 4 0 0 0 3 2 3 4 0 4 3 4 0 0 0 0 4 4 0 0 3 2 2 4 0 4 3 3 6 0 0 5 4 4 4 6 4 4 0 0 6 0 0 4 4 4 6 4 4 4 0 4 0 0 3 2 3 4 4 2 3 4 0 3 2 2 4 4 2 2
0 0 0 0 0 3 5 0 5 4 3 4 0 5 3 0 0 0 0 0 0 0 0 0 0 0 0 0 0 0 0 0 0 0 0 0 0 0 0 0 0 0 0 0 0 0 0 0 0 0 4 5 0 0 5 3 3 4 0 0 5 3 0 0 0 0 0 2 3 0 3 2 1 2 0 0 3 2 4 5 0 5 4 3 3 0 5 3 0 0 4 5 0 5 4 3 4 0 5 3 0 3 4 0 4 3 2 3 0 3 2 2 3 3 2 1 2 0 3 1
0 0 0 0 6 4 4 6 0 6 4 4 0 0 4 0 0 0 0 0 0 0 0 0 0 0 0 0 0 0 0 0 0 0 0 0 0 0 0 0 0 0 0 0 0 6 0 0 0 0 6 5 6 0 0 4 4 4 0 0 0 4 0 0 4 0 0 4 3 4 0 4 2 2 0 0 0 3 4 3 4 0 4 3 2 0 0 4 0 0 6 5 6 0 6 4 4 0 0 4 5 5 4 5 0 4 3 3 0 0 3 4 3 0 4 2 2 0 0 2
0 0 0 0 0 0 0 0 5 6 0 0 4 4 4 0 0 0 0 0 0 0 0 0 0 0 0 0 0 0 0 0 0 0 0 0 0 0 0 0 0 0 0 0 0 0 0 0 0 6 0 0 0 0 4 4 0 0 5 4 4 4 0 0 0 0 5 0 0 0 4 4 0 0 4 3 3 3 0 0 0 5 6 0 0 4 4 4 0 0 0 0 0 3 4 0 0 2 3 4 0 0 0 0 3 4 0 0 2 2 3 0 0 3 4 0 0 2 2 2
0 0 0 0 0 0 0 0 5 4 5 0 4 3 3 0 0 0 0 0 0 0 0 0 0 0 0 0 0 0 0 0 0 0 0 0 0 0 0 0 0 0 0 0 0 0 0 0 0 0 0 0 0 0 5 3 5 0 5 4 3 3 0 0 0 0 0 0 0 0 4 3 3 0 4 3 2 2 0 0 0 5 4 5 0 4 3 3 0 0 0 0 0 5 4 5 0 3 3 3 0 0 0 0 3 2 3 0 2 1 2 0 0 3 2 3 0 2 1 1
0 0 0 0 0 4 0 0 0 4 3 4 4 3 2 0 0 0 0 0 0 0 0 0 0 0 0 0 0 0 0 0 0 0 0 0 0 0 0 0 0 0 0 0 0 0 0 0 0 0 4 0 0 0 0 4 3 4 0 4 3 2 0 0 0 0 0 3 0 0 0 3 2 3 0 3 2 1 4 0 0 0 4 3 4 4 3 2 0 0 4 0 0 0 4 3 4 4 3 2 0 3 0 0 0 3 2 3 3 2 1 2 0 0 2 1 2 2 1 0
