0.06023725157910954 0.061315667847789246 0.06208596518256047 0.06270220305037745 0.06331844091819443 0.06439685718687413 0.06470497612078262 0.06470497612078262 0.06716992759205054 0.068094284393776 0.07040517639808966 0.07055923586504391 0.07163765213372361 0.07287012786935758 0.07579725774148821
0.2857142857142857 0.0 0.14285714285714285 0.0 0.14285714285714285 0.2857142857142857 0.0 0.2857142857142857 0.14285714285714285 0.0 0.0 0.14285714285714285 0.0 0.14285714285714285 0.0
0.0 0.2857142857142857 0.0 0.0 0.0 0.0 0.0 0.0 0.0 0.2857142857142857 0.0 0.0 0.0 0.0 0.0
0.14285714285714285 0.0 0.2857142857142857 0.0 0.0 0.14285714285714285 0.0 0.14285714285714285 0.0 0.0 0.0 0.0 0.0 0.14285714285714285 0.0
0.0 0.0 0.0 0.0 0.0 0.0 0.0 0.0 0.0 0.0 0.0 0.0 0.0 0.0 0.0
0.14285714285714285 0.0 0.0 0.0 0.8571428571428571 0.2857142857142857 0.0 0.8571428571428571 0.14285714285714285 0.0 0.0 0.2857142857142857 0.0 0.0 0.0
0.2857142857142857 0.0 0.14285714285714285 0.0 0.2857142857142857 0.42857142857142855 0.0 0.42857142857142855 0.14285714285714285 0.0 0.0 0.2857142857142857 0.0 0.14285714285714285 0.0
0.0 0.0 0.0 0.0 0.0 0.0 0.0 0.0 0.0 0.0 0.0 0.0 0.0 0.0 0.0
0.2857142857142857 0.0 0.14285714285714285 0.0 0.8571428571428571 0.42857142857142855 0.0 1.0 0.14285714285714285 0.0 0.0 0.2857142857142857 0.0 0.14285714285714285 0.0
0.14285714285714285 0.0 0.0 0.0 0.14285714285714285 0.14285714285714285 0.0 0.14285714285714285 0.14285714285714285 0.0 0.0 0.14285714285714285 0.0 0.0 0.0
0.0 0.2857142857142857 0.0 0.0 0.0 0.0 0.0 0.0 0.0 0.8571428571428571 0.2857142857142857 0.0 0.14285714285714285 0.0 0.0
0.0 0.0 0.0 0.0 0.0 0.0 0.0 0.0 0.0 0.2857142857142857 0.2857142857142857 0.0 0.14285714285714285 0.0 0.0
0.14285714285714285 0.0 0.0 0.0 0.2857142857142857 0.2857142857142857 0.0 0.2857142857142857 0.14285714285714285 0.0 0.0 0.2857142857142857 0.0 0.0 0.0
0.0 0.0 0.0 0.0 0.0 0.0 0.0 0.0 0.0 0.14285714285714285 0.14285714285714285 0.0 0.14285714285714285 0.0 0.0
0.14285714285714285 0.0 0.14285714285714285 0.0 0.0 0.14285714285714285 0.0 0.14285714285714285 0.0 0.0 0.0 0.0 0.0 0.14285714285714285 0.0
0.0 0.0 0.0 0.0 0.0 0.0 0.0 0.0 0.0 0.0 0.0 0.0 0.0 0.0 0.0
