0.005688195082134476 0.010381593714927048 0.005331088664421998 0.005076012651770228 0.00959085807570656 0.009259259259259259 0.005509641873278237 0.006427915518824609 0.009208244056728905 0.011274359759208244 0.006912559942862973 0.006172839506172839 0.005611672278338945 0.0053565962656871744 0.007805325987144169 0.005305581063156821 0.008034894398530763 0.007805325987144169 0.0054841342720130595 0.005764717885930007 0.007805325987144169 0.0061473319049076625 0.006836037139067442 0.005892255892255892 0.0064789307213549635 0.0054841342720130595 0.007193143556779921 0.005280073461891644 0.005280073461891644 0.009769411284562799 0.005790225487195184 0.005764717885930007 0.009539842873176206 0.009667380879502092 0.006963575145393327 0.008060401999795939 0.011861034588307316 0.008443016018773595 0.005662687480869299 0.005637179879604122 0.0058157330884603614 0.006325885113763902 0.005178043056830936 0.009361289664319967 0.005382103866952352 0.005229058259361289 0.008698092031425365 0.010713192531374349 0.005127027854300582 0.006045301499846954 0.008570554025099479 0.011656973778185899 0.008596061626364657 0.006402407917559433 0.005662687480869299 0.005433119069482706 0.006274869911233548 0.005917763493521069 0.006708499132741557 0.006172839506172839 0.005611672278338945 0.005586164677073768 0.005178043056830936 0.006325885113763902 0.005203550658096113 0.008851137639016427 0.009029690847872666 0.00890215284154678 0.006580961126415672 0.007728803183348638 0.01027956330986634 0.00737169676563616 0.005713702683399653 0.005611672278338945 0.005076012651770228 0.005407611468217529 0.010713192531374349 0.005509641873278237 0.0053565962656871744 0.009973472094684216 0.010662177328843996 0.005407611468217529 0.008187940006121825 0.009361289664319967 0.012065095398428732 0.008545046423834303 0.006580961126415672 0.0051525354555657585 0.0059432710947862465 0.0063513927150290785 0.005892255892255892 0.010483624119987756 0.006606468727680849 0.006606468727680849 0.005178043056830936 0.011121314151617183 0.011682481379451076 0.005764717885930007 0.008060401999795939 0.009743903683297623 0.012549739822467095 0.009233751657994083 0.006631976328946026 0.0058157330884603614 0.006529945923885318 0.006274869911233548 0.006019793898581777 0.005968778696051423 0.0058157330884603614 0.00813692480359147 0.005994286297316601 0.008978675645342313 0.007524742373227222 0.00864707682889501 0.008111417202326294 0.00890215284154678 0.006019793898581777 0.007014590347923681 0.010152025303540455 0.0071421283542495665 0.006274869911233548 0.005203550658096113 0.005611672278338945 0.005994286297316601 0.005892255892255892 0.006631976328946026 0.005892255892255892 0.00668299153147638 0.005560657075808591 0.007244158759310274 0.0051525354555657585 0.0058157330884603614 0.005713702683399653 0.0059432710947862465 0.005407611468217529 0.007524742373227222 0.005611672278338945 0.005050505050505051 0.005535149474543414 0.005509641873278237 0.006045301499846954
1 1 3 2 5 4 5 0 0 6 5 4 0 0 4 5 8 7 0 0 9 8 3 7 6 0 8 7 6 6 8 7 9 9 0 0 11 10 9 0 0 0 5 5 7 6 9 7 9 0 0 10 9 8 0 0 0 7 9 4 8 7 0 9 0 0 0 0 0 0 0 0 0 0 0 0 0 0 0 0 0 0 0 0 0 0 0 0 0 0 0 0 0 0 0 0 0 0 0 0 0 0 0 0 0 0 0 6 10 9 0 11 9 5 9 8 0 0 10 9 7 0 0 0 0 0 0 0 0 0 0 0 0 0 0 0 0 0 0 0 0
1 0 3 2 5 4 3 0 0 0 5 4 0 0 3 6 8 7 0 0 0 8 2 7 6 0 0 7 6 5 8 7 10 9 0 0 0 10 9 0 0 0 5 4 7 6 9 8 7 0 0 0 9 8 0 0 0 7 0 3 8 7 0 0 0 0 0 0 0 0 0 0 0 0 0 0 0 0 0 0 0 0 0 0 0 0 0 0 0 0 0 0 0 0 0 0 0 0 0 0 0 0 0 0 0 0 0 5 10 9 0 0 10 4 9 8 0 0 0 9 8 0 0 0 0 0 0 0 0 0 0 0 0 0 0 0 0 0 0 0 0
3 3 3 3 5 4 7 8 7 6 5 6 8 7 6 3 5 4 8 7 6 5 5 5 4 7 6 5 8 8 7 8 7 7 12 11 9 9 10 0 12 11 7 7 5 6 7 5 9 10 9 8 7 8 0 10 9 5 8 6 8 7 10 9 0 0 0 0 0 0 0 0 0 0 0 0 0 0 0 0 0 0 0 0 0 0 0 0 0 0 0 0 0 0 0 0 0 0 0 0 0 0 0 0 0 0 0 8 9 7 11 9 7 7 9 7 12 11 9 7 7 11 0 0 0 0 0 0 0 0 0 0 0 0 0 0 0 0 0 0 0
2 2 3 2 5 4 5 0 7 6 5 4 0 7 5 4 7 6 0 9 8 7 4 5 4 7 6 5 7 7 8 7 8 8 0 12 10 10 9 0 0 12 6 6 6 6 8 6 9 0 11 10 8 8 0 0 11 6 8 5 8 7 10 9 0 0 0 0 0 0 0 0 0 0 0 0 0 0 0 0 0 0 0 0 0 0 0 0 0 0 0 0 0 0 0 0 0 0 0 0 0 0 0 0 0 0 0 7 10 8 12 10 8 6 9 8 0 11 10 8 6 11 0 0 0 0 0 0 0 0 0 0 0 0 0 0 0 0 0 0 0
5 5 5 5 5 5 7 8 7 6 7 7 8 7 8 5 5 5 8 7 6 7 7 5 5 7 6 7 9 10 7 8 5 6 8 7 6 7 8 9 8 7 9 9 7 8 5 5 9 8 7 6 7 8 9 8 7 5 6 8 7 7 9 8 0 0 0 0 0 0 0 0 0 0 0 0 0 0 0 0 0 0 0 0 0 0 0 0 0 0 0 0 0 0 0 0 0 0 0 0 0 0 0 0 0 0 0 10 7 7 9 7 7 9 7 7 10 9 7 7 7 9 0 0 0 0 0 0 0 0 0 0 0 0 0 0 0 0 0 0 0
4 4 4 4 5 4 6 8 7 6 5 6 8 7 7 4 5 4 8 7 6 5 6 5 4 7 6 5 9 9 7 8 6 6 10 9 8 7 8 11 10 9 7 8 5 6 5 4 7 8 7 6 5 6 9 8 7 4 6 7 7 6 9 8 0 0 0 0 0 0 0 0 0 0 0 0 0 0 0 0 0 0 0 0 0 0 0 0 0 0 0 0 0 0 0 0 0 0 0 0 0 0 0 0 0 0 0 9 7 6 9 8 6 8 7 6 10 9 8 6 6 9 0 0 0 0 0 0 0 0 0 0 0 0 0 0 0 0 0 0 0
5 3 7 5 7 6 3 0 0 8 7 6 0 0 6 7 9 7 0 0 11 9 5 9 7 0 10 9 10 8 11 10 9 9 0 0 11 11 11 0 0 0 9 7 9 9 9 7 7 0 0 11 9 9 0 0 0 7 10 6 7 6 0 8 0 0 0 0 0 0 0 0 0 0 0 0 0 0 0 0 0 0 0 0 0 0 0 0 0 0 0 0 0 0 0 0 0 0 0 0 0 0 0 0 0 0 0 8 11 9 0 11 9 7 11 9 0 0 11 9 7 0 0 0 0 0 0 0 0 0 0 0 0 0 0 0 0 0 0 0 0
0 0 8 0 8 8 0 8 8 8 8 8 10 10 0 8 8 8 8 8 8 8 0 8 8 8 8 8 0 0 12 0 8 10 8 8 8 10 12 9 10 10 0 0 10 0 8 8 0 8 8 8 8 10 9 10 10 8 8 0 10 10 10 10 0 0 0 0 0 0 0 0 0 0 0 0 0 0 0 0 0 0 0 0 0 0 0 0 0 0 0 0 0 0 0 0 0 0 0 0 0 0 0 0 0 0 0 0 10 10 8 8 8 0 10 10 8 8 8 8 8 10 0 0 0 0 0 0 0 0 0 0 0 0 0 0 0 0 0 0 0
0 0 7 7 7 7 0 8 7 7 7 7 8 9 0 7 7 7 8 7 7 7 0 7 7 7 7 7 0 0 11 12 7 9 8 7 7 9 10 9 8 9 0 0 9 11 7 7 0 8 7 7 7 9 9 8 9 7 7 0 9 9 9 9 0 0 0 0 0 0 0 0 0 0 0 0 0 0 0 0 0 0 0 0 0 0 0 0 0 0 0 0 0 0 0 0 0 0 0 0 0 0 0 0 0 0 0 0 9 9 7 7 7 0 9 9 8 7 7 7 7 9 0 0 0 0 0 0 0 0 0 0 0 0 0 0 0 0 0 0 0
6 0 6 6 6 6 8 8 7 6 6 6 8 7 0 6 6 6 8 7 6 6 0 6 6 7 6 6 11 0 9 10 6 8 8 7 6 7 8 9 8 7 10 0 8 10 6 6 11 8 7 6 6 8 9 8 7 6 6 0 8 8 9 8 0 0 0 0 0 0 0 0 0 0 0 0 0 0 0 0 0 0 0 0 0 0 0 0 0 0 0 0 0 0 0 0 0 0 0 0 0 0 0 0 0 0 0 0 7 8 7 6 6 0 7 8 8 7 6 6 6 7 0 0 0 0 0 0 0 0 0 0 0 0 0 0 0 0 0 0 0
5 5 5 5 7 5 7 8 7 6 5 5 8 7 8 5 7 5 8 7 6 5 7 7 5 7 6 5 10 10 9 10 7 7 10 9 7 7 8 11 10 9 9 9 7 8 7 5 9 8 7 6 5 6 9 8 7 5 6 8 9 7 9 8 0 0 0 0 0 0 0 0 0 0 0 0 0 0 0 0 0 0 0 0 0 0 0 0 0 0 0 0 0 0 0 0 0 0 0 0 0 0 0 0 0 0 0 10 7 6 7 6 5 9 7 6 8 7 6 5 5 7 0 0 0 0 0 0 0 0 0 0 0 0 0 0 0 0 0 0 0
4 4 6 4 7 6 6 8 7 6 5 4 8 7 7 6 8 6 10 9 8 6 6 7 6 7 6 5 9 9 10 9 8 8 12 10 8 8 8 13 12 10 8 8 8 8 8 6 9 10 9 8 6 6 11 10 9 6 6 7 9 8 9 8 0 0 0 0 0 0 0 0 0 0 0 0 0 0 0 0 0 0 0 0 0 0 0 0 0 0 0 0 0 0 0 0 0 0 0 0 0 0 0 0 0 0 0 9 9 8 9 8 6 8 7 6 8 7 6 5 4 7 0 0 0 0 0 0 0 0 0 0 0 0 0 0 0 0 0 0 0
0 0 8 0 8 8 0 10 8 8 8 8 8 8 0 8 8 8 10 8 8 8 0 8 8 8 8 8 0 0 12 0 8 10 10 8 8 10 12 9 8 8 0 0 10 0 8 8 0 10 8 8 8 10 9 8 8 8 8 0 10 10 10 10 0 0 0 0 0 0 0 0 0 0 0 0 0 0 0 0 0 0 0 0 0 0 0 0 0 0 0 0 0 0 0 0 0 0 0 0 0 0 0 0 0 0 0 0 10 10 8 8 8 0 10 10 10 8 8 8 8 8 0 0 0 0 0 0 0 0 0 0 0 0 0 0 0 0 0 0 0
0 0 7 7 7 7 0 10 9 7 7 7 8 7 0 7 7 7 10 9 7 7 0 7 7 9 7 7 0 0 11 12 7 9 10 9 7 9 10 9 8 7 0 0 9 11 7 7 0 10 9 7 7 9 9 8 7 7 7 0 9 9 11 9 0 0 0 0 0 0 0 0 0 0 0 0 0 0 0 0 0 0 0 0 0 0 0 0 0 0 0 0 0 0 0 0 0 0 0 0 0 0 0 0 0 0 0 0 9 9 9 7 7 0 9 9 10 9 7 7 7 7 0 0 0 0 0 0 0 0 0 0 0 0 0 0 0 0 0 0 0
4 3 6 5 8 7 6 0 0 0 8 7 0 0 3 3 7 5 0 0 0 7 3 8 6 0 0 8 5 5 5 5 7 7 0 0 0 9 9 0 0 0 4 4 4 4 7 5 7 0 0 0 7 7 0 0 0 7 0 7 11 9 0 0 8 8 12 10 0 0 0 12 12 0 0 7 7 7 7 11 9 10 0 0 0 11 11 0 0 0 6 6 6 6 0 9 8 9 0 0 0 9 9 0 0 0 0 5 9 7 0 0 7 6 10 8 0 0 0 9 7 0 0 0 0 8 12 10 0 0 12 7 11 9 0 0 11 6 10 8 0
5 6 3 4 5 4 7 8 7 6 5 6 8 7 3 0 2 1 5 4 3 2 4 3 2 5 4 3 4 5 2 3 4 3 7 6 5 4 5 0 7 6 3 4 1 2 3 2 5 6 5 4 3 4 0 6 5 3 5 7 6 5 8 7 7 8 7 6 10 9 8 7 8 10 9 6 7 4 5 6 5 8 9 8 7 6 7 0 9 8 5 6 3 4 6 5 4 7 8 7 6 5 6 0 8 7 6 5 4 3 6 5 4 6 5 4 8 7 6 5 6 7 0 0 0 8 7 6 9 8 7 7 6 5 8 7 6 6 5 4 6
8 8 5 7 5 5 9 8 7 6 7 8 8 7 7 2 2 2 5 4 3 4 8 3 3 5 4 5 6 7 4 5 2 3 5 4 3 4 5 6 5 4 6 7 3 5 2 2 6 5 4 3 4 5 6 5 4 4 5 11 6 6 8 7 11 12 7 7 8 8 8 9 10 10 9 10 11 6 8 6 6 10 8 6 6 8 9 10 8 8 8 9 5 7 5 4 5 8 7 6 4 6 7 8 7 6 7 9 4 4 6 4 4 10 5 5 8 7 6 6 6 7 0 0 0 12 7 7 8 8 9 11 6 6 8 6 8 10 5 5 6
7 7 4 6 5 4 7 8 7 6 5 6 8 7 5 1 2 1 5 4 3 2 6 3 2 5 4 3 6 7 3 5 3 3 7 6 5 4 5 8 7 6 4 5 2 3 2 1 4 5 4 3 2 3 6 5 4 3 5 9 6 5 8 7 9 10 7 6 9 9 8 7 8 10 9 8 9 5 7 6 5 8 9 7 7 6 7 10 9 8 7 8 4 6 6 5 4 7 8 7 5 5 6 9 8 7 6 7 4 3 6 5 3 8 5 4 8 7 6 5 5 7 0 0 0 10 7 6 9 8 7 9 6 5 8 7 6 8 5 4 6
0 0 8 0 8 8 0 8 8 8 8 10 10 10 0 5 5 5 5 5 5 5 0 6 6 6 6 6 0 0 7 0 5 7 5 5 5 7 9 6 7 7 0 0 6 0 5 5 0 5 5 5 5 7 6 7 7 7 7 0 9 9 9 9 0 0 8 9 5 6 7 8 9 7 8 0 0 9 0 8 9 0 5 5 7 8 9 6 7 8 0 0 8 0 7 7 8 0 5 5 5 7 9 6 7 7 9 0 7 7 5 5 5 0 8 8 7 7 7 7 7 9 0 0 0 0 10 10 7 9 10 0 9 9 7 7 9 0 8 8 7
0 0 7 9 7 7 0 8 7 7 7 9 8 9 0 4 4 4 5 4 4 4 0 5 5 5 5 5 0 0 6 8 4 6 5 4 4 6 7 6 5 6 0 0 5 7 4 4 0 5 4 4 4 6 6 5 6 6 6 0 8 8 8 8 0 0 8 9 6 6 7 8 9 7 8 0 0 8 9 6 7 0 5 4 5 6 7 6 5 6 0 0 7 9 5 6 7 0 5 4 4 6 7 6 5 6 7 0 6 6 4 4 4 0 7 7 7 6 6 6 6 8 0 0 0 0 8 9 6 7 8 0 8 8 6 6 8 0 7 7 6
9 0 6 8 6 6 11 8 7 6 6 8 8 7 0 3 3 3 5 4 3 3 0 4 4 5 4 4 8 0 5 7 3 5 5 4 3 4 5 6 5 4 8 0 4 6 3 3 8 5 4 3 3 5 6 5 4 5 5 0 7 7 8 7 12 0 8 8 7 7 7 8 9 9 8 10 0 7 9 6 7 10 7 5 5 6 7 8 7 6 8 0 6 7 5 4 5 8 5 4 3 4 5 6 5 4 5 0 4 5 4 3 3 0 6 6 7 6 5 5 5 6 0 0 0 0 8 8 7 7 8 0 6 7 6 5 6 0 6 6 5
8 8 5 7 7 5 9 8 7 6 5 6 8 7 7 2 4 2 5 4 3 2 8 5 3 5 4 3 8 9 4 6 4 4 7 6 4 4 5 8 7 6 6 7 3 5 4 2 6 5 4 3 2 3 6 5 4 4 5 11 8 6 8 7 11 12 9 7 8 8 8 7 8 10 9 10 11 6 8 8 6 10 8 6 6 6 7 10 8 8 8 9 5 7 7 6 5 8 7 6 4 4 5 8 7 6 5 7 4 3 4 3 2 9 6 5 7 6 5 4 4 6 0 0 0 12 9 7 8 8 7 11 8 6 8 6 6 9 6 5 5
3 2 5 4 7 6 5 0 0 0 7 6 0 0 3 4 8 6 0 0 0 8 2 7 6 0 0 7 5 5 7 5 8 8 0 0 0 10 9 0 0 0 4 4 6 4 8 6 7 0 0 0 8 8 0 0 0 6 0 5 10 9 0 0 0 0 0 0 0 0 0 0 0 0 0 7 7 9 7 12 11 10 0 0 0 12 11 0 0 0 6 6 8 6 0 10 10 9 0 0 0 10 10 0 0 0 0 5 10 8 0 0 8 4 9 8 0 0 0 8 6 0 0 0 0 0 0 0 0 0 0 7 12 11 0 0 12 6 11 10 0
7 7 5 5 5 5 9 8 7 6 7 7 8 7 8 3 3 3 6 5 4 5 7 3 3 5 4 5 7 8 5 6 3 4 6 5 4 5 6 7 6 5 7 8 5 5 3 3 7 6 5 4 5 6 7 6 5 3 4 10 6 6 8 7 0 0 0 0 0 0 0 0 0 0 0 10 12 8 8 7 8 11 9 7 7 9 10 11 9 9 9 10 7 7 6 5 6 9 8 7 5 7 8 9 8 7 8 10 5 5 7 5 5 9 5 5 8 7 5 5 5 7 0 0 0 0 0 0 0 0 0 12 7 8 9 7 9 11 7 7 7
6 6 4 4 5 4 7 8 7 6 5 6 8 7 6 2 3 2 6 5 4 3 6 3 2 5 4 3 7 8 5 5 4 4 8 7 6 5 6 9 8 7 5 6 3 4 3 2 5 6 5 4 3 4 7 6 5 2 4 9 6 5 8 7 0 0 0 0 0 0 0 0 0 0 0 9 11 7 7 8 7 10 10 8 8 8 9 12 10 10 8 10 6 6 8 6 6 9 10 8 6 6 8 11 10 8 8 8 5 4 7 6 4 8 5 4 8 7 6 4 4 7 0 0 0 0 0 0 0 0 0 11 8 7 10 8 8 10 7 6 8
0 0 7 7 7 7 0 8 7 7 7 7 8 9 0 5 5 5 6 5 5 5 0 5 5 5 5 5 0 0 8 8 5 7 6 5 5 7 8 7 6 7 0 0 7 7 5 5 0 6 5 5 5 7 7 6 7 5 5 0 8 8 8 8 0 0 0 0 0 0 0 0 0 0 0 0 0 9 10 7 8 0 6 5 6 7 8 7 6 7 0 0 9 9 6 7 8 0 6 5 5 7 8 7 6 7 8 0 7 7 5 5 5 0 7 7 6 5 5 5 5 7 0 0 0 0 0 0 0 0 0 0 9 10 7 7 9 0 9 9 7
8 0 6 6 6 6 10 8 7 6 6 6 8 7 0 4 4 4 6 5 4 4 0 4 4 5 4 4 9 0 7 7 4 6 6 5 4 5 6 7 6 5 8 0 6 6 4 4 9 6 5 4 4 6 7 6 5 4 4 0 7 7 8 7 0 0 0 0 0 0 0 0 0 0 0 11 0 9 9 7 8 11 8 6 6 7 8 9 8 7 9 0 7 8 6 5 6 9 6 5 4 5 6 7 6 5 6 0 5 6 5 4 4 0 5 6 6 5 4 4 4 5 0 0 0 0 0 0 0 0 0 0 7 8 7 6 7 0 7 8 6
7 7 5 5 7 5 9 8 7 6 5 5 8 7 8 3 5 3 6 5 4 3 7 5 3 5 4 3 8 10 6 6 5 5 8 7 5 5 6 9 8 7 7 8 5 5 5 3 7 6 5 4 3 4 7 6 5 3 4 10 8 6 8 7 0 0 0 0 0 0 0 0 0 0 0 10 12 8 8 9 8 11 9 7 7 7 8 11 9 9 9 10 7 7 8 7 6 9 8 7 5 5 6 9 8 7 6 8 5 4 5 4 3 8 5 4 6 5 4 3 3 5 0 0 0 0 0 0 0 0 0 12 9 8 9 7 7 10 7 6 6
6 6 8 7 9 9 10 0 0 11 10 9 0 0 5 4 6 6 0 0 8 8 5 7 7 0 9 8 4 5 4 4 4 4 0 0 6 6 6 0 0 0 4 5 4 4 5 4 8 0 0 7 6 6 0 0 0 6 8 8 8 8 0 10 7 8 7 7 0 0 9 9 9 0 0 6 7 6 6 6 6 10 0 0 8 8 8 0 0 0 5 6 5 5 7 5 5 9 0 0 6 6 6 0 0 0 8 7 6 6 0 8 6 7 7 7 0 0 9 8 6 0 9 8 10 8 7 7 0 9 9 7 6 6 0 8 8 8 7 7 9
6 5 8 7 10 9 8 0 0 0 10 9 0 0 5 5 7 7 0 0 0 9 5 8 8 0 0 10 5 5 5 5 5 5 0 0 0 7 7 0 0 0 5 5 5 5 6 5 7 0 0 0 7 7 0 0 0 7 0 7 9 9 0 0 8 8 8 8 0 0 0 10 10 0 0 7 7 7 7 7 7 9 0 0 0 9 9 0 0 0 6 6 6 6 0 6 6 8 0 0 0 7 7 0 0 0 0 7 7 7 0 0 7 7 8 8 0 0 0 9 7 0 9 9 0 8 8 8 0 0 10 7 7 7 0 0 9 8 8 8 0
8 8 7 8 7 7 11 12 11 9 9 10 12 11 5 2 4 3 7 6 5 4 7 5 5 8 7 6 4 5 2 3 2 2 7 6 4 4 5 0 7 6 4 5 2 3 3 2 6 7 6 5 4 5 0 7 6 4 6 9 6 6 10 8 7 8 5 5 8 8 7 7 8 10 9 6 7 4 5 4 4 8 8 6 6 6 7 0 8 8 5 6 3 4 5 3 3 7 8 6 4 4 6 0 8 6 6 7 4 4 8 6 4 8 5 5 10 9 7 6 6 9 9 6 8 8 5 5 8 7 7 7 4 4 8 6 6 8 5 5 7
7 7 8 7 8 8 10 0 12 10 10 9 0 12 5 3 5 5 0 8 7 6 5 6 5 8 7 6 4 5 3 3 3 3 0 7 5 5 5 0 0 7 4 5 3 3 4 3 6 0 8 6 5 5 0 0 8 5 7 9 7 7 11 9 7 8 6 6 0 9 8 8 8 0 10 6 7 5 5 5 5 8 0 7 7 7 7 0 0 9 5 6 4 4 6 4 4 7 0 7 5 5 5 0 0 7 7 7 5 5 9 7 5 7 6 6 0 10 8 7 5 10 9 7 9 8 6 6 9 8 8 7 5 5 9 7 7 8 6 6 8
9 10 7 8 5 6 9 8 7 6 7 8 8 7 7 4 2 3 5 4 3 4 8 3 4 5 4 5 4 5 2 3 0 1 3 2 1 2 3 4 3 2 5 6 3 4 1 2 5 4 3 2 3 4 5 4 3 3 3 9 4 5 6 5 7 8 3 4 6 5 4 5 6 6 5 6 7 4 5 2 3 6 5 4 3 4 5 6 5 4 5 6 3 4 2 1 2 5 4 3 2 3 4 5 4 3 4 7 2 3 4 3 4 8 3 4 6 5 4 5 6 5 9 4 5 8 3 4 5 4 5 7 2 3 4 3 4 8 3 4 4
9 9 7 8 6 6 9 10 9 8 7 8 10 9 7 3 3 3 7 6 5 4 8 4 4 7 6 5 4 5 2 3 1 1 5 4 3 2 3 6 5 4 4 5 2 3 2 1 4 5 4 3 2 3 6 5 4 3 5 9 5 5 8 7 7 8 4 4 7 7 6 5 6 8 7 6 7 4 5 3 3 6 7 5 5 4 5 8 7 6 5 6 3 4 4 2 2 5 6 5 3 3 4 7 6 5 4 7 3 3 6 5 3 8 4 4 8 7 6 5 5 7 9 5 7 8 4 4 7 6 5 7 3 3 6 5 4 8 4 4 6
0 0 12 0 8 10 0 8 8 8 10 12 10 10 0 7 5 7 5 5 5 7 0 6 8 6 6 8 0 0 7 0 3 5 3 3 3 5 7 4 5 5 0 0 7 0 4 5 0 4 4 4 5 7 5 6 6 7 5 0 7 9 7 7 0 0 6 7 3 4 5 6 7 5 6 0 0 8 0 5 7 0 3 3 5 6 7 4 5 6 0 0 8 0 4 4 6 0 3 3 3 5 7 4 5 5 7 0 5 7 5 5 5 0 6 8 6 6 6 7 7 8 0 7 7 0 6 8 5 6 8 0 5 7 5 5 7 0 6 8 6
0 0 11 12 7 9 0 8 7 7 9 10 8 9 0 6 4 6 5 4 4 6 0 5 7 5 5 7 0 0 6 7 2 4 3 2 2 4 5 4 3 4 0 0 6 8 3 4 0 4 3 3 4 6 5 4 5 6 4 0 6 8 6 6 0 0 5 7 4 4 5 6 7 5 6 0 0 6 7 4 5 0 3 2 3 4 5 4 3 4 0 0 6 7 3 3 5 0 3 2 2 4 5 4 3 4 5 0 4 6 4 4 4 0 5 7 6 5 5 6 6 7 0 6 6 0 5 7 4 5 6 0 4 6 4 4 6 0 5 7 5
11 0 9 10 6 8 11 8 7 6 7 8 8 7 0 5 3 5 5 4 3 4 0 4 6 5 4 5 6 0 4 5 1 3 3 2 1 2 3 4 3 2 7 0 5 6 2 3 7 4 3 2 3 4 5 4 3 5 3 0 5 7 6 5 9 0 4 6 5 5 4 5 6 6 5 8 0 6 7 3 5 8 5 3 3 4 5 6 5 4 6 0 4 5 3 2 3 6 3 2 1 2 3 4 3 2 3 0 3 5 4 3 3 0 4 6 6 5 4 5 5 5 0 5 5 0 4 6 5 4 5 0 3 5 4 3 4 0 4 6 4
10 10 9 10 7 7 11 10 9 7 7 8 10 9 9 4 4 4 7 6 4 4 10 5 5 7 5 5 6 7 4 5 2 2 5 4 2 2 3 6 5 4 6 7 4 5 3 2 6 5 4 3 2 3 6 5 4 4 4 11 6 6 8 6 9 10 5 5 6 6 5 5 6 8 7 8 9 6 7 4 4 8 6 4 4 4 5 8 6 6 6 7 4 5 5 3 3 6 5 4 2 2 3 6 5 4 3 7 4 3 4 3 2 9 5 5 7 6 5 4 4 6 11 6 6 10 5 5 6 5 5 9 4 4 6 4 4 9 5 5 5
9 9 10 9 8 8 11 12 10 8 8 8 12 10 9 5 5 5 9 7 5 5 9 6 6 8 6 6 6 7 5 5 3 3 7 5 3 3 3 8 7 5 6 7 5 5 4 3 6 7 6 4 3 3 8 7 6 5 5 11 7 7 9 7 9 10 6 6 7 7 6 6 6 9 8 8 9 7 7 5 5 8 7 5 5 5 5 9 7 7 6 7 6 5 6 4 4 6 7 5 3 3 3 8 7 5 5 7 5 5 6 5 3 7 6 5 7 6 5 4 3 6 11 7 7 10 6 6 7 6 6 9 5 5 7 5 5 9 6 6 6
0 0 0 0 9 11 0 9 9 9 11 13 9 9 0 0 6 8 6 6 6 8 0 7 9 7 7 9 0 0 0 0 4 6 4 4 4 6 8 4 4 4 0 0 0 0 5 6 0 5 5 5 6 8 5 5 5 8 6 0 8 10 8 8 0 0 7 9 4 6 7 8 9 5 6 0 0 0 0 6 8 0 4 4 6 8 9 4 4 6 0 0 0 0 5 5 7 0 4 4 4 6 8 4 4 4 6 0 6 8 6 6 6 0 7 9 7 7 7 8 8 7 0 8 7 0 7 9 6 7 8 0 6 8 6 6 8 0 7 9 7
0 0 12 0 8 10 0 10 8 8 10 12 8 8 0 7 5 7 7 5 5 7 0 6 8 6 6 8 0 0 7 0 3 5 5 3 3 5 7 4 3 3 0 0 7 0 4 5 0 6 4 4 5 7 5 4 4 7 5 0 7 9 7 7 0 0 6 8 5 5 6 8 9 5 6 0 0 8 0 5 7 0 5 3 5 6 7 4 3 4 0 0 8 0 4 4 6 0 5 3 3 5 7 4 3 3 5 0 5 7 5 5 5 0 6 8 8 6 6 7 7 6 0 7 7 0 6 7 4 5 6 0 5 7 4 5 6 0 6 8 6
0 0 11 12 7 9 0 10 9 7 9 10 8 7 0 6 4 6 7 6 4 6 0 5 7 7 5 7 0 0 6 7 2 4 5 4 2 4 5 4 3 2 0 0 6 8 3 4 0 6 5 3 4 6 5 4 3 6 4 0 6 8 8 6 0 0 5 7 6 6 5 7 8 6 5 0 0 8 9 4 6 0 6 4 4 6 7 6 4 4 0 0 6 7 5 3 5 0 5 4 2 4 5 4 3 2 3 0 4 6 6 4 4 0 5 7 8 7 5 6 6 5 0 6 6 0 5 7 6 5 6 0 4 5 4 3 4 0 5 7 5
5 5 7 6 9 7 9 0 0 10 9 8 0 0 4 3 6 4 0 0 8 6 4 7 5 0 8 7 4 5 4 4 5 4 0 0 7 6 6 0 0 0 3 4 3 3 5 3 7 0 0 7 5 5 0 0 0 4 8 7 8 6 0 10 7 8 9 7 0 0 11 9 9 0 0 6 7 6 6 8 6 10 0 0 9 8 8 0 0 0 5 6 5 5 9 7 5 9 0 0 7 7 7 0 0 0 9 5 6 4 0 7 5 6 7 5 0 0 9 7 5 0 9 10 12 8 9 7 0 11 9 7 8 6 0 9 8 6 7 5 9
5 4 7 6 9 8 7 0 0 0 9 8 0 0 4 4 7 5 0 0 0 7 4 8 6 0 0 8 5 5 5 5 6 5 0 0 0 7 7 0 0 0 4 4 4 4 6 4 6 0 0 0 6 6 0 0 0 5 0 6 9 7 0 0 8 8 10 8 0 0 0 10 10 0 0 7 7 7 7 9 7 9 0 0 0 9 9 0 0 0 6 6 6 6 0 8 6 8 0 0 0 8 8 0 0 0 0 5 7 5 0 0 6 6 8 6 0 0 0 8 6 0 9 11 0 8 10 8 0 0 10 7 9 7 0 0 9 6 8 6 0
7 7 5 6 7 5 9 10 9 8 7 8 10 9 4 1 3 2 6 5 4 3 6 5 3 7 6 5 4 5 2 3 3 2 7 6 5 4 5 0 7 6 3 4 1 2 3 1 5 6 5 4 3 4 0 6 5 2 5 7 6 4 8 7 7 8 7 5 9 9 8 7 8 10 9 6 7 4 5 6 4 8 9 7 7 6 7 0 9 8 5 6 3 4 6 5 3 7 8 7 5 5 6 0 8 7 6 5 4 2 6 5 3 6 5 3 8 7 6 5 5 7 9 8 9 8 7 5 9 8 7 7 6 4 8 7 6 6 5 3 6
6 6 6 6 8 6 9 0 11 10 8 8 0 11 4 2 5 3 0 7 6 5 4 5 4 7 6 5 4 5 3 3 4 3 0 8 6 5 5 0 0 8 3 4 2 2 4 2 5 0 7 6 4 4 0 0 7 3 6 7 7 5 10 9 7 8 8 6 0 10 10 8 8 0 11 6 7 5 5 7 5 8 0 8 8 7 7 0 0 10 5 6 4 4 8 6 4 7 0 8 6 6 6 0 0 8 8 5 5 3 8 6 4 6 6 4 0 9 8 6 4 9 9 9 11 8 8 6 10 10 8 7 7 5 10 8 7 6 6 4 8
9 9 7 8 5 5 9 8 7 6 7 8 8 7 7 3 2 2 5 4 3 4 8 3 3 5 4 5 5 6 3 4 1 2 4 3 2 3 4 5 4 3 5 6 3 4 1 1 5 4 3 2 3 4 5 4 3 2 3 9 4 4 6 5 9 10 5 5 7 7 6 7 8 8 7 8 9 6 7 4 4 8 7 5 5 6 7 8 7 6 7 8 5 6 4 3 3 7 6 5 3 5 6 7 6 5 6 7 2 2 4 3 3 8 3 3 6 5 4 5 5 5 11 6 7 10 5 5 7 6 7 9 4 4 6 5 6 8 3 3 4
7 8 5 6 5 4 7 8 7 6 5 6 8 7 5 2 2 1 5 4 3 2 6 3 2 5 4 3 4 5 2 3 2 1 5 4 3 2 3 6 5 4 3 4 1 2 1 0 3 4 3 2 1 2 5 4 3 1 3 7 4 3 6 5 7 8 5 4 8 7 6 5 6 8 7 6 7 4 5 4 3 6 7 6 5 4 5 8 7 6 5 6 3 4 4 3 2 5 6 5 4 3 4 7 6 5 4 5 2 1 4 3 2 6 3 2 6 5 4 3 4 5 9 6 7 8 5 4 7 6 5 7 4 3 6 5 4 6 3 2 4
9 7 9 9 9 7 7 0 0 11 9 9 0 0 7 5 6 4 0 0 8 6 7 7 5 0 9 7 8 7 6 6 5 4 0 0 7 6 6 0 0 0 7 6 5 5 5 3 3 0 0 7 5 5 0 0 0 4 8 6 7 6 0 8 11 10 9 7 0 0 11 9 9 0 0 10 9 8 8 8 6 6 0 0 9 8 8 0 0 0 9 8 7 7 9 7 5 5 0 0 7 7 7 0 0 0 9 7 6 4 0 7 5 8 7 5 0 0 9 7 5 0 11 10 12 10 9 7 0 11 9 9 8 6 0 9 8 8 7 5 9
0 0 10 0 8 8 0 8 8 8 8 10 10 10 0 6 5 5 5 5 5 5 0 6 6 6 6 6 0 0 7 0 4 5 4 4 4 5 7 5 6 6 0 0 6 0 4 4 0 4 4 4 4 6 5 6 6 5 5 0 7 7 7 7 0 0 7 8 4 5 6 7 8 6 7 0 0 9 0 7 7 0 4 4 6 7 8 5 6 7 0 0 8 0 6 6 6 0 4 4 4 6 8 5 6 6 8 0 5 5 4 4 4 0 6 6 6 6 6 6 6 8 0 9 8 0 8 8 6 8 8 0 7 7 6 6 7 0 6 6 6
0 0 9 11 7 7 0 8 7 7 7 9 8 9 0 5 4 4 5 4 4 4 0 5 5 5 5 5 0 0 6 8 3 4 4 3 3 4 6 5 4 5 0 0 5 7 3 3 0 4 3 3 3 5 5 4 5 4 4 0 6 6 6 6 0 0 7 7 5 5 6 7 8 6 7 0 0 7 8 5 6 0 4 3 4 5 6 5 4 5 0 0 7 8 4 5 5 0 4 3 3 5 6 5 4 5 6 0 4 4 3 3 3 0 5 5 6 5 5 5 5 7 0 8 8 0 7 7 5 6 7 0 6 6 5 5 6 0 5 5 5
10 0 8 10 6 6 11 8 7 6 6 8 8 7 0 4 3 3 5 4 3 3 0 4 4 5 4 4 7 0 5 6 2 3 4 3 2 3 4 5 4 3 7 0 4 6 2 2 7 4 3 2 2 4 5 4 3 3 3 0 5 5 6 5 11 0 6 6 6 6 6 6 8 8 7 9 0 7 8 5 5 9 6 4 4 5 6 7 6 5 7 0 5 6 4 3 4 7 4 3 2 3 4 5 4 3 4 0 3 3 3 2 2 0 4 4 6 5 4 4 4 5 0 7 7 0 6 6 6 6 6 0 5 5 5 4 5 0 4 4 4
9 9 7 8 7 5 9 8 7 6 5 6 8 7 7 3 4 2 5 4 3 2 8 5 3 5 4 3 6 7 4 5 3 2 5 4 3 2 3 6 5 4 5 6 3 4 3 1 5 4 3 2 1 2 5 4 3 2 3 9 6 4 6 5 9 10 7 5 7 7 6 5 6 8 7 8 9 6 7 6 4 8 7 5 5 4 5 8 7 6 7 8 5 6 6 5 3 7 6 5 3 3 4 7 6 5 4 6 3 2 3 2 1 8 5 3 6 5 4 3 3 5 11 8 7 10 7 5 7 6 5 9 6 4 6 5 4 8 5 3 4
8 8 8 8 8 6 9 10 9 8 6 6 10 9 7 4 5 3 7 6 5 3 8 6 4 7 6 4 6 7 5 5 4 3 7 6 4 3 3 8 7 6 5 6 4 4 4 2 5 6 5 4 2 2 7 6 5 3 4 9 7 5 8 7 9 10 8 6 8 8 8 6 6 10 9 8 9 7 7 7 5 8 8 6 6 5 5 10 8 8 7 8 6 6 8 6 4 7 8 6 4 4 4 9 8 6 6 6 5 3 5 4 2 6 5 4 6 5 4 3 2 5 11 9 9 10 8 6 8 8 6 9 7 5 8 6 5 8 6 4 6
0 0 0 0 9 9 0 9 9 9 9 11 9 9 0 0 6 6 6 6 6 6 0 7 7 7 7 7 0 0 0 0 5 6 5 5 5 6 8 5 5 5 0 0 0 0 5 5 0 5 5 5 5 7 5 5 5 6 6 0 8 8 8 8 0 0 9 9 5 7 8 9 10 6 7 0 0 0 0 8 8 0 5 5 7 8 10 5 5 7 0 0 0 0 7 7 7 0 5 5 5 7 9 5 5 5 7 0 6 6 5 5 5 0 7 7 7 7 7 7 7 7 0 9 8 0 9 9 7 8 9 0 8 8 7 7 8 0 7 7 7
0 0 10 0 8 8 0 10 8 8 8 10 8 8 0 6 5 5 7 5 5 5 0 6 6 6 6 6 0 0 7 0 4 5 6 4 4 5 7 5 4 4 0 0 6 0 4 4 0 6 4 4 4 6 5 4 4 5 5 0 7 7 7 7 0 0 8 8 6 6 8 8 10 6 7 0 0 9 0 7 7 0 6 4 6 7 8 5 4 5 0 0 8 0 6 6 6 0 6 4 4 6 8 5 4 4 6 0 5 5 4 4 4 0 6 6 8 6 6 6 6 6 0 9 8 0 7 8 5 6 7 0 7 7 5 6 7 0 6 6 6
0 0 9 11 7 7 0 10 9 7 7 9 8 7 0 5 4 4 7 6 4 4 0 5 5 7 5 5 0 0 6 8 3 4 6 5 3 4 6 5 4 3 0 0 5 7 3 3 0 6 5 3 3 5 5 4 3 4 4 0 6 6 8 6 0 0 7 7 7 7 7 7 9 7 7 0 0 8 10 6 6 0 7 5 5 6 8 7 5 5 0 0 7 8 6 5 5 0 6 5 3 5 6 5 4 3 4 0 4 4 5 3 3 0 5 5 8 7 5 5 5 5 0 8 8 0 7 7 7 6 7 0 5 6 5 4 5 0 5 5 4
7 7 5 6 5 4 7 8 7 6 5 6 8 7 7 3 4 3 7 6 5 4 6 3 2 5 4 3 6 7 4 5 3 3 7 6 5 4 5 8 7 6 4 5 2 3 2 1 4 5 4 3 2 3 6 5 4 1 3 7 4 3 6 5 9 10 7 6 9 9 8 7 8 10 9 8 9 6 7 6 5 8 9 7 7 6 7 10 9 8 7 8 5 6 6 5 4 7 8 7 5 5 6 9 8 7 6 7 4 3 6 5 3 6 3 2 6 5 4 3 3 5 0 0 0 10 7 6 9 8 7 9 6 5 8 7 6 8 5 4 6
9 0 8 8 6 6 10 8 7 6 6 6 8 7 0 5 5 5 7 6 5 5 0 4 4 5 4 4 8 0 6 7 3 5 5 4 3 4 5 6 5 4 8 0 5 6 3 3 8 5 4 3 3 4 6 5 4 3 3 0 5 5 6 5 12 0 8 8 7 7 7 8 8 9 8 10 0 8 9 6 7 10 7 5 5 6 7 8 7 6 8 0 6 7 5 4 5 8 5 4 3 4 5 6 5 4 5 0 4 5 4 3 3 0 4 4 5 4 3 3 3 4 0 0 0 0 8 8 7 7 8 0 6 7 6 5 6 0 6 6 5
4 3 6 5 8 7 6 0 0 0 8 7 0 0 7 7 11 9 0 0 0 11 5 10 9 0 0 10 8 7 9 9 9 9 0 0 0 11 11 0 0 0 7 6 7 7 9 7 6 0 0 0 9 9 0 0 0 7 0 3 8 7 0 0 0 0 0 0 0 0 0 0 0 0 0 0 0 0 0 0 0 0 0 0 0 0 0 0 0 0 9 8 11 10 0 11 11 8 0 0 0 11 11 0 0 0 0 7 11 9 0 0 9 6 11 9 0 0 0 9 7 0 0 0 0 0 0 0 0 0 0 0 0 0 0 0 0 8 13 11 0
8 8 8 8 7 7 7 10 9 8 9 9 10 9 11 6 6 6 9 8 7 8 10 6 6 8 7 8 8 9 6 7 4 5 7 6 5 6 7 8 7 6 8 9 6 7 4 4 7 7 6 5 6 7 8 7 6 4 5 8 4 4 6 5 0 0 0 0 0 0 0 0 0 0 0 0 0 0 0 0 0 0 0 0 0 0 0 0 0 0 10 11 8 9 7 6 7 9 9 8 6 8 9 10 9 8 9 11 6 6 8 6 6 11 6 6 9 8 6 6 6 8 0 0 0 0 0 0 0 0 0 0 0 0 0 0 0 13 8 8 8
7 7 7 7 7 6 6 10 9 8 7 8 10 9 9 5 6 5 9 8 7 6 9 6 5 8 7 6 8 9 6 7 5 5 9 8 7 6 7 10 9 8 6 7 4 5 4 3 6 7 6 5 4 5 8 7 6 3 5 7 4 3 6 5 0 0 0 0 0 0 0 0 0 0 0 0 0 0 0 0 0 0 0 0 0 0 0 0 0 0 10 11 8 9 9 7 7 8 11 9 7 7 9 12 11 9 9 9 6 5 8 7 5 9 6 5 9 8 7 5 5 8 0 0 0 0 0 0 0 0 0 0 0 0 0 0 0 11 8 7 9
0 0 10 10 9 9 0 10 9 9 9 9 10 11 0 8 8 8 9 8 8 8 0 8 8 8 8 8 0 0 10 11 6 8 7 6 6 8 9 8 7 8 0 0 8 10 6 6 0 7 6 6 6 8 8 7 8 6 6 0 6 6 6 6 0 0 0 0 0 0 0 0 0 0 0 0 0 0 0 0 0 0 0 0 0 0 0 0 0 0 0 0 10 11 7 8 9 0 7 6 6 8 9 8 7 8 9 0 8 8 6 6 6 0 8 8 7 6 6 6 6 8 0 0 0 0 0 0 0 0 0 0 0 0 0 0 0 0 10 10 8
9 0 9 9 8 8 8 10 9 8 8 8 10 9 0 7 7 7 9 8 7 7 0 7 7 8 7 7 10 0 8 9 5 7 7 6 5 6 7 8 7 6 10 0 7 9 5 5 8 7 6 5 5 7 8 7 6 5 5 0 5 5 6 5 0 0 0 0 0 0 0 0 0 0 0 0 0 0 0 0 0 0 0 0 0 0 0 0 0 0 10 0 8 9 7 6 7 10 7 6 5 6 7 8 7 6 7 0 6 7 6 5 5 0 6 7 7 6 5 5 5 6 0 0 0 0 0 0 0 0 0 0 0 0 0 0 0 0 8 9 7
0 0 0 0 0 0 0 0 0 0 0 0 0 0 8 7 11 9 0 0 12 11 0 0 0 0 0 0 7 8 7 7 7 7 0 0 9 9 9 0 0 0 7 8 7 7 9 7 11 0 0 11 9 9 0 0 0 9 12 0 0 0 0 0 7 8 7 7 0 0 7 7 7 0 0 7 8 7 7 7 7 11 0 0 7 7 7 0 0 0 7 8 7 7 9 7 7 11 0 0 7 7 7 0 0 0 9 8 9 7 0 9 7 8 11 9 0 0 11 9 7 0 9 8 8 10 9 9 0 9 9 10 9 9 0 9 9 10 11 9 11
0 0 0 0 0 0 0 0 0 0 0 0 0 0 8 8 12 10 0 0 0 12 0 0 0 0 0 0 8 8 8 8 8 8 0 0 0 10 10 0 0 0 8 8 8 8 10 8 10 0 0 0 10 10 0 0 0 10 0 0 0 0 0 0 8 8 8 8 0 0 0 8 8 0 0 8 8 8 8 8 8 10 0 0 0 8 8 0 0 0 8 8 8 8 0 8 8 10 0 0 0 8 8 0 0 0 0 8 10 8 0 0 8 8 12 10 0 0 0 10 8 0 9 9 0 10 10 10 0 0 10 10 10 10 0 0 10 10 12 10 0
0 0 0 0 0 0 0 0 0 0 0 0 0 0 12 7 7 7 8 8 8 9 0 0 0 0 0 0 7 8 5 6 3 4 6 5 4 5 6 7 6 5 9 10 7 8 5 5 9 7 7 6 7 8 9 8 7 7 8 0 0 0 0 0 7 8 3 4 3 3 3 5 6 5 5 7 8 5 6 3 4 7 4 3 3 5 6 6 5 5 7 8 5 6 4 3 4 7 5 5 3 5 6 7 6 5 6 10 5 5 6 5 5 12 7 7 7 7 7 7 7 9 9 4 4 10 5 6 5 5 7 10 5 6 6 5 7 12 7 7 7
0 0 0 0 0 0 0 0 0 0 0 0 0 0 10 6 7 6 9 9 8 7 0 0 0 0 0 0 7 8 5 6 4 4 7 7 6 5 6 9 8 7 7 8 5 6 5 4 7 8 7 6 5 6 9 8 7 6 8 0 0 0 0 0 7 8 4 4 4 4 4 4 6 6 6 7 8 5 6 4 4 7 5 4 4 4 6 7 6 6 7 8 5 6 6 4 4 7 6 6 4 4 6 8 8 6 6 8 5 4 7 6 4 10 7 6 8 8 8 6 6 9 9 5 5 10 6 6 6 6 6 10 6 6 7 6 6 10 7 6 8
0 0 0 0 0 0 0 0 0 0 0 0 0 0 0 10 8 9 5 6 7 8 0 0 0 0 0 0 0 0 8 0 6 7 3 4 5 6 7 4 5 6 0 0 9 0 7 8 0 4 5 6 7 8 5 6 7 9 7 0 0 0 0 0 0 0 3 4 0 1 2 3 4 2 3 0 0 6 0 4 5 0 1 2 3 4 5 2 3 4 0 0 7 0 4 5 6 0 2 3 4 5 6 3 4 5 6 0 6 7 4 5 6 0 7 8 4 5 6 7 8 7 0 4 3 0 5 6 3 4 5 0 6 7 4 5 6 0 7 8 6
0 0 0 0 0 0 0 0 0 0 0 0 0 0 0 9 8 9 6 6 7 8 0 0 0 0 0 0 0 0 8 9 5 7 4 4 5 6 7 6 5 6 0 0 9 10 7 7 0 5 5 6 7 8 7 6 7 9 7 0 0 0 0 0 0 0 3 4 1 1 2 3 4 2 3 0 0 5 6 3 4 0 2 1 2 3 4 3 2 3 0 0 7 8 4 5 6 0 3 3 3 5 6 5 4 5 6 0 6 7 4 5 5 0 7 8 5 5 6 7 7 7 0 4 3 0 5 6 3 4 5 0 6 7 4 5 6 0 7 8 6
0 0 0 0 0 0 0 0 0 0 0 0 0 0 0 8 8 8 7 7 7 8 0 0 0 0 0 0 9 0 7 8 4 6 5 5 4 5 6 7 6 5 11 0 8 10 6 6 11 6 6 6 6 8 8 8 7 8 7 0 0 0 0 0 7 0 3 4 2 2 2 3 4 4 3 7 0 5 6 3 4 7 3 2 2 3 4 5 4 3 7 0 5 6 4 3 4 7 4 3 2 3 4 5 4 3 4 0 5 6 5 4 4 0 7 8 6 6 6 6 6 7 0 4 3 0 5 6 4 4 5 0 5 6 5 4 5 0 7 8 6
0 0 0 0 0 0 0 0 0 0 0 0 0 0 12 7 9 7 8 8 8 7 0 0 0 0 0 0 9 10 7 8 5 5 6 6 5 5 6 8 8 7 9 10 7 8 7 5 9 7 7 6 5 6 9 8 7 7 8 0 0 0 0 0 7 8 5 4 3 3 3 3 4 5 5 7 8 5 6 5 4 7 4 3 3 3 4 6 5 5 7 8 5 6 6 5 4 7 5 5 3 3 4 7 6 5 4 8 5 4 5 4 3 10 7 6 7 7 6 5 5 7 9 6 4 10 7 6 5 5 5 10 7 6 6 5 5 10 7 6 6
0 0 0 0 0 0 0 0 0 0 0 0 0 0 12 8 10 8 9 9 9 8 0 0 0 0 0 0 9 10 8 8 6 6 7 7 6 6 6 9 9 8 9 10 8 8 8 6 9 8 8 8 6 6 10 10 9 8 8 0 0 0 0 0 7 8 6 6 4 4 4 4 4 6 6 7 8 7 6 6 6 7 5 4 4 4 4 7 6 6 7 8 7 6 8 6 6 7 6 6 4 4 4 8 8 6 6 8 7 6 7 6 4 8 7 6 8 7 6 5 4 7 9 7 5 10 8 8 6 6 6 10 8 8 7 6 6 10 9 8 8
0 0 0 0 0 0 0 0 0 0 0 0 0 0 0 10 10 10 7 7 9 10 0 0 0 0 0 0 0 0 10 0 6 8 5 5 6 8 9 5 5 6 0 0 10 0 8 8 0 6 6 8 8 10 6 6 7 10 9 0 0 0 0 0 0 0 5 6 2 2 4 5 6 2 3 0 0 7 0 5 6 0 3 2 4 5 6 3 2 3 0 0 9 0 6 6 8 0 4 4 4 6 8 4 4 4 6 0 8 8 5 6 6 0 9 10 6 6 8 8 8 7 0 5 4 0 5 6 3 4 5 0 7 8 5 6 7 0 9 10 8
0 0 0 0 0 0 0 0 0 0 0 0 0 0 0 9 9 9 8 8 8 9 0 0 0 0 0 0 0 0 9 10 5 7 6 6 5 7 8 6 6 5 0 0 9 11 7 7 0 7 7 7 7 9 7 7 7 9 8 0 0 0 0 0 0 0 5 6 3 3 3 5 6 3 3 0 0 7 8 5 6 0 4 3 3 5 6 4 3 3 0 0 7 8 6 5 6 0 5 5 3 5 6 5 4 3 4 0 7 7 6 5 5 0 9 9 7 7 7 7 7 7 0 5 4 0 5 6 5 4 5 0 5 6 5 4 5 0 7 8 6
0 0 0 0 0 0 0 0 0 0 0 0 0 0 7 6 10 8 0 0 10 10 7 10 9 0 11 10 6 7 6 6 6 6 0 0 8 8 8 0 0 0 6 7 6 6 8 6 10 0 0 9 8 8 0 0 0 8 10 0 0 0 0 0 7 8 7 7 0 0 7 7 7 0 0 6 7 6 6 6 6 10 0 0 6 6 6 0 0 0 6 7 6 6 7 6 6 10 0 0 6 6 6 0 0 0 8 7 8 6 0 8 6 7 9 8 0 0 9 8 6 0 9 8 8 8 7 7 0 7 7 9 8 8 0 8 8 9 9 8 9
0 0 0 0 0 0 0 0 0 0 0 0 0 0 7 7 11 9 0 0 0 11 7 12 11 0 0 12 7 7 7 7 7 7 0 0 0 9 9 0 0 0 7 7 7 7 9 7 9 0 0 0 9 9 0 0 0 9 0 0 0 0 0 0 8 8 8 8 0 0 0 8 8 0 0 7 7 7 7 7 7 9 0 0 0 7 7 0 0 0 7 7 7 7 0 7 7 9 0 0 0 7 7 0 0 0 0 7 9 7 0 0 7 7 10 9 0 0 0 9 7 0 9 9 0 8 8 8 0 0 8 9 9 9 0 0 9 9 10 9 0
0 0 0 0 0 0 0 0 0 0 0 0 0 0 7 4 6 5 9 8 7 6 9 8 7 9 9 8 6 7 4 5 4 4 8 6 6 6 7 0 8 8 6 7 4 5 6 4 8 9 7 7 6 7 0 9 8 6 8 0 0 0 0 0 7 8 5 5 6 5 5 5 7 7 7 6 7 4 5 4 4 8 6 4 4 4 6 0 6 6 6 7 4 5 5 4 4 8 7 5 4 4 6 0 7 6 6 7 6 4 6 6 4 9 7 6 9 7 7 6 6 9 9 6 6 8 5 5 5 5 5 9 6 6 6 6 6 9 7 6 7
0 0 0 0 0 0 0 0 0 0 0 0 0 0 7 5 8 7 0 9 9 8 7 8 7 10 9 8 6 7 5 5 5 5 0 7 7 7 7 0 0 9 6 7 5 5 7 5 8 0 8 8 7 7 0 0 10 7 9 0 0 0 0 0 7 8 6 6 0 6 6 6 6 0 8 6 7 5 5 5 5 8 0 5 5 5 5 0 0 7 6 7 5 5 6 5 5 8 0 6 5 5 5 0 0 7 7 7 7 5 7 7 5 7 8 7 0 8 8 7 5 10 9 7 7 8 6 6 6 6 6 9 7 7 7 7 7 9 8 7 8
0 0 0 0 0 0 0 0 0 0 0 0 0 0 11 6 6 6 8 6 6 8 12 7 8 7 7 9 6 7 4 5 2 3 5 4 3 4 5 6 5 4 8 9 6 7 4 4 8 7 5 5 6 7 8 7 6 6 6 0 0 0 0 0 7 8 3 4 4 3 3 5 6 5 5 6 7 4 5 2 3 6 4 2 2 4 5 6 4 4 6 7 4 5 3 2 3 6 5 3 2 4 5 6 5 4 5 9 4 4 4 4 4 10 5 6 7 5 5 6 6 7 9 4 4 8 3 4 3 3 5 9 4 5 4 4 6 10 5 6 5
0 0 0 0 0 0 0 0 0 0 0 0 0 0 9 5 6 5 9 7 7 6 11 8 7 8 8 8 6 7 4 5 3 3 7 5 5 4 5 8 7 6 6 7 4 5 4 3 6 7 6 5 4 5 8 7 6 5 7 0 0 0 0 0 7 8 4 4 5 4 4 4 6 6 6 6 7 4 5 3 3 6 5 3 3 3 5 7 5 5 6 7 4 5 4 3 3 6 6 4 3 3 5 8 6 5 5 7 4 3 5 5 3 9 6 5 8 6 6 5 5 8 9 5 5 8 4 4 4 4 4 9 5 5 5 5 5 9 6 5 6
0 0 0 0 0 0 0 0 0 0 0 0 0 0 10 8 10 8 0 0 10 10 10 11 10 0 11 11 10 9 8 8 6 6 0 0 8 8 8 0 0 0 10 9 8 8 8 6 6 0 0 9 8 8 0 0 0 8 10 0 0 0 0 0 11 10 7 7 0 0 7 7 7 0 0 10 9 8 8 6 6 6 0 0 6 6 6 0 0 0 10 9 8 8 7 6 6 6 0 0 6 6 6 0 0 0 8 9 8 6 0 8 6 9 9 8 0 0 9 8 6 0 11 8 8 10 7 7 0 7 7 11 8 8 0 8 8 11 9 8 9
0 0 0 0 0 0 0 0 0 0 0 0 0 0 0 9 8 9 5 5 7 8 0 9 10 6 8 9 0 0 8 0 5 7 3 3 5 6 7 4 5 6 0 0 9 0 7 7 0 4 4 6 7 8 5 6 7 9 7 0 0 0 0 0 0 0 4 5 1 2 3 4 5 3 4 0 0 6 0 4 5 0 1 1 3 4 5 2 3 4 0 0 7 0 4 5 6 0 2 2 3 5 6 3 4 5 6 0 6 7 3 5 5 0 7 8 4 4 6 7 7 7 0 6 5 0 5 6 2 4 5 0 6 7 3 5 6 0 7 8 6
0 0 0 0 0 0 0 0 0 0 0 0 0 0 0 8 6 7 5 4 5 6 0 7 8 5 6 7 0 0 6 7 4 5 3 2 3 4 5 4 3 4 0 0 7 8 5 6 0 4 3 4 5 6 5 4 5 7 5 0 0 0 0 0 0 0 3 4 2 1 2 3 4 2 3 0 0 4 5 2 3 0 1 0 1 2 3 2 1 2 0 0 5 6 2 3 4 0 2 1 2 3 4 3 2 3 4 0 4 5 2 3 4 0 5 6 4 3 4 5 6 5 0 4 3 0 3 4 1 2 3 0 4 5 2 3 4 0 5 6 4
0 0 0 0 0 0 0 0 0 0 0 0 0 0 0 7 6 7 7 5 5 6 0 7 8 6 6 7 8 0 6 7 3 5 5 3 3 4 5 6 5 4 9 0 7 8 5 5 9 6 4 4 5 6 7 6 5 7 5 0 0 0 0 0 7 0 3 4 3 2 2 3 4 4 3 6 0 4 5 2 3 6 3 1 1 2 3 4 3 2 6 0 4 5 3 2 3 6 3 2 1 2 3 4 3 2 3 0 4 5 3 3 3 0 5 6 6 4 4 5 5 5 0 4 3 0 3 4 2 2 3 0 4 5 3 3 4 0 5 6 4
0 0 0 0 0 0 0 0 0 0 0 0 0 0 11 6 8 6 8 6 6 6 12 9 8 7 7 7 8 9 6 7 4 4 6 4 4 4 5 8 6 6 8 9 6 7 6 4 8 7 5 5 4 5 8 7 6 6 6 0 0 0 0 0 7 8 5 4 4 3 3 3 4 5 5 6 7 4 5 4 3 6 4 2 2 2 3 6 4 4 6 7 4 5 5 4 3 6 5 3 2 2 3 6 5 4 3 7 4 3 4 3 2 9 6 5 7 5 5 4 4 6 9 6 4 8 5 4 3 3 3 9 6 5 4 4 4 9 6 5 5
0 0 0 0 0 0 0 0 0 0 0 0 0 0 11 7 9 7 9 7 7 7 11 10 9 8 8 8 8 9 7 7 5 5 7 5 5 5 5 9 7 7 8 9 7 7 7 5 8 8 6 6 5 5 10 8 8 7 7 0 0 0 0 0 7 8 6 6 5 4 4 4 4 6 6 6 7 6 5 5 5 6 5 3 3 3 3 7 5 5 6 7 6 5 6 5 5 6 6 4 3 3 3 8 6 5 5 7 6 5 5 5 3 7 6 5 7 6 5 4 3 6 9 7 5 8 6 6 4 4 4 9 7 7 5 5 5 9 8 7 6
0 0 0 0 0 0 0 0 0 0 0 0 0 0 0 0 10 10 6 6 8 10 0 11 12 7 9 11 0 0 0 0 6 8 4 4 6 8 9 4 4 6 0 0 0 0 8 8 0 5 5 7 8 10 5 5 7 10 8 0 0 0 0 0 0 0 6 7 2 3 5 6 7 3 4 0 0 0 0 6 7 0 2 2 4 6 7 2 2 4 0 0 0 0 5 6 8 0 3 3 4 6 8 3 3 4 6 0 8 8 4 6 6 0 9 10 5 5 7 8 8 7 0 6 5 0 6 7 3 5 6 0 8 9 4 6 8 0 9 10 7
0 0 0 0 0 0 0 0 0 0 0 0 0 0 0 9 8 9 7 5 7 8 0 9 10 6 8 9 0 0 8 0 5 7 5 3 5 6 7 4 3 4 0 0 9 0 7 7 0 6 4 6 7 8 5 4 5 9 7 0 0 0 0 0 0 0 5 6 3 2 4 5 6 2 3 0 0 6 0 4 5 0 3 1 3 4 5 2 1 2 0 0 7 0 4 5 6 0 4 2 3 5 6 3 2 3 4 0 6 7 3 5 5 0 7 8 6 4 6 7 7 5 0 6 5 0 4 5 2 3 4 0 6 7 3 5 6 0 7 8 6
0 0 0 0 0 0 0 0 0 0 0 0 0 0 0 8 8 8 8 6 6 8 0 9 10 7 7 9 0 0 8 9 4 6 6 4 4 6 7 6 4 4 0 0 8 10 6 6 0 7 5 5 6 8 7 5 5 8 6 0 0 0 0 0 0 0 5 6 4 3 3 5 6 3 3 0 0 6 7 4 5 0 4 2 2 4 5 4 2 2 0 0 6 7 5 4 5 0 5 3 2 4 5 4 3 2 3 0 6 6 4 4 4 0 7 8 7 5 5 6 6 5 0 6 4 0 4 5 3 3 4 0 4 5 4 3 4 0 6 7 5
0 0 0 0 0 0 0 0 0 0 0 0 0 0 6 5 8 7 0 0 8 8 6 9 8 0 9 9 5 6 5 5 5 5 0 0 6 6 6 0 0 0 5 6 5 5 7 5 9 0 0 7 7 7 0 0 0 7 8 9 10 10 0 10 7 8 7 7 0 0 7 7 7 0 0 6 7 6 6 6 6 10 0 0 6 6 6 0 0 0 5 6 5 5 7 5 5 9 0 0 5 5 5 0 0 0 7 6 6 5 0 6 5 6 7 7 0 0 7 7 5 0 9 8 8 8 7 7 0 7 7 7 6 6 0 6 6 8 7 7 7
0 0 0 0 0 0 0 0 0 0 0 0 0 0 6 6 9 8 0 0 0 9 6 10 10 0 0 10 6 6 6 6 6 6 0 0 0 7 7 0 0 0 6 6 6 6 8 6 8 0 0 0 8 8 0 0 0 8 0 8 11 11 0 0 8 8 8 8 0 0 0 8 8 0 0 7 7 7 7 7 7 9 0 0 0 7 7 0 0 0 6 6 6 6 0 6 6 8 0 0 0 6 6 0 0 0 0 6 7 6 0 0 6 6 8 8 0 0 0 8 6 0 9 9 0 8 8 8 0 0 8 7 7 7 0 0 7 8 8 8 0
0 0 0 0 0 0 0 0 0 0 0 0 0 0 6 3 5 4 8 7 6 5 8 7 6 9 7 7 5 6 3 4 3 3 8 6 4 4 6 0 8 6 5 6 3 4 5 3 7 8 7 5 5 6 0 8 7 5 6 11 8 8 10 8 7 8 5 5 7 7 5 5 7 9 7 6 7 4 5 4 4 8 7 5 4 4 6 0 7 6 5 6 3 4 5 3 3 7 7 5 3 3 5 0 7 5 5 6 4 3 6 4 3 8 5 5 9 7 5 5 5 7 9 6 6 8 5 5 7 5 5 7 4 4 6 4 4 8 5 5 5
0 0 0 0 0 0 0 0 0 0 0 0 0 0 6 4 7 6 0 9 7 7 6 7 6 9 8 7 5 6 4 4 4 4 0 7 5 5 5 0 0 7 5 6 4 4 6 4 7 0 8 6 6 6 0 0 8 6 7 10 9 9 11 9 7 8 6 6 0 8 6 6 6 0 8 6 7 5 5 5 5 8 0 6 5 5 5 0 0 7 5 6 4 4 6 4 4 7 0 6 4 4 4 0 0 6 6 6 5 4 7 5 4 6 6 6 0 8 6 6 4 8 9 7 7 8 6 6 8 6 6 7 5 5 7 5 5 8 6 6 6
0 0 0 0 0 0 0 0 0 0 0 0 0 0 0 6 5 6 7 5 5 7 0 6 8 6 6 8 7 0 5 6 2 4 4 3 3 5 6 5 4 5 9 0 6 8 4 4 9 6 4 4 6 8 7 6 6 6 5 0 7 9 7 7 9 0 4 6 4 4 4 6 8 6 6 7 0 5 6 3 4 7 4 2 3 5 6 5 4 5 7 0 5 6 2 2 4 7 4 2 2 4 6 5 4 4 6 0 3 4 3 3 4 0 4 6 6 4 4 6 6 6 0 5 5 0 4 6 4 4 6 0 3 5 3 3 5 0 4 6 4
0 0 0 0 0 0 0 0 0 0 0 0 0 0 9 5 4 5 7 6 4 6 10 5 6 7 5 7 5 6 3 4 1 2 4 3 2 3 4 5 4 3 7 8 5 6 3 3 7 6 5 3 5 6 7 6 5 5 4 11 6 7 8 6 7 8 3 4 5 5 3 5 6 6 5 6 7 4 5 2 3 6 5 3 2 4 5 6 5 4 5 6 3 4 2 1 2 5 4 3 1 3 4 5 4 3 4 7 2 3 4 2 3 8 3 4 6 5 3 5 5 5 9 4 4 8 3 4 5 3 5 7 2 3 4 2 4 8 3 4 3
0 0 0 0 0 0 0 0 0 0 0 0 0 0 8 4 5 4 8 7 5 5 10 6 6 8 6 6 5 6 3 4 2 2 6 5 3 3 4 7 6 5 5 6 3 4 3 2 5 6 5 4 3 4 7 6 5 4 5 11 7 7 9 7 7 8 4 4 6 6 4 4 6 8 6 6 7 4 5 3 3 6 6 4 3 3 5 8 6 5 5 6 3 4 4 2 2 5 6 4 2 2 4 7 6 4 4 6 3 2 5 3 2 8 4 4 8 6 4 4 4 6 9 5 5 8 4 4 6 4 4 7 3 3 5 3 3 8 4 4 4
0 0 0 0 0 0 0 0 0 0 0 0 0 0 9 7 8 7 0 0 8 8 9 9 9 0 9 9 9 8 7 7 5 5 0 0 6 6 6 0 0 0 9 8 7 7 7 5 5 0 0 7 7 7 0 0 0 7 8 8 9 8 0 10 11 10 7 7 0 0 7 7 7 0 0 10 9 8 8 6 6 6 0 0 6 6 6 0 0 0 9 8 7 7 7 5 5 5 0 0 5 5 5 0 0 0 7 8 6 5 0 6 5 8 7 7 0 0 7 7 5 0 11 8 8 10 7 7 0 7 7 9 6 6 0 6 6 10 7 7 7
0 0 0 0 0 0 0 0 0 0 0 0 0 0 0 8 7 8 5 5 5 7 0 8 10 6 6 8 0 0 8 0 4 6 3 3 3 5 7 4 5 5 0 0 8 0 6 6 0 4 4 4 6 8 5 6 6 8 5 0 9 11 7 7 0 0 5 6 2 3 4 5 6 4 5 0 0 7 0 5 6 0 2 2 3 5 6 3 4 5 0 0 7 0 4 4 6 0 2 2 2 4 6 3 4 4 6 0 5 6 3 3 4 0 6 8 4 4 4 6 6 6 0 7 5 0 6 8 4 4 6 0 5 7 3 3 5 0 6 8 4
0 0 0 0 0 0 0 0 0 0 0 0 0 0 0 7 6 7 5 4 4 6 0 7 8 5 5 7 0 0 6 7 3 5 3 2 2 4 5 4 3 4 0 0 7 8 5 5 0 4 3 3 5 6 5 4 5 7 4 0 8 9 6 6 0 0 5 6 3 3 3 5 6 4 5 0 0 5 6 3 4 0 2 1 2 3 4 3 2 3 0 0 5 6 2 3 4 0 2 1 1 3 4 3 2 3 4 0 4 5 2 2 3 0 5 6 4 3 3 5 5 5 0 6 4 0 5 6 3 3 5 0 4 5 2 2 4 0 5 6 3
0 0 0 0 0 0 0 0 0 0 0 0 0 0 0 6 4 5 5 4 3 4 0 5 6 5 4 5 6 0 4 5 2 3 3 2 1 2 3 4 3 2 7 0 5 6 3 4 7 4 3 2 3 4 5 4 3 5 3 0 6 7 6 5 7 0 3 4 4 3 2 3 4 4 3 6 0 4 5 2 3 6 3 2 1 2 3 4 3 2 5 0 3 4 2 1 2 5 2 1 0 1 2 3 2 1 2 0 2 3 2 1 2 0 3 4 4 3 2 3 4 3 0 4 3 0 3 4 3 2 3 0 2 3 2 1 2 0 3 4 2
0 0 0 0 0 0 0 0 0 0 0 0 0 0 9 5 6 5 7 6 4 4 10 7 6 7 5 5 6 7 4 5 3 3 5 4 2 2 3 6 5 4 7 8 5 6 5 3 7 6 5 3 3 4 7 6 5 5 4 11 8 7 8 6 7 8 5 4 5 5 3 3 4 6 5 6 7 4 5 4 3 6 5 3 2 2 3 6 5 4 5 6 3 4 4 3 2 5 4 3 1 1 2 5 4 3 2 6 3 2 3 2 1 8 5 4 6 5 3 3 3 5 9 6 4 8 5 4 5 3 3 7 4 3 4 2 2 8 5 4 3
0 0 0 0 0 0 0 0 0 0 0 0 0 0 9 6 7 6 9 7 5 5 10 8 8 8 6 6 6 7 6 5 4 4 7 5 3 3 3 8 7 5 7 8 6 6 6 4 7 8 6 4 4 4 9 8 6 6 5 11 9 9 9 7 7 8 6 6 6 6 4 4 4 8 6 6 7 6 5 5 5 6 6 4 3 3 3 8 6 5 5 6 5 4 6 4 4 5 6 4 2 2 2 7 6 4 4 6 5 4 5 3 2 6 5 4 6 5 4 3 2 5 9 7 5 8 6 6 6 4 4 7 5 5 5 3 3 8 6 6 4
0 0 0 0 0 0 0 0 0 0 0 0 0 0 0 0 8 9 6 6 6 8 0 9 11 7 7 9 0 0 0 0 5 7 4 4 4 6 8 4 4 4 0 0 0 0 7 7 0 5 5 5 7 9 5 5 5 9 6 0 10 12 8 8 0 0 7 8 3 5 5 7 8 4 5 0 0 0 0 6 8 0 3 3 4 6 8 3 3 4 0 0 0 0 5 5 7 0 3 3 3 5 7 3 3 3 5 0 6 7 4 4 5 0 7 9 5 5 5 7 7 5 0 7 6 0 7 8 5 5 7 0 6 8 4 4 6 0 7 9 5
0 0 0 0 0 0 0 0 0 0 0 0 0 0 0 8 7 8 7 5 5 7 0 8 10 6 6 8 0 0 8 0 4 6 5 3 3 5 7 4 3 3 0 0 8 0 6 6 0 6 4 4 6 8 5 4 4 8 5 0 9 11 7 7 0 0 6 8 4 4 4 6 8 4 4 0 0 7 0 5 6 0 4 2 3 5 6 3 2 3 0 0 7 0 4 4 6 0 4 2 2 4 6 3 2 2 4 0 5 6 3 3 4 0 6 8 6 4 4 6 6 4 0 7 5 0 5 6 3 4 5 0 5 6 3 3 5 0 6 8 4
0 0 0 0 0 0 0 0 0 0 0 0 0 0 0 7 6 7 7 6 4 6 0 7 8 7 5 7 0 0 6 7 3 5 5 4 2 4 5 4 3 2 0 0 7 8 5 5 0 6 5 3 5 6 5 4 3 7 4 0 8 9 8 6 0 0 5 6 5 5 3 5 6 4 3 0 0 6 7 4 5 0 5 3 2 4 5 4 3 2 0 0 5 6 4 3 4 0 4 3 1 3 4 3 2 1 2 0 4 5 4 2 3 0 5 6 6 5 3 5 5 3 0 6 4 0 5 6 5 3 5 0 3 4 3 2 3 0 5 6 3
0 0 0 0 0 0 0 0 0 0 0 0 0 0 0 6 7 6 9 7 5 5 0 8 8 8 6 6 8 0 6 7 4 4 7 5 3 3 5 6 5 3 9 0 6 8 6 4 9 8 6 4 4 6 7 6 4 6 5 0 9 9 9 7 9 0 6 6 6 6 4 4 6 6 4 8 0 6 7 5 5 8 6 4 3 3 5 6 4 3 7 0 5 6 6 4 4 7 6 4 2 2 4 5 4 2 2 0 5 4 5 3 2 0 6 6 8 6 4 4 4 4 0 7 5 0 6 6 6 4 4 0 5 4 5 3 3 0 5 4 4
6 5 8 7 10 9 8 0 0 0 10 9 0 0 5 5 9 7 0 0 0 7 5 10 8 0 0 8 7 7 7 7 7 7 0 0 0 7 7 0 0 0 5 5 5 5 7 5 7 0 0 0 6 6 0 0 0 7 0 7 11 9 0 0 8 8 10 8 0 0 0 8 8 0 0 7 7 7 7 9 7 9 0 0 0 7 7 0 0 0 6 6 6 6 0 7 6 8 0 0 0 6 6 0 0 0 0 5 7 5 0 0 5 5 8 6 0 0 0 6 5 0 9 11 0 8 10 8 0 0 8 7 9 7 0 0 7 6 8 6 0
10 10 9 10 7 7 11 10 9 7 7 9 10 9 9 4 4 4 7 6 4 4 10 5 5 7 5 5 6 7 4 5 2 3 5 4 3 4 5 6 5 4 6 7 4 5 2 2 6 5 4 3 3 5 6 5 4 4 4 11 6 6 8 6 9 10 5 5 6 6 5 5 7 8 7 8 9 6 7 4 4 8 6 4 4 4 6 8 6 6 6 7 4 5 3 2 3 6 5 4 2 3 5 6 5 4 5 7 2 2 4 2 2 8 3 3 6 5 3 3 4 5 11 6 6 10 5 5 6 5 5 9 4 4 6 4 4 8 3 3 3
9 9 7 8 7 6 9 10 9 8 6 8 10 9 7 3 4 3 7 6 5 3 8 5 4 7 6 4 6 7 4 5 3 3 7 6 5 3 5 8 7 6 4 5 2 3 2 1 4 5 4 3 2 3 6 5 4 3 5 9 6 5 8 7 7 8 5 4 7 7 6 4 6 8 7 6 7 4 5 4 3 6 7 5 5 3 5 8 7 6 5 6 3 4 4 3 2 5 6 5 3 2 4 7 6 5 4 5 2 1 4 3 1 6 3 2 6 5 4 2 3 5 9 6 7 8 5 4 7 6 4 7 4 3 6 5 3 6 3 2 4
0 0 11 12 9 9 0 8 7 7 7 9 8 9 0 6 6 6 5 4 4 4 0 7 7 5 5 5 0 0 8 9 4 6 5 4 4 4 6 6 5 6 0 0 6 8 4 4 0 4 3 3 3 5 5 4 5 6 4 0 8 8 6 6 0 0 6 7 4 4 5 5 7 5 6 0 0 6 7 4 5 0 3 2 3 4 5 4 3 4 0 0 6 7 3 4 5 0 3 2 2 3 5 4 3 4 5 0 4 4 2 2 2 0 5 5 4 3 3 3 4 5 0 8 6 0 6 7 4 5 5 0 6 6 4 4 4 0 5 5 3
11 0 9 10 7 8 11 8 7 6 6 8 8 7 0 5 4 5 5 4 3 3 0 5 6 5 4 4 8 0 6 7 3 5 5 4 3 3 5 6 5 4 7 0 5 6 3 3 7 4 3 2 2 4 5 4 3 5 3 0 6 7 6 5 9 0 5 6 5 5 4 4 6 6 5 8 0 6 7 4 5 8 5 3 3 3 5 6 5 4 6 0 4 5 3 2 3 6 3 2 1 2 3 4 3 2 3 0 2 3 2 1 1 0 3 4 4 3 2 2 3 3 0 6 5 0 5 6 5 4 4 0 4 5 4 3 3 0 3 4 2
9 10 7 8 7 6 9 8 7 6 5 6 8 7 7 4 4 3 5 4 3 2 8 5 4 5 4 3 6 7 4 5 4 3 5 4 3 2 3 6 5 4 5 6 3 4 3 2 5 4 3 2 1 2 5 4 3 3 3 9 6 5 6 5 7 8 5 4 6 5 4 3 4 6 5 6 7 4 5 4 3 6 5 4 3 2 3 6 5 4 5 6 3 4 4 3 2 5 4 3 2 1 2 5 4 3 2 5 2 1 2 1 0 6 3 2 4 3 2 1 2 3 9 6 5 8 5 4 5 4 3 7 4 3 4 3 2 6 3 2 2
5 4 7 6 9 8 7 0 0 0 9 8 0 0 6 6 10 8 0 0 0 9 4 9 8 0 0 8 7 7 8 7 8 8 0 0 0 9 7 0 0 0 6 6 6 6 8 6 8 0 0 0 8 6 0 0 0 6 0 6 11 9 0 0 8 8 12 10 0 0 0 10 8 0 0 7 7 9 7 10 9 9 0 0 0 9 7 0 0 0 6 6 8 6 0 8 8 8 0 0 0 8 6 0 0 0 0 5 8 6 0 0 6 4 8 6 0 0 0 6 4 0 9 13 0 8 12 10 0 0 10 7 10 9 0 0 9 6 10 8 0
9 9 9 9 7 7 11 10 9 7 7 7 10 9 10 5 5 5 8 7 6 6 9 5 5 7 5 5 7 8 5 6 3 4 6 5 4 5 6 7 6 5 7 8 5 6 3 3 7 6 5 4 5 5 7 6 5 3 4 11 6 6 8 6 11 12 7 7 7 7 7 7 7 9 9 9 10 7 8 5 6 9 7 5 5 6 6 9 7 7 7 8 5 6 4 3 4 7 6 5 3 5 5 7 6 5 6 8 3 3 5 3 3 8 3 3 6 5 3 3 3 5 13 8 8 12 7 7 7 7 7 10 5 6 7 5 6 10 5 5 5
8 8 7 8 7 6 9 10 9 8 6 6 10 9 8 4 5 4 8 7 6 5 8 5 4 7 6 4 7 8 5 6 4 4 8 7 6 5 5 9 8 7 5 6 3 4 3 2 5 6 5 4 3 4 7 6 5 2 4 9 6 5 8 7 9 10 7 6 8 8 8 6 6 10 9 8 9 6 7 6 5 8 8 6 6 5 5 10 8 8 7 8 5 6 6 4 4 7 8 6 4 4 4 9 8 6 6 6 3 2 5 4 2 6 3 2 6 5 4 2 2 5 11 8 9 10 7 6 8 8 6 9 6 5 8 6 5 8 5 4 6
0 0 12 0 10 10 0 8 8 8 8 8 10 10 0 8 8 8 7 7 7 7 0 8 8 6 6 6 0 0 10 0 6 8 6 6 6 7 7 7 8 8 0 0 8 0 6 6 0 6 6 6 6 6 7 8 8 6 5 0 9 9 7 7 0 0 7 8 4 5 6 7 8 6 7 0 0 9 0 7 8 0 4 4 6 7 7 5 6 7 0 0 9 0 6 6 8 0 4 4 4 6 6 5 6 6 8 0 6 6 4 4 4 0 6 6 4 4 4 4 4 6 0 9 8 0 9 10 6 8 8 0 8 9 6 6 7 0 8 8 6
0 0 11 11 9 9 0 8 7 7 7 7 8 9 0 7 7 7 7 6 6 6 0 7 7 5 5 5 0 0 9 10 5 7 6 5 5 6 6 7 6 7 0 0 7 9 5 5 0 6 5 5 5 5 7 6 7 5 4 0 8 8 6 6 0 0 7 8 5 5 6 7 7 6 7 0 0 7 8 5 6 0 4 3 4 5 6 5 4 5 0 0 7 8 4 5 6 0 4 3 3 5 5 5 4 5 6 0 5 5 3 3 3 0 5 5 4 3 3 3 3 5 0 9 8 0 7 8 5 6 7 0 7 8 5 5 6 0 7 7 5
10 0 9 10 7 8 11 8 7 6 6 6 8 7 0 6 6 6 7 6 5 5 0 5 6 5 4 4 9 0 7 8 4 6 6 5 4 5 5 7 6 5 9 0 6 8 4 4 9 6 5 4 4 4 7 6 5 4 3 0 6 7 6 5 11 0 7 8 6 6 6 6 6 8 7 9 0 7 8 5 6 9 6 4 4 5 5 7 6 5 7 0 5 6 4 3 4 7 4 3 2 3 4 5 4 3 4 0 3 4 3 2 2 0 3 4 4 3 2 2 2 3 0 8 7 0 7 8 6 6 6 0 5 6 5 4 5 0 5 6 4
9 9 7 8 7 6 9 8 7 6 5 5 8 7 9 5 6 5 7 6 5 4 8 5 4 5 4 3 8 9 6 7 5 5 7 6 5 4 4 8 7 6 7 8 5 6 5 3 7 6 5 4 3 3 7 6 5 3 3 9 6 5 6 5 9 10 7 6 7 7 6 5 5 8 7 8 9 6 7 6 5 8 7 5 5 4 4 8 7 6 7 8 5 6 6 5 4 7 6 5 3 3 3 7 6 5 4 6 3 2 3 2 1 6 3 2 4 3 2 1 1 3 11 8 7 10 7 6 7 6 5 9 6 5 6 5 4 8 5 4 4
7 8 7 6 7 6 7 8 7 6 5 4 8 7 7 6 6 5 7 6 5 4 6 5 4 5 4 3 6 7 6 5 6 5 7 6 5 4 3 8 7 6 5 6 5 4 5 4 5 6 5 4 3 2 7 6 5 3 3 7 6 5 6 5 7 8 7 6 8 7 6 5 4 8 7 6 7 6 5 6 5 6 7 6 5 4 3 8 7 6 5 6 5 4 6 5 4 5 6 5 4 3 2 7 6 5 4 5 4 3 4 3 2 4 3 2 4 3 2 1 0 3 9 8 7 8 7 6 7 6 5 7 6 5 6 5 4 6 5 4 4
0 0 11 11 9 9 0 10 9 7 7 7 8 7 0 7 7 7 9 8 6 6 0 7 7 7 5 5 0 0 9 10 5 7 8 7 5 6 6 7 6 5 0 0 7 9 5 5 0 8 7 5 5 5 7 6 5 5 4 0 8 8 8 6 0 0 9 9 7 7 7 7 7 7 7 0 0 9 10 7 8 0 7 5 5 6 6 7 5 5 0 0 7 8 6 5 6 0 6 5 3 5 5 5 4 3 4 0 5 5 5 3 3 0 5 5 6 5 3 3 3 3 0 9 8 0 7 8 7 6 7 0 5 6 5 4 5 0 5 6 4
0 0 0 0 0 0 0 0 0 0 0 0 0 0 0 0 0 0 0 0 0 0 0 0 0 0 0 0 9 9 9 9 9 9 0 0 0 11 11 0 0 0 9 9 9 9 11 9 11 0 0 0 11 11 0 0 0 0 0 0 0 0 0 0 9 9 9 9 0 0 0 9 9 0 0 9 9 9 9 9 9 11 0 0 0 9 9 0 0 0 9 9 9 9 0 9 9 11 0 0 0 9 9 0 0 0 0 9 11 9 0 0 9 9 13 11 0 0 0 11 9 0 9 9 0 9 9 9 0 0 9 9 9 9 0 0 9 9 11 9 0
0 0 0 0 0 0 0 0 0 0 0 0 0 0 0 0 0 0 0 0 0 0 0 0 0 0 0 0 8 9 6 7 4 5 7 6 5 6 7 8 7 6 10 11 8 9 6 6 10 9 8 7 8 9 9 9 8 0 0 0 0 0 0 0 8 9 4 5 4 4 4 6 7 5 5 8 9 6 7 4 5 8 6 4 4 6 7 6 6 6 8 9 6 7 5 4 5 8 7 6 4 6 7 7 7 6 7 11 6 6 8 6 6 13 8 8 9 9 8 8 8 9 9 4 4 9 4 5 4 4 6 9 4 5 6 4 6 11 6 6 6
0 0 0 0 0 0 0 0 0 0 0 0 0 0 0 0 0 0 0 0 0 0 0 0 0 0 0 0 10 0 8 9 5 7 7 6 5 6 7 7 7 6 12 0 9 11 7 7 12 8 8 7 7 9 8 8 8 0 0 0 0 0 0 0 8 0 4 5 3 3 3 4 5 4 4 8 0 6 7 4 5 8 5 3 3 4 5 5 5 4 8 0 6 7 5 4 5 8 5 4 3 4 5 6 5 4 5 0 6 7 6 5 5 0 8 9 8 8 7 7 7 8 0 4 3 0 4 5 3 3 4 0 4 5 4 3 4 0 6 7 5
0 0 0 0 0 0 0 0 0 0 0 0 0 0 8 8 12 10 0 0 0 12 0 0 0 0 0 0 8 8 8 8 8 8 0 0 0 10 10 0 0 0 8 8 8 8 10 8 10 0 0 0 10 10 0 0 0 10 0 0 0 0 0 0 10 10 10 10 0 0 0 10 10 0 0 8 8 8 8 8 8 10 0 0 0 8 8 0 0 0 8 8 8 8 0 8 8 10 0 0 0 8 8 0 0 0 0 8 10 8 0 0 8 8 12 10 0 0 0 10 8 0 9 9 0 8 8 8 0 0 8 8 8 8 0 0 8 8 10 8 0
0 0 0 0 0 0 0 0 0 0 0 0 0 0 12 7 7 7 10 8 8 9 0 0 0 0 0 0 7 8 5 6 3 4 6 5 4 5 6 7 6 5 9 10 7 8 5 5 9 8 7 6 7 8 9 7 7 7 8 0 0 0 0 0 9 10 5 6 5 5 5 7 8 5 5 7 8 5 6 3 4 7 5 3 3 5 6 6 4 4 7 8 5 6 4 3 4 7 6 5 3 5 6 7 5 5 6 10 5 5 6 5 5 12 7 7 9 7 7 7 7 7 9 4 4 8 3 4 3 3 5 8 3 4 4 3 5 10 5 5 5
0 0 0 0 0 0 0 0 0 0 0 0 0 0 10 6 7 6 10 9 8 7 0 0 0 0 0 0 7 8 5 6 4 4 8 7 6 5 6 9 7 7 7 8 5 6 5 4 7 8 7 6 5 6 9 8 7 6 8 0 0 0 0 0 9 10 6 6 6 6 6 6 8 6 6 7 8 5 6 4 4 7 6 4 4 4 6 7 5 5 7 8 5 6 6 4 4 7 8 6 4 4 6 8 6 6 6 8 5 4 7 6 4 10 7 6 10 8 8 6 6 8 9 5 5 8 4 4 4 4 4 8 4 4 5 4 4 8 5 4 6
0 0 0 0 0 0 0 0 0 0 0 0 0 0 0 9 8 9 7 6 7 8 0 0 0 0 0 0 0 0 8 9 5 7 5 4 5 6 7 6 4 6 0 0 9 10 7 7 0 6 5 6 7 8 7 5 7 9 7 0 0 0 0 0 0 0 5 6 3 3 4 5 6 3 5 0 0 5 6 3 4 0 2 1 2 3 4 3 2 3 0 0 7 8 4 5 6 0 4 3 3 5 6 5 3 5 6 0 6 7 4 5 5 0 7 8 6 5 6 7 7 7 0 4 3 0 3 4 1 2 3 0 4 5 2 3 4 0 5 6 4
0 0 0 0 0 0 0 0 0 0 0 0 0 0 0 8 8 8 9 7 7 8 0 0 0 0 0 0 9 0 7 8 4 6 6 5 4 5 6 7 5 5 11 0 8 10 6 6 11 8 6 6 6 8 8 6 6 8 7 0 0 0 0 0 9 0 5 6 4 4 4 5 6 4 4 7 0 5 6 3 4 7 4 2 2 3 4 5 3 3 7 0 5 6 4 3 4 7 4 3 2 3 4 5 4 3 4 0 5 6 5 4 4 0 7 8 8 6 6 6 6 6 0 4 3 0 3 4 2 2 3 0 3 4 3 2 3 0 5 6 4
0 0 0 0 0 0 0 0 0 0 0 0 0 0 12 7 9 7 10 8 8 7 0 0 0 0 0 0 9 10 7 8 5 5 8 6 5 5 6 8 6 6 9 10 7 8 7 5 9 8 7 6 5 6 9 7 7 7 8 0 0 0 0 0 9 10 7 6 5 5 5 5 6 5 5 7 8 5 6 5 4 7 5 3 3 3 4 6 4 4 7 8 5 6 6 5 4 7 6 5 3 3 4 7 5 5 4 8 5 4 5 4 3 10 7 6 8 7 6 5 5 7 9 6 4 8 5 4 3 3 3 8 5 4 4 3 3 8 5 4 4
0 0 0 0 0 0 0 0 0 0 0 0 0 0 7 7 11 9 0 0 0 11 7 12 11 0 0 12 7 7 7 7 7 7 0 0 0 9 9 0 0 0 7 7 7 7 9 7 9 0 0 0 9 9 0 0 0 9 0 0 0 0 0 0 10 10 10 10 0 0 0 10 10 0 0 9 9 9 9 9 9 11 0 0 0 9 9 0 0 0 7 7 7 7 0 7 7 9 0 0 0 7 7 0 0 0 0 7 9 7 0 0 7 7 10 9 0 0 0 9 7 0 9 9 0 8 8 8 0 0 8 7 7 7 0 0 7 7 8 7 0
0 0 0 0 0 0 0 0 0 0 0 0 0 0 11 6 6 6 9 8 6 8 12 7 8 9 7 9 6 7 4 5 2 3 5 4 3 4 5 6 5 4 8 9 6 7 4 4 8 7 6 5 6 7 8 7 5 6 6 0 0 0 0 0 9 10 5 6 6 6 5 7 8 7 5 8 9 6 7 4 5 8 6 4 4 6 7 8 6 4 6 7 4 5 3 2 3 6 5 4 2 4 5 6 5 3 5 9 4 4 6 4 4 10 5 6 8 7 5 6 6 5 9 4 4 8 3 4 4 3 5 7 2 3 4 2 4 8 3 4 3
0 0 0 0 0 0 0 0 0 0 0 0 0 0 9 5 6 5 9 8 7 6 11 8 7 10 8 8 6 7 4 5 3 3 7 6 5 4 5 8 7 5 6 7 4 5 4 3 6 7 6 5 4 5 8 7 6 5 7 0 0 0 0 0 9 10 6 6 7 7 6 6 8 8 6 8 9 6 7 5 5 8 7 5 5 5 7 9 7 5 6 7 4 5 5 3 3 6 7 5 3 3 5 8 6 4 4 7 4 3 6 5 3 9 6 5 9 8 6 5 5 6 9 5 5 8 4 4 5 4 4 7 3 3 5 3 3 7 4 3 4
0 0 0 0 0 0 0 0 0 0 0 0 0 0 0 8 8 8 7 6 6 8 0 9 10 7 7 9 0 0 8 9 4 6 5 4 4 6 7 6 4 4 0 0 8 10 6 6 0 6 5 5 6 8 7 5 5 8 6 0 0 0 0 0 0 0 6 7 4 4 5 6 7 5 5 0 0 6 7 4 5 0 3 2 3 4 5 4 3 4 0 0 6 7 3 4 5 0 3 2 2 4 5 4 3 3 5 0 6 6 4 4 4 0 7 8 6 5 5 6 6 5 0 6 4 0 4 5 2 3 4 0 4 5 2 2 4 0 5 6 3
0 0 0 0 0 0 0 0 0 0 0 0 0 0 0 7 6 7 7 6 5 6 0 7 8 7 6 7 8 0 6 7 3 5 5 4 3 4 5 6 5 3 9 0 7 8 5 5 9 6 5 4 5 6 7 6 4 7 5 0 0 0 0 0 9 0 5 6 5 5 4 5 6 6 4 8 0 6 7 4 5 8 5 3 3 4 5 6 5 3 6 0 4 5 3 2 3 6 3 2 1 2 3 4 3 2 3 0 4 5 4 3 3 0 5 6 6 5 4 5 5 4 0 4 3 0 3 4 3 2 3 0 2 3 2 1 2 0 3 4 2
0 0 0 0 0 0 0 0 0 0 0 0 0 0 11 6 8 6 9 8 6 6 12 9 8 9 7 7 8 9 6 7 4 4 7 6 4 4 5 8 6 4 8 9 6 7 6 4 8 7 6 5 4 5 8 7 5 6 6 0 0 0 0 0 9 10 7 6 6 6 5 5 6 7 5 8 9 6 7 6 5 8 6 4 4 4 5 8 6 4 6 7 4 5 5 4 3 6 5 4 2 2 3 6 5 3 3 7 4 3 4 3 2 9 6 5 7 6 5 4 4 5 9 6 4 8 5 4 4 3 3 7 4 3 4 2 2 7 4 3 3
0 0 0 0 0 0 0 0 0 0 0 0 0 0 6 6 10 8 0 0 0 9 6 11 10 0 0 10 8 8 8 8 8 8 0 0 0 9 9 0 0 0 6 6 6 6 8 6 8 0 0 0 8 8 0 0 0 8 0 8 13 11 0 0 10 10 12 10 0 0 0 10 10 0 0 9 9 9 9 10 9 11 0 0 0 9 9 0 0 0 8 8 8 8 0 8 8 10 0 0 0 8 8 0 0 0 0 6 8 6 0 0 6 6 10 8 0 0 0 8 6 0 9 11 0 8 10 8 0 0 8 7 8 7 0 0 7 6 8 6 0
0 0 0 0 0 0 0 0 0 0 0 0 0 0 10 5 5 5 8 7 6 6 11 7 7 9 7 7 7 8 5 6 3 4 6 5 4 5 6 7 6 5 7 8 5 6 3 3 7 6 5 4 5 6 7 6 5 5 6 13 8 8 10 8 11 12 7 7 7 7 7 7 9 9 7 9 10 7 8 5 6 9 7 5 5 6 8 9 7 6 7 8 5 6 4 3 4 7 6 5 3 5 6 7 6 5 5 8 3 3 5 3 3 10 5 5 8 7 5 5 5 5 11 6 6 10 5 5 5 5 5 8 3 4 5 3 4 8 3 3 3
0 0 0 0 0 0 0 0 0 0 0 0 0 0 8 4 5 4 8 7 6 5 10 7 6 9 8 6 7 8 5 6 4 4 8 7 6 5 6 9 8 7 5 6 3 4 3 2 5 6 5 4 3 4 7 6 5 4 6 11 8 7 10 9 9 10 7 6 8 8 8 6 8 10 8 8 9 6 7 6 5 8 8 6 6 5 7 10 8 7 7 8 5 6 6 4 4 7 8 6 4 4 6 9 8 6 4 6 3 2 5 4 2 8 5 4 8 7 6 4 4 6 9 6 7 8 5 4 6 6 4 7 4 3 6 4 3 6 3 2 4
0 0 0 0 0 0 0 0 0 0 0 0 0 0 0 6 6 6 7 6 5 5 0 7 8 7 6 6 9 0 7 8 4 6 6 5 4 5 6 7 6 5 9 0 6 8 4 4 9 6 5 4 4 6 7 6 4 6 5 0 8 9 8 7 11 0 7 8 6 6 6 6 8 8 6 9 0 7 8 5 6 9 6 4 4 5 6 7 6 5 7 0 5 6 4 3 4 7 4 3 2 3 4 5 4 3 4 0 3 4 3 2 2 0 5 6 6 5 4 4 4 4 0 6 5 0 5 6 4 4 4 0 3 4 3 2 3 0 3 4 2
