0.03537481626653601 0.03547280744732974 0.03557079862812347 0.03596276335129838 0.03596276335129838 0.03664870161685448 0.03684468397844194 0.037138657520823126 0.03743263106320431 0.037530622243998044 0.03831455169034787 0.039000489955903966 0.03949044585987261 0.03988241058304753 0.04027437530622244 0.04096031357177854 0.041156295933366 0.041156295933366 0.042724154826065654 0.04331210191082802 0.04478196962273395 0.044879960803527685 0.04556589906908378 0.04634982851543361 0.048211660950514455
1.0 0.0 0.5714285714285714 0.0 0.0 0.0 0.7142857142857143 0.0 0.14285714285714285 0.0 0.0 0.2857142857142857 0.0 0.0 0.0 0.0 0.0 0.0 0.0 0.8571428571428571 0.2857142857142857 0.0 0.14285714285714285 0.0 0.0
0.0 0.14285714285714285 0.0 0.0 0.0 0.0 0.0 0.0 0.0 0.0 0.0 0.0 0.0 0.0 0.14285714285714285 0.14285714285714285 0.0 0.14285714285714285 0.0 0.0 0.0 0.14285714285714285 0.0 0.0 0.0
0.5714285714285714 0.0 0.5714285714285714 0.0 0.0 0.0 0.5714285714285714 0.0 0.0 0.0 0.0 0.0 0.0 0.0 0.0 0.0 0.0 0.0 0.0 0.5714285714285714 0.0 0.0 0.0 0.0 0.0
0.0 0.0 0.0 0.0 0.0 0.0 0.0 0.0 0.0 0.0 0.0 0.0 0.0 0.0 0.0 0.0 0.0 0.0 0.0 0.0 0.0 0.0 0.0 0.0 0.0
0.0 0.0 0.0 0.0 0.5714285714285714 0.0 0.0 0.0 0.0 0.5714285714285714 0.0 0.0 0.0 0.0 0.5714285714285714 0.0 0.0 0.5714285714285714 0.0 0.0 0.0 0.0 0.0 0.0 0.0
0.0 0.0 0.0 0.0 0.0 0.0 0.0 0.0 0.0 0.0 0.0 0.0 0.0 0.0 0.0 0.0 0.0 0.0 0.0 0.0 0.0 0.0 0.0 0.0 0.0
0.7142857142857143 0.0 0.5714285714285714 0.0 0.0 0.0 0.7142857142857143 0.0 0.0 0.0 0.0 0.0 0.0 0.0 0.0 0.0 0.0 0.0 0.0 0.7142857142857143 0.14285714285714285 0.0 0.0 0.0 0.0
0.0 0.0 0.0 0.0 0.0 0.0 0.0 0.14285714285714285 0.0 0.14285714285714285 0.0 0.0 0.0 0.0 0.14285714285714285 0.14285714285714285 0.0 0.14285714285714285 0.0 0.0 0.0 0.14285714285714285 0.0 0.0 0.0
0.14285714285714285 0.0 0.0 0.0 0.0 0.0 0.0 0.0 0.14285714285714285 0.0 0.0 0.0 0.0 0.0 0.0 0.0 0.0 0.0 0.0 0.0 0.0 0.0 0.0 0.0 0.0
0.0 0.0 0.0 0.0 0.5714285714285714 0.0 0.0 0.14285714285714285 0.0 0.7142857142857143 0.0 0.0 0.0 0.0 0.7142857142857143 0.14285714285714285 0.0 0.7142857142857143 0.0 0.0 0.0 0.14285714285714285 0.0 0.0 0.0
0.0 0.0 0.0 0.0 0.0 0.0 0.0 0.0 0.0 0.0 0.2857142857142857 0.0 0.14285714285714285 0.0 0.14285714285714285 0.2857142857142857 0.0 0.2857142857142857 0.14285714285714285 0.0 0.0 0.14285714285714285 0.0 0.14285714285714285 0.0
0.2857142857142857 0.0 0.0 0.0 0.0 0.0 0.0 0.0 0.0 0.0 0.0 0.2857142857142857 0.0 0.0 0.0 0.0 0.0 0.0 0.0 0.2857142857142857 0.0 0.0 0.0 0.0 0.0
0.0 0.0 0.0 0.0 0.0 0.0 0.0 0.0 0.0 0.0 0.14285714285714285 0.0 0.2857142857142857 0.0 0.0 0.14285714285714285 0.0 0.14285714285714285 0.0 0.0 0.0 0.0 0.0 0.14285714285714285 0.0
0.0 0.0 0.0 0.0 0.0 0.0 0.0 0.0 0.0 0.0 0.0 0.0 0.0 0.0 0.0 0.0 0.0 0.0 0.0 0.0 0.0 0.0 0.0 0.0 0.0
0.0 0.14285714285714285 0.0 0.0 0.5714285714285714 0.0 0.0 0.14285714285714285 0.0 0.7142857142857143 0.14285714285714285 0.0 0.0 0.0 0.8571428571428571 0.2857142857142857 0.0 0.8571428571428571 0.14285714285714285 0.0 0.0 0.2857142857142857 0.0 0.0 0.0
0.0 0.14285714285714285 0.0 0.0 0.0 0.0 0.0 0.14285714285714285 0.0 0.14285714285714285 0.2857142857142857 0.0 0.14285714285714285 0.0 0.2857142857142857 0.42857142857142855 0.0 0.42857142857142855 0.14285714285714285 0.0 0.0 0.2857142857142857 0.0 0.14285714285714285 0.0
0.0 0.0 0.0 0.0 0.0 0.0 0.0 0.0 0.0 0.0 0.0 0.0 0.0 0.0 0.0 0.0 0.0 0.0 0.0 0.0 0.0 0.0 0.0 0.0 0.0
0.0 0.14285714285714285 0.0 0.0 0.5714285714285714 0.0 0.0 0.14285714285714285 0.0 0.7142857142857143 0.2857142857142857 0.0 0.14285714285714285 0.0 0.8571428571428571 0.42857142857142855 0.0 1.0 0.14285714285714285 0.0 0.0 0.2857142857142857 0.0 0.14285714285714285 0.0
0.0 0.0 0.0 0.0 0.0 0.0 0.0 0.0 0.0 0.0 0.14285714285714285 0.0 0.0 0.0 0.14285714285714285 0.14285714285714285 0.0 0.14285714285714285 0.14285714285714285 0.0 0.0 0.14285714285714285 0.0 0.0 0.0
0.8571428571428571 0.0 0.5714285714285714 0.0 0.0 0.0 0.7142857142857143 0.0 0.0 0.0 0.0 0.2857142857142857 0.0 0.0 0.0 0.0 0.0 0.0 0.0 0.8571428571428571 0.2857142857142857 0.0 0.14285714285714285 0.0 0.0
0.2857142857142857 0.0 0.0 0.0 0.0 0.0 0.14285714285714285 0.0 0.0 0.0 0.0 0.0 0.0 0.0 0.0 0.0 0.0 0.0 0.0 0.2857142857142857 0.2857142857142857 0.0 0.14285714285714285 0.0 0.0
0.0 0.14285714285714285 0.0 0.0 0.0 0.0 0.0 0.14285714285714285 0.0 0.14285714285714285 0.14285714285714285 0.0 0.0 0.0 0.2857142857142857 0.2857142857142857 0.0 0.2857142857142857 0.14285714285714285 0.0 0.0 0.2857142857142857 0.0 0.0 0.0
0.14285714285714285 0.0 0.0 0.0 0.0 0.0 0.0 0.0 0.0 0.0 0.0 0.0 0.0 0.0 0.0 0.0 0.0 0.0 0.0 0.14285714285714285 0.14285714285714285 0.0 0.14285714285714285 0.0 0.0
0.0 0.0 0.0 0.0 0.0 0.0 0.0 0.0 0.0 0.0 0.14285714285714285 0.0 0.14285714285714285 0.0 0.0 0.14285714285714285 0.0 0.14285714285714285 0.0 0.0 0.0 0.0 0.0 0.14285714285714285 0.0
0.0 0.0 0.0 0.0 0.0 0.0 0.0 0.0 0.0 0.0 0.0 0.0 0.0 0.0 0.0 0.0 0.0 0.0 0.0 0.0 0.0 0.0 0.0 0.0 0.0
