0.03433197063070759 0.034901458295198 0.0355523013403299 0.035572640185490265 0.03844041735310269 0.03894888848211198 0.0399454918949702 0.04077938454654545 0.04238615331421482 0.04238615331421482 0.0436268228689975 0.04578274045599691 0.04736917037850591 0.04736917037850591 0.04757255883010963 0.04830475725588301 0.07763337197713914 0.08125368641568531 0.0817011410092135 0.09614172107307747
10 6 6 7 8 9 7 5 10 9 5 12 6 8 5 8 4 7 6 4
6 5 6 3 7 3 5 1 7 5 1 8 3 6 4 5 0 4 3 2
6 6 10 5 8 4 9 3 10 7 3 8 6 6 7 8 2 5 6 4
7 3 5 10 4 8 8 6 12 6 7 10 3 7 3 9 4 5 6 2
8 7 8 4 10 5 7 3 8 9 3 10 7 8 6 6 2 6 5 4
9 3 4 8 5 10 6 7 10 8 6 12 3 9 3 7 4 6 5 2
7 5 9 8 7 6 10 5 11 8 6 9 6 7 7 9 4 6 7 4
5 1 3 6 3 7 5 5 7 6 4 9 1 7 1 6 2 4 3 0
10 7 10 12 8 10 11 7 15 9 9 12 7 10 8 12 6 8 9 6
9 5 7 6 9 8 8 6 9 10 5 11 7 9 6 7 4 7 6 4
5 1 3 7 3 6 6 4 9 5 5 7 1 6 1 7 2 3 4 0
12 8 8 10 10 12 9 9 12 11 7 15 8 12 7 10 6 9 8 6
6 3 6 3 7 3 6 1 7 7 1 8 5 6 4 5 0 4 3 2
8 6 6 7 8 9 7 7 10 9 6 12 6 10 5 8 4 7 6 4
5 4 7 3 6 3 7 1 8 6 1 7 4 5 5 6 0 3 4 2
8 5 8 9 6 7 9 6 12 7 7 10 5 8 6 10 4 6 7 4
4 0 2 4 2 4 4 2 6 4 2 6 0 4 0 4 0 2 2 0
7 4 5 5 6 6 6 4 8 7 3 9 4 7 3 6 2 5 4 2
6 3 6 6 5 5 7 3 9 6 4 8 3 6 4 7 2 4 5 2
4 2 4 2 4 2 4 0 6 4 0 6 2 4 2 4 0 2 2 0
