0.053620480143777634 0.05565256461313809 0.019294590979178794 0.07967507071449724 0.018053896190096907 0.02279712853189556 0.007331842457290486 0.024139938118432742 0.04190791287565481 0.057761235180590016 0.007393111335763665 0.002940906166712618 0.04302096416791757 0.002624350294601191 0.004426676469687222 0.025615496941661816 0.049949453175259624 0.10873183633040263 0.014536041417761847 0.006729365152304221 0.10640872468829458 0.06039069121506398 0.06158032860541821 0.009711117237998959 0.03788969559578879 0.01724208355032728 0.013821237835574754 0.01839598076157216 0.020264681555004136 0.008092597698332465
0.008902469978117722 0.0 0.0 0.0 0.0 0.0 0.0 0.0 0.0 0.0 0.0 0.0 0.0 0.0 0.0 0.0 0.008902469978117722 0.0 0.0 0.0 0.0 0.0 0.0 0.0 0.0 0.0 0.0 0.0 0.0 0.0
0.0 0.006850660007337694 0.0 0.0 0.0 0.0 0.0 0.0 0.0 0.0 0.0 0.0 0.006850660007337694 0.0 0.0 0.0 0.0 0.0 0.0 0.0 0.0 0.0 0.0 0.0 0.0 0.0 0.0 0.0 0.0 0.0
0.0 0.0 0.007232073848584264 0.0 0.0 0.0 0.0021395527633103484 0.0 0.0 0.0 0.0 0.0 0.0 0.0 0.0 0.0 0.0 0.0 0.0 0.0 0.0 0.0 0.0 0.0 0.0 0.0 0.0 0.0 0.002593687400732847 0.0
0.0 0.0 0.0 0.025392008582052483 0.012516216979442163 0.0 0.0 0.0016776091664851833 0.025392008582052483 0.0 0.0 0.0 0.0 0.0 0.0 0.0 0.0 0.0 0.0 0.0 0.0 0.0080905146840351 0.0048240103179111316 0.0 0.0 0.0 0.0 0.0 0.003106520963100934 0.0
0.0 0.0 0.0 0.012516216979442163 0.12464835180995948 0.0 0.0 0.01843032050065574 0.0567614792029687 0.0 0.0 0.0 0.0 0.0 0.0 0.0 0.0 0.0 0.010373980174968267 0.0 0.0 0.0 0.04780721497884599 0.0 0.00862045173900583 0.0 0.0 0.0 0.0 0.09517922063623274
0.0 0.0 0.0 0.0 0.0 0.006550722732370673 0.006550722732370673 0.0 0.0 0.0 0.0 0.0 0.0 0.0 0.0 0.002228963845041676 0.0 0.0 0.0 0.0 0.0 0.0 0.0 0.0 0.0 0.0 0.0 0.0 0.0 0.0
0.0 0.0 0.0021395527633103484 0.0 0.0 0.006550722732370673 0.2975905731197699 0.05400299369518535 0.0 0.0 0.0 0.0 0.004877536215680323 0.0 0.0 0.049481991352465116 0.0012409347165274198 0.0 0.0 0.1714658212121165 0.0 0.0 0.0 0.009274682668724665 0.0 0.0 0.07948003790647107 0.0 0.09388151633670816 0.0
0.0 0.0 0.0 0.0016776091664851833 0.01843032050065574 0.0 0.05400299369518535 0.06836028949037143 0.004882809621072681 0.0 0.0 0.0 0.0 0.0 0.0 0.0 0.0 0.0 0.0 0.03586825525928816 0.0 0.0 0.0 0.0 0.0 0.0 0.0 0.0 0.06195961974695052 0.022702242999599775
0.0 0.0 0.0 0.025392008582052483 0.0567614792029687 0.0 0.0 0.004882809621072681 0.09267412872974745 0.0 0.0 0.0 0.0 0.0 0.0 0.0 0.0 0.0 0.0 0.0 0.0 0.03112737260820353 0.04716979669075272 0.0 0.0 0.0 0.0 0.006061238492449661 0.010407099712665513 0.027292348029241964
0.0 0.0 0.0 0.0 0.0 0.0 0.0 0.0 0.0 0.0032112570771474225 0.0 0.0 0.0 0.0 0.0 0.0 0.000883880220307276 0.0 0.0 0.0 0.0 0.0 0.0 0.0 0.0 0.0 0.0 0.0 0.0 0.0
0.0 0.0 0.0 0.0 0.0 0.0 0.0 0.0 0.0 0.0 0.2661943439226562 0.0 0.0 0.0 0.034289778546714444 0.0 0.0 0.0 0.0 0.0 0.0 0.0 0.0 0.03537546857118912 0.0 0.0 0.0 0.02728940136500313 0.0 0.0
0.0 0.0 0.0 0.0 0.0 0.0 0.0 0.0 0.0 0.0 0.0 0.22145046701388083 0.0 0.0 0.0 0.0 0.0 0.0 0.0 0.0 0.0 0.0 0.0 0.0 0.0 0.0 0.0 0.0 0.0 0.0
0.0 0.006850660007337694 0.0 0.0 0.0 0.0 0.004877536215680323 0.0 0.0 0.0 0.0 0.0 0.06749580600380511 0.0 0.0 0.01057501666294769 0.025040696997777445 0.014025355822624874 0.0 0.0 0.005743678369299232 0.0 0.0 0.0008093536611539776 0.0 0.0 0.017738904722008897 0.0 0.0 0.0
0.0 0.0 0.0 0.0 0.0 0.0 0.0 0.0 0.0 0.0 0.0 0.0 0.0 0.01965708754864437 0.0 0.0 0.0 0.0 0.0 0.0 0.0 0.0 0.0 0.0 0.0 0.0 0.0 0.0 0.0 0.01965708754864437
0.0 0.0 0.0 0.0 0.0 0.0 0.0 0.0 0.0 0.0 0.034289778546714444 0.0 0.0 0.0 0.034289778546714444 0.0 0.0 0.0 0.0 0.0 0.0 0.0 0.0 0.0 0.0 0.0 0.0 0.0 0.0 0.0
0.0 0.0 0.0 0.0 0.0 0.002228963845041676 0.049481991352465116 0.0 0.0 0.0 0.0 0.0 0.01057501666294769 0.0 0.0 0.07677358612438923 0.0 0.0 0.0 0.0 0.0 0.0 0.0 0.0 0.0 0.0 0.0021007044612062487 0.0 0.0 0.0
0.008902469978117722 0.0 0.0 0.0 0.0 0.0 0.0012409347165274198 0.0 0.0 0.000883880220307276 0.0 0.0 0.025040696997777445 0.0 0.0 0.0 0.07341572866632617 0.016713199435557158 0.0 0.0 0.0 0.0 0.0 0.01930478115696843 0.0 0.0 0.010116272670686044 0.0 0.0 0.0
0.0 0.0 0.0 0.0 0.0 0.0 0.0 0.0 0.0 0.0 0.0 0.0 0.014025355822624874 0.0 0.0 0.0 0.016713199435557158 0.016713199435557158 0.0 0.0 0.0 0.0 0.0 0.0 0.0 0.0 0.0 0.0 0.0 0.0
0.0 0.0 0.0 0.0 0.010373980174968267 0.0 0.0 0.0 0.0 0.0 0.0 0.0 0.0 0.0 0.0 0.0 0.0 0.0 0.012081465001763547 0.0 0.0 0.0 0.0 0.0 0.0 0.0 0.0 0.0 0.0 0.012081465001763547
0.0 0.0 0.0 0.0 0.0 0.0 0.1714658212121165 0.03586825525928816 0.0 0.0 0.0 0.0 0.0 0.0 0.0 0.0 0.0 0.0 0.0 0.1714658212121165 0.0 0.0 0.0 0.0 0.0 0.0 0.0 0.0 0.0707345598456115 0.0
0.0 0.0 0.0 0.0 0.0 0.0 0.0 0.0 0.0 0.0 0.0 0.0 0.005743678369299232 0.0 0.0 0.0 0.0 0.0 0.0 0.0 0.005743678369299232 0.0 0.0 0.0 0.0 0.0 0.0 0.0 0.0 0.0
0.0 0.0 0.0 0.0080905146840351 0.0 0.0 0.0 0.0 0.03112737260820353 0.0 0.0 0.0 0.0 0.0 0.0 0.0 0.0 0.0 0.0 0.0 0.0 0.04140349552440625 0.0 0.0 0.0 0.0 0.0 0.0018514801220348431 0.0 0.0
0.0 0.0 0.0 0.0048240103179111316 0.04780721497884599 0.0 0.0 0.0 0.04716979669075272 0.0 0.0 0.0 0.0 0.0 0.0 0.0 0.0 0.0 0.0 0.0 0.0 0.0 0.04780721497884599 0.0 0.0 0.0 0.0 0.0 0.0055684311655355145 0.026030290466650285
0.0 0.0 0.0 0.0 0.0 0.0 0.009274682668724665 0.0 0.0 0.0 0.03537546857118912 0.0 0.0008093536611539776 0.0 0.0 0.0 0.01930478115696843 0.0 0.0 0.0 0.0 0.0 0.0 0.11416211198738324 0.0 0.0 0.0 0.0 0.0 0.0
0.0 0.0 0.0 0.0 0.00862045173900583 0.0 0.0 0.0 0.0 0.0 0.0 0.0 0.0 0.0 0.0 0.0 0.0 0.0 0.0 0.0 0.0 0.0 0.0 0.0 0.00862045173900583 0.0 0.0 0.0 0.0 0.00862045173900583
0.0 0.0 0.0 0.0 0.0 0.0 0.0 0.0 0.0 0.0 0.0 0.0 0.0 0.0 0.0 0.0 0.0 0.0 0.0 0.0 0.0 0.0 0.0 0.0 0.0 0.011057174363514832 0.0008565917702867409 0.0 0.0 0.0
0.0 0.0 0.0 0.0 0.0 0.0 0.07948003790647107 0.0 0.0 0.0 0.0 0.0 0.017738904722008897 0.0 0.0 0.0021007044612062487 0.010116272670686044 0.0 0.0 0.0 0.0 0.0 0.0 0.0 0.0 0.0008565917702867409 0.10907640118211503 0.0 0.0 0.0
0.0 0.0 0.0 0.0 0.0 0.0 0.0 0.0 0.006061238492449661 0.0 0.02728940136500313 0.0 0.0 0.0 0.0 0.0 0.0 0.0 0.0 0.0 0.0 0.0018514801220348431 0.0 0.0 0.0 0.0 0.0 0.05878439800167001 0.0 0.0
0.0 0.0 0.002593687400732847 0.003106520963100934 0.0 0.0 0.09388151633670816 0.06195961974695052 0.010407099712665513 0.0 0.0 0.0 0.0 0.0 0.0 0.0 0.0 0.0 0.0 0.0707345598456115 0.0 0.0 0.0055684311655355145 0.0 0.0 0.0 0.0 0.0 0.1172786501891494 0.05236265188060685
0.0 0.0 0.0 0.0 0.09517922063623274 0.0 0.0 0.022702242999599775 0.027292348029241964 0.0 0.0 0.0 0.0 0.01965708754864437 0.0 0.0 0.0 0.0 0.012081465001763547 0.0 0.0 0.0 0.026030290466650285 0.0 0.00862045173900583 0.0 0.0 0.0 0.05236265188060685 0.1874001949526729
