0.04460345855694693 0.044841979725700656 0.045199761478831244 0.04555754323196184 0.0456768038163387 0.046630888491353606 0.04746571258199165 0.04806201550387597 0.048539057841383425 0.049016100178890874 0.04985092426952892 0.05008944543828265 0.05008944543828265 0.05199761478831246 0.05271317829457364 0.05450208706022659 0.05462134764460346 0.055456171735241505 0.05641025641025641 0.05867620751341682
0.0 0.30612244897959184 0.061224489795918366 0.02040816326530612 0.30612244897959184 0.12244897959183673 0.08163265306122448 0.08163265306122448 0.0 0.3673469387755102 0.1836734693877551 0.0 0.42857142857142855 0.061224489795918366 0.3673469387755102 0.12244897959183673 0.12244897959183673 0.061224489795918366 0.02040816326530612 0.0
0.30612244897959184 0.7142857142857143 0.3673469387755102 0.30612244897959184 0.6122448979591837 0.3877551020408163 0.42857142857142855 0.3469387755102041 0.30612244897959184 0.673469387755102 0.4489795918367347 0.30612244897959184 0.7346938775510204 0.3469387755102041 0.7755102040816326 0.4489795918367347 0.40816326530612246 0.3673469387755102 0.30612244897959184 0.2653061224489796
0.061224489795918366 0.3673469387755102 0.14285714285714285 0.061224489795918366 0.3877551020408163 0.1836734693877551 0.12244897959183673 0.12244897959183673 0.0 0.4489795918367347 0.2653061224489796 0.061224489795918366 0.5102040816326531 0.12244897959183673 0.40816326530612246 0.1836734693877551 0.20408163265306123 0.10204081632653061 0.061224489795918366 0.02040816326530612
0.02040816326530612 0.30612244897959184 0.061224489795918366 0.14285714285714285 0.30612244897959184 0.1836734693877551 0.1836734693877551 0.1836734693877551 0.0 0.40816326530612246 0.24489795918367346 0.0 0.4897959183673469 0.10204081632653061 0.42857142857142855 0.1836734693877551 0.16326530612244897 0.12244897959183673 0.12244897959183673 0.061224489795918366
0.30612244897959184 0.6122448979591837 0.3877551020408163 0.30612244897959184 0.7142857142857143 0.42857142857142855 0.3673469387755102 0.3673469387755102 0.30612244897959184 0.7755102040816326 0.5102040816326531 0.30612244897959184 0.8367346938775511 0.3673469387755102 0.673469387755102 0.40816326530612246 0.4489795918367347 0.3469387755102041 0.30612244897959184 0.2653061224489796
0.12244897959183673 0.3877551020408163 0.1836734693877551 0.1836734693877551 0.42857142857142855 0.2857142857142857 0.22448979591836735 0.2653061224489796 0.0 0.5102040816326531 0.3469387755102041 0.08163265306122448 0.5918367346938775 0.20408163265306123 0.46938775510204084 0.22448979591836735 0.2653061224489796 0.1836734693877551 0.20408163265306123 0.12244897959183673
0.08163265306122448 0.42857142857142855 0.12244897959183673 0.1836734693877551 0.3673469387755102 0.22448979591836735 0.2857142857142857 0.20408163265306123 0.0 0.4897959183673469 0.2857142857142857 0.08163265306122448 0.5306122448979592 0.1836734693877551 0.5306122448979592 0.24489795918367346 0.24489795918367346 0.16326530612244897 0.16326530612244897 0.12244897959183673
0.08163265306122448 0.3469387755102041 0.12244897959183673 0.1836734693877551 0.3673469387755102 0.2653061224489796 0.20408163265306123 0.2857142857142857 0.0 0.4897959183673469 0.32653061224489793 0.04081632653061224 0.5714285714285714 0.1836734693877551 0.4489795918367347 0.20408163265306123 0.24489795918367346 0.16326530612244897 0.20408163265306123 0.12244897959183673
0.0 0.30612244897959184 0.0 0.0 0.30612244897959184 0.0 0.0 0.0 0.0 0.3673469387755102 0.02040816326530612 0.0 0.42857142857142855 0.0 0.3673469387755102 0.0 0.0 0.0 0.0 0.0
0.3673469387755102 0.673469387755102 0.4489795918367347 0.40816326530612246 0.7755102040816326 0.5102040816326531 0.4897959183673469 0.4897959183673469 0.3673469387755102 0.8571428571428571 0.5918367346938775 0.3673469387755102 0.9183673469387755 0.4489795918367347 0.7346938775510204 0.4897959183673469 0.5306122448979592 0.42857142857142855 0.42857142857142855 0.3673469387755102
0.1836734693877551 0.4489795918367347 0.2653061224489796 0.24489795918367346 0.5102040816326531 0.3469387755102041 0.2857142857142857 0.32653061224489793 0.02040816326530612 0.5918367346938775 0.42857142857142855 0.1836734693877551 0.673469387755102 0.2653061224489796 0.5306122448979592 0.30612244897959184 0.3469387755102041 0.22448979591836735 0.2653061224489796 0.1836734693877551
0.0 0.30612244897959184 0.061224489795918366 0.0 0.30612244897959184 0.08163265306122448 0.08163265306122448 0.04081632653061224 0.0 0.3673469387755102 0.1836734693877551 0.0 0.42857142857142855 0.02040816326530612 0.3673469387755102 0.12244897959183673 0.12244897959183673 0.02040816326530612 0.0 0.0
0.42857142857142855 0.7346938775510204 0.5102040816326531 0.4897959183673469 0.8367346938775511 0.5918367346938775 0.5306122448979592 0.5714285714285714 0.42857142857142855 0.9183673469387755 0.673469387755102 0.42857142857142855 1.0 0.5102040816326531 0.7959183673469388 0.5306122448979592 0.5918367346938775 0.46938775510204084 0.5102040816326531 0.42857142857142855
0.061224489795918366 0.3469387755102041 0.12244897959183673 0.10204081632653061 0.3673469387755102 0.20408163265306123 0.1836734693877551 0.1836734693877551 0.0 0.4489795918367347 0.2653061224489796 0.02040816326530612 0.5102040816326531 0.14285714285714285 0.42857142857142855 0.1836734693877551 0.20408163265306123 0.12244897959183673 0.12244897959183673 0.061224489795918366
0.3673469387755102 0.7755102040816326 0.40816326530612246 0.42857142857142855 0.673469387755102 0.46938775510204084 0.5306122448979592 0.4489795918367347 0.3673469387755102 0.7346938775510204 0.5306122448979592 0.3673469387755102 0.7959183673469388 0.42857142857142855 0.8571428571428571 0.5306122448979592 0.4897959183673469 0.4489795918367347 0.40816326530612246 0.3673469387755102
0.12244897959183673 0.4489795918367347 0.1836734693877551 0.1836734693877551 0.40816326530612246 0.22448979591836735 0.24489795918367346 0.20408163265306123 0.0 0.4897959183673469 0.30612244897959184 0.12244897959183673 0.5306122448979592 0.1836734693877551 0.5306122448979592 0.2857142857142857 0.24489795918367346 0.20408163265306123 0.16326530612244897 0.12244897959183673
0.12244897959183673 0.40816326530612246 0.20408163265306123 0.16326530612244897 0.4489795918367347 0.2653061224489796 0.24489795918367346 0.24489795918367346 0.0 0.5306122448979592 0.3469387755102041 0.12244897959183673 0.5918367346938775 0.20408163265306123 0.4897959183673469 0.24489795918367346 0.2857142857142857 0.1836734693877551 0.1836734693877551 0.12244897959183673
0.061224489795918366 0.3673469387755102 0.10204081632653061 0.12244897959183673 0.3469387755102041 0.1836734693877551 0.16326530612244897 0.16326530612244897 0.0 0.42857142857142855 0.22448979591836735 0.02040816326530612 0.46938775510204084 0.12244897959183673 0.4489795918367347 0.20408163265306123 0.1836734693877551 0.14285714285714285 0.10204081632653061 0.061224489795918366
0.02040816326530612 0.30612244897959184 0.061224489795918366 0.12244897959183673 0.30612244897959184 0.20408163265306123 0.16326530612244897 0.20408163265306123 0.0 0.42857142857142855 0.2653061224489796 0.0 0.5102040816326531 0.12244897959183673 0.40816326530612246 0.16326530612244897 0.1836734693877551 0.10204081632653061 0.14285714285714285 0.061224489795918366
0.0 0.2653061224489796 0.02040816326530612 0.061224489795918366 0.2653061224489796 0.12244897959183673 0.12244897959183673 0.12244897959183673 0.0 0.3673469387755102 0.1836734693877551 0.0 0.42857142857142855 0.061224489795918366 0.3673469387755102 0.12244897959183673 0.12244897959183673 0.061224489795918366 0.061224489795918366 0.0
