0.03433197063070759 0.034901458295198 0.0355523013403299 0.035572640185490265 0.03844041735310269 0.03894888848211198 0.0399454918949702 0.04077938454654545 0.04238615331421482 0.04238615331421482 0.0436268228689975 0.04578274045599691 0.04736917037850591 0.04736917037850591 0.04757255883010963 0.04830475725588301 0.07763337197713914 0.08125368641568531 0.0817011410092135 0.09614172107307747
6 3 2 3 4 5 3 2 5 5 2 7 3 4 2 4 2 4 3 2
3 3 3 0 4 0 2 0 3 2 0 4 1 3 2 2 0 2 1 1
2 3 6 1 4 0 5 0 5 3 0 3 3 2 4 4 0 2 3 2
3 0 1 6 0 4 4 3 7 2 4 5 0 3 0 5 2 2 3 0
4 4 4 0 6 1 3 0 3 5 0 5 4 4 3 2 0 3 2 2
5 0 0 4 1 6 2 4 5 4 3 7 0 5 0 3 2 3 2 0
3 2 5 4 3 2 6 2 6 4 3 4 3 3 4 5 2 3 4 2
2 0 0 3 0 4 2 3 3 3 2 5 0 4 0 3 1 2 1 0
5 3 5 7 3 5 6 3 9 4 5 6 3 5 4 7 3 4 5 3
5 2 3 2 5 4 4 3 4 6 2 6 4 5 3 3 2 4 3 2
2 0 0 4 0 3 3 2 5 2 3 3 0 3 0 4 1 1 2 0
7 4 3 5 5 7 4 5 6 6 3 9 4 7 3 5 3 5 4 3
3 1 3 0 4 0 3 0 3 4 0 4 3 3 2 2 0 2 1 1
4 3 2 3 4 5 3 4 5 5 3 7 3 6 2 4 2 4 3 2
2 2 4 0 3 0 4 0 4 3 0 3 2 2 3 3 0 1 2 1
4 2 4 5 2 3 5 3 7 3 4 5 2 4 3 6 2 3 4 2
2 0 0 2 0 2 2 1 3 2 1 3 0 2 0 2 0 1 1 0
4 2 2 2 3 3 3 2 4 4 1 5 2 4 1 3 1 3 2 1
3 1 3 3 2 2 4 1 5 3 2 4 1 3 2 4 1 2 3 1
2 1 2 0 2 0 2 0 3 2 0 3 1 2 1 2 0 1 1 0
