0.005776004973062578 0.010541856610029009 0.0054133858267716535 0.009738914214670534 0.00940219643597182 0.005594695399917115 0.0065271446332366345 0.009350393700787402 0.01144840447575632 0.007019270617488603 0.0062681309573145464 0.005698300870285951 0.005439287194363863 0.007925818483215915 0.005387484459179445 0.008158930791545794 0.007925818483215915 0.005568794032324907 0.005853709075839204 0.007925818483215915 0.006242229589722337 0.006941566514711977 0.005983215913800249 0.006578947368421052 0.005568794032324907 0.007304185661002901 0.005361583091587236 0.005361583091587236 0.009920223787815997 0.0058796104434314135 0.005853709075839204 0.009687111479486117 0.009816618317447161 0.007071073352673021 0.008184832159138003 0.012044135930377124 0.008573352673021135 0.005750103605470369 0.00572420223787816 0.005905511811023622 0.0064235391628678 0.0052579776212184 0.009505801906340655 0.005465188561956071 0.005309780356402818 0.008832366348943224 0.010878574388727726 0.005206174886033982 0.0061386241193535016 0.00870285951098218 0.011836924989639452 0.008728760878574389 0.006501243265644426 0.005750103605470369 0.005516991297140489 0.006371736427683382 0.0060091172813924575 0.006812059676750933 0.0062681309573145464 0.005698300870285951 0.005672399502693742 0.0052579776212184 0.0064235391628678 0.0052838789888106094 0.008987774554496477 0.00916908412764194 0.009039577289680896 0.006682552838789888 0.007848114380439287 0.010438251139660175 0.007485495234148363 0.005801906340654786 0.005698300870285951 0.005491089929548281 0.010878574388727726 0.005594695399917115 0.005439287194363863 0.010127434728553668 0.010826771653543307 0.005491089929548281 0.008314338997099047 0.009505801906340655 0.012251346871114795 0.00867695814338997 0.006682552838789888 0.005232076253626192 0.006035018648984666 0.006449440530460008 0.005983215913800249 0.010645462080397844 0.006708454206382097 0.006708454206382097 0.0052579776212184 0.011292996270203066 0.011862826357231663 0.005853709075839204 0.008184832159138003 0.009894322420223789 0.012743472855366764 0.00937629506837961 0.006734355573974306 0.005905511811023622 0.00663075010360547 0.006371736427683382 0.006112722751761293 0.006060920016576875 0.005905511811023622 0.00826253626191463 0.006086821384169084 0.009117281392457521 0.007640903439701616 0.008780563613758806 0.00823663489432242 0.009039577289680896 0.006112722751761293 0.0071228760878574385 0.010308744301699129 0.0072523829258184834 0.006371736427683382 0.0052838789888106094 0.005698300870285951 0.006086821384169084 0.005983215913800249 0.006734355573974306 0.005983215913800249 0.006786158309158723 0.005646498135101533 0.007355988396187319 0.005232076253626192 0.005905511811023622 0.005801906340654786 0.006035018648984666 0.005491089929548281 0.007640903439701616 0.005698300870285951 0.005620596767509325 0.005594695399917115 0.0061386241193535016
3 1 5 0 6 0 0 0 0 0 6 0 0 4 0 0 0 0 0 0 0 3 0 0 0 0 0 0 0 0 0 0 0 0 0 0 0 0 0 0 0 0 0 0 0 0 0 0 0 0 0 0 0 0 0 0 0 0 4 0 1 0 0 0 0 0 0 0 0 0 0 0 0 0 0 0 0 0 0 0 0 0 0 0 0 0 0 0 0 0 0 0 0 0 0 0 0 0 0 0 0 0 0 0 0 0 0 0 0 0 0 0 0 0 0 0 0 0 0 0 0 0 0 0 0 0 0 0 0 0 0 0 0 0 0 0 0 0
1 0 3 0 0 3 0 0 0 0 0 0 0 3 0 0 0 0 0 0 0 2 0 0 0 0 0 0 0 0 0 0 0 0 0 0 0 0 0 0 0 0 0 0 0 0 0 0 0 0 0 0 0 0 0 0 0 0 3 0 0 0 0 0 0 0 0 0 0 0 0 0 0 0 0 0 0 0 0 0 0 0 0 0 0 0 0 0 0 0 0 0 0 0 0 0 0 0 0 0 0 0 0 0 0 0 0 0 0 0 0 0 0 0 0 0 0 0 0 0 0 0 0 0 0 0 0 0 0 0 0 0 0 0 0 0 0 0
5 3 9 11 10 0 0 0 12 11 8 0 0 6 3 5 4 0 0 6 5 5 7 6 0 8 7 0 0 0 0 0 0 0 0 0 0 0 0 0 0 0 0 0 0 0 0 0 0 0 0 0 0 0 0 0 3 4 6 6 5 0 7 0 0 0 0 0 0 0 0 0 0 0 0 0 0 0 0 0 0 0 0 0 0 0 0 0 0 0 0 0 0 0 0 0 0 0 0 0 0 0 0 0 0 0 0 0 0 0 0 0 0 0 0 0 0 0 0 0 0 0 0 0 0 0 0 0 0 0 0 0 0 0 0 0 0 0
0 0 11 15 13 0 18 17 16 13 11 18 17 0 5 9 7 12 11 10 7 0 11 9 13 12 9 0 0 0 0 0 0 0 0 0 0 0 0 0 0 0 0 0 0 0 0 0 0 0 0 0 0 0 0 0 7 10 0 11 9 13 12 0 0 0 0 0 0 0 0 0 0 0 0 0 0 0 0 0 0 0 0 0 0 0 0 0 0 0 0 0 0 0 0 0 0 0 0 0 0 0 0 0 0 0 0 0 0 0 0 0 0 0 0 0 0 0 0 0 0 0 0 0 0 0 0 0 0 0 0 0 0 0 0 0 0 0
6 0 10 13 12 8 0 15 14 13 10 0 15 0 4 7 6 0 9 8 7 0 9 8 11 10 9 0 0 0 0 0 0 0 0 0 0 0 0 0 0 0 0 0 0 0 0 0 0 0 0 0 0 0 0 0 6 8 0 9 8 11 10 0 0 0 0 0 0 0 0 0 0 0 0 0 0 0 0 0 0 0 0 0 0 0 0 0 0 0 0 0 0 0 0 0 0 0 0 0 0 0 0 0 0 0 0 0 0 0 0 0 0 0 0 0 0 0 0 0 0 0 0 0 0 0 0 0 0 0 0 0 0 0 0 0 0 0
0 3 0 0 8 9 0 0 0 0 8 0 0 6 0 0 1 0 0 0 0 5 0 3 0 0 0 0 0 0 0 0 0 0 0 0 0 0 0 0 0 0 0 0 0 0 0 0 0 0 0 0 0 0 0 0 1 0 6 0 6 0 0 0 0 0 0 0 0 0 0 0 0 0 0 0 0 0 0 0 0 0 0 0 0 0 0 0 0 0 0 0 0 0 0 0 0 0 0 0 0 0 0 0 0 0 0 0 0 0 0 0 0 0 0 0 0 0 0 0 0 0 0 0 0 0 0 0 0 0 0 0 0 0 0 0 0 0
0 0 0 18 0 0 24 22 20 18 0 22 20 0 0 12 0 18 16 14 12 0 14 0 18 16 14 0 0 0 0 0 0 0 0 0 0 0 0 0 0 0 0 0 0 0 0 0 0 0 0 0 0 0 0 0 0 14 0 14 0 18 16 0 0 0 0 0 0 0 0 0 0 0 0 0 0 0 0 0 0 0 0 0 0 0 0 0 0 0 0 0 0 0 0 0 0 0 0 0 0 0 0 0 0 0 0 0 0 0 0 0 0 0 0 0 0 0 0 0 0 0 0 0 0 0 0 0 0 0 0 0 0 0 0 0 0 0
0 0 0 17 15 0 22 21 19 17 15 22 19 0 0 11 9 16 15 13 11 0 13 11 17 15 13 0 0 0 0 0 0 0 0 0 0 0 0 0 0 0 0 0 0 0 0 0 0 0 0 0 0 0 0 0 9 13 0 13 11 17 15 0 0 0 0 0 0 0 0 0 0 0 0 0 0 0 0 0 0 0 0 0 0 0 0 0 0 0 0 0 0 0 0 0 0 0 0 0 0 0 0 0 0 0 0 0 0 0 0 0 0 0 0 0 0 0 0 0 0 0 0 0 0 0 0 0 0 0 0 0 0 0 0 0 0 0
0 0 12 16 14 0 20 19 18 16 14 20 19 0 6 10 8 14 13 12 10 0 12 10 15 14 12 0 0 0 0 0 0 0 0 0 0 0 0 0 0 0 0 0 0 0 0 0 0 0 0 0 0 0 0 0 8 12 0 12 10 15 14 0 0 0 0 0 0 0 0 0 0 0 0 0 0 0 0 0 0 0 0 0 0 0 0 0 0 0 0 0 0 0 0 0 0 0 0 0 0 0 0 0 0 0 0 0 0 0 0 0 0 0 0 0 0 0 0 0 0 0 0 0 0 0 0 0 0 0 0 0 0 0 0 0 0 0
0 0 11 13 13 0 18 17 16 15 13 18 17 0 5 7 7 12 11 10 9 0 9 9 13 12 11 0 0 0 0 0 0 0 0 0 0 0 0 0 0 0 0 0 0 0 0 0 0 0 0 0 0 0 0 0 7 10 0 9 9 13 12 0 0 0 0 0 0 0 0 0 0 0 0 0 0 0 0 0 0 0 0 0 0 0 0 0 0 0 0 0 0 0 0 0 0 0 0 0 0 0 0 0 0 0 0 0 0 0 0 0 0 0 0 0 0 0 0 0 0 0 0 0 0 0 0 0 0 0 0 0 0 0 0 0 0 0
6 0 8 11 10 8 0 15 14 13 12 0 15 0 2 4 4 0 7 6 6 0 7 6 11 10 9 0 0 0 0 0 0 0 0 0 0 0 0 0 0 0 0 0 0 0 0 0 0 0 0 0 0 0 0 0 4 8 0 7 6 11 10 0 0 0 0 0 0 0 0 0 0 0 0 0 0 0 0 0 0 0 0 0 0 0 0 0 0 0 0 0 0 0 0 0 0 0 0 0 0 0 0 0 0 0 0 0 0 0 0 0 0 0 0 0 0 0 0 0 0 0 0 0 0 0 0 0 0 0 0 0 0 0 0 0 0 0
0 0 0 18 0 0 22 22 20 18 0 24 22 0 0 12 0 16 16 14 12 0 14 0 18 16 14 0 0 0 0 0 0 0 0 0 0 0 0 0 0 0 0 0 0 0 0 0 0 0 0 0 0 0 0 0 0 14 0 14 0 18 16 0 0 0 0 0 0 0 0 0 0 0 0 0 0 0 0 0 0 0 0 0 0 0 0 0 0 0 0 0 0 0 0 0 0 0 0 0 0 0 0 0 0 0 0 0 0 0 0 0 0 0 0 0 0 0 0 0 0 0 0 0 0 0 0 0 0 0 0 0 0 0 0 0 0 0
0 0 0 17 15 0 20 19 19 17 15 22 21 0 0 11 9 14 13 13 11 0 13 11 15 15 13 0 0 0 0 0 0 0 0 0 0 0 0 0 0 0 0 0 0 0 0 0 0 0 0 0 0 0 0 0 9 13 0 13 11 15 15 0 0 0 0 0 0 0 0 0 0 0 0 0 0 0 0 0 0 0 0 0 0 0 0 0 0 0 0 0 0 0 0 0 0 0 0 0 0 0 0 0 0 0 0 0 0 0 0 0 0 0 0 0 0 0 0 0 0 0 0 0 0 0 0 0 0 0 0 0 0 0 0 0 0 0
4 3 6 0 0 6 0 0 0 0 0 0 0 9 3 0 0 0 0 0 0 7 0 0 0 0 0 9 11 5 7 0 0 0 0 0 0 0 0 0 0 8 10 4 6 0 0 5 0 0 0 0 0 0 0 0 0 0 0 0 0 0 0 0 0 0 0 0 0 0 0 0 0 0 0 0 0 0 0 0 0 0 0 0 0 0 0 0 10 12 6 8 0 0 0 7 0 0 0 0 0 0 0 0 0 11 0 0 0 0 0 8 0 0 0 0 0 0 0 0 0 0 0 0 0 0 0 0 0 0 0 0 0 0 0 0 0 0
0 0 3 5 4 0 0 0 6 5 2 0 0 3 0 2 1 0 0 3 2 0 3 2 0 4 3 4 5 2 3 0 0 0 0 0 0 1 0 0 0 3 4 1 2 0 0 0 0 0 0 0 0 0 0 0 0 1 0 0 0 0 0 0 0 0 0 0 0 0 0 0 0 0 0 0 0 0 0 0 0 0 0 0 0 0 0 0 5 6 3 4 0 0 0 0 0 0 0 0 0 0 0 0 0 5 0 0 0 0 0 2 1 0 0 0 0 0 0 0 0 0 0 0 0 0 0 0 0 0 0 0 0 0 0 1 0 0
0 0 5 9 7 0 12 11 10 7 4 12 11 0 2 6 4 9 8 7 4 0 7 5 9 8 5 0 0 4 5 2 3 5 4 3 4 5 0 5 4 0 0 3 3 4 2 0 7 6 5 2 3 0 7 6 2 5 0 0 0 0 0 0 0 0 0 0 0 0 0 0 0 0 0 0 0 0 0 0 0 0 0 0 0 0 0 0 0 0 5 5 3 2 3 0 1 0 0 0 1 0 1 0 1 0 4 2 2 2 0 0 5 3 4 3 2 0 0 3 0 0 0 0 0 0 0 0 0 0 0 0 0 0 0 5 3 2
0 0 4 7 6 1 0 9 8 7 4 0 9 0 1 4 3 0 6 5 4 0 5 4 7 6 5 4 0 3 3 0 1 0 0 0 2 3 0 0 0 4 0 2 3 2 1 4 0 4 3 2 3 0 0 4 1 3 0 0 0 0 0 0 0 0 0 0 0 0 0 0 0 0 0 0 0 0 0 0 0 0 0 0 0 0 0 0 5 0 4 4 0 0 2 5 0 0 0 0 0 0 0 0 0 0 2 1 0 0 0 0 3 2 0 1 0 0 0 1 0 0 0 0 0 0 0 0 0 0 0 0 0 0 0 3 2 0
0 0 0 12 0 0 18 16 14 12 0 16 14 0 0 9 0 15 13 11 9 0 10 0 14 12 10 0 0 0 0 5 0 11 9 7 7 0 12 9 7 0 0 0 0 7 0 0 13 11 9 7 0 14 11 9 0 9 0 0 0 0 0 0 0 0 0 0 0 0 0 0 0 0 0 0 0 0 0 0 0 0 0 0 0 0 0 0 0 0 0 0 7 5 0 0 9 7 5 5 0 10 7 5 0 0 7 0 9 7 5 0 8 0 11 9 7 5 0 7 0 0 0 0 0 0 0 0 0 0 0 0 0 0 0 8 0 7
0 0 0 11 9 0 16 15 13 11 7 16 13 0 0 8 6 13 12 10 8 0 9 7 13 11 9 0 0 0 0 4 4 9 8 6 6 7 10 9 6 0 0 0 0 6 4 0 11 10 8 6 6 12 11 8 4 8 0 0 0 0 0 0 0 0 0 0 0 0 0 0 0 0 0 0 0 0 0 0 0 0 0 0 0 0 0 0 0 0 0 0 7 4 5 0 7 6 4 4 5 8 7 4 5 0 6 4 8 6 4 0 7 5 9 8 6 4 2 6 0 0 0 0 0 0 0 0 0 0 0 0 0 0 0 7 5 6
0 0 6 10 8 0 14 13 12 10 6 14 13 0 3 7 5 11 10 9 7 0 8 6 11 10 8 0 0 5 0 3 3 7 6 5 6 7 8 7 6 0 0 4 0 5 3 0 9 8 7 5 5 10 9 8 3 7 0 0 0 0 0 0 0 0 0 0 0 0 0 0 0 0 0 0 0 0 0 0 0 0 0 0 0 0 0 0 0 0 6 0 5 4 5 0 5 4 3 4 5 6 5 4 5 0 6 3 6 5 3 0 6 4 7 6 5 3 1 6 0 0 0 0 0 0 0 0 0 0 0 0 0 0 0 6 4 5
0 0 5 7 7 0 12 11 10 9 6 12 11 0 2 4 4 9 8 7 6 0 5 5 9 8 7 0 0 4 4 0 2 3 2 2 4 5 0 3 2 0 0 3 3 2 2 0 7 6 5 4 5 0 7 6 2 5 0 0 0 0 0 0 0 0 0 0 0 0 0 0 0 0 0 0 0 0 0 0 0 0 0 0 0 0 0 0 0 0 5 5 1 0 3 0 1 0 0 2 3 0 1 0 3 0 4 3 4 3 2 0 4 3 5 4 3 2 0 4 0 0 0 0 0 0 0 0 0 0 0 0 0 0 0 4 3 3
3 2 5 0 0 5 0 0 0 0 0 0 0 7 0 0 0 0 0 0 0 6 0 0 0 0 0 7 9 1 5 0 0 0 0 0 0 0 0 0 0 6 8 0 4 0 0 3 0 0 0 0 0 0 0 0 0 0 5 0 0 0 0 0 0 0 0 0 0 0 0 0 0 0 0 0 0 0 0 0 0 0 0 0 0 0 0 0 0 0 0 0 0 0 0 0 0 0 0 0 0 0 0 0 0 9 0 0 0 0 0 8 0 0 0 0 0 0 0 0 0 0 0 0 0 0 0 0 0 0 0 0 0 0 0 0 0 0
0 0 7 11 9 0 14 13 12 9 7 14 13 0 3 7 5 10 9 8 5 0 9 7 11 10 7 0 0 5 6 3 4 6 5 4 5 6 0 6 5 0 0 3 5 5 3 0 8 7 6 3 4 0 8 7 5 8 0 8 6 10 9 0 0 0 0 0 0 0 0 0 0 0 0 0 0 0 0 0 0 0 0 0 0 0 0 0 0 0 0 0 0 0 0 0 0 0 0 0 0 0 0 0 0 0 5 3 3 3 1 0 7 5 6 5 5 3 1 5 0 0 0 0 0 0 0 0 0 0 0 0 0 0 0 0 0 0
0 0 6 9 8 3 0 11 10 9 6 0 11 0 2 5 4 0 7 6 5 0 7 6 9 8 7 5 0 3 5 0 2 0 1 0 3 4 0 0 1 5 0 3 4 3 2 5 0 5 4 3 4 0 0 5 4 6 0 6 5 8 7 0 0 0 0 0 0 0 0 0 0 0 0 0 0 0 0 0 0 0 0 0 0 0 0 0 0 0 0 0 0 0 0 0 0 0 0 0 0 0 0 0 0 0 3 2 1 0 0 0 5 4 0 3 2 2 0 3 0 0 0 0 0 0 0 0 0 0 0 0 0 0 0 0 0 0
0 0 0 13 11 0 18 17 15 13 11 18 15 0 0 9 7 14 13 11 9 0 11 9 15 13 11 0 0 0 0 5 5 10 9 7 7 8 11 10 7 0 0 0 0 7 5 0 12 11 9 7 7 13 12 9 7 11 0 10 8 14 12 0 0 0 0 0 0 0 0 0 0 0 0 0 0 0 0 0 0 0 0 0 0 0 0 0 0 0 0 0 0 0 0 0 0 0 0 0 0 0 0 0 0 0 7 5 9 7 5 0 9 7 12 11 9 7 5 9 0 0 0 0 0 0 0 0 0 0 0 0 0 0 0 0 0 0
0 0 8 12 10 0 16 15 14 12 10 16 15 0 4 8 6 12 11 10 8 0 10 8 13 12 10 0 0 5 0 4 4 8 7 6 7 8 9 8 7 0 0 4 0 6 4 0 10 9 8 6 6 11 10 9 6 10 0 9 7 12 11 0 0 0 0 0 0 0 0 0 0 0 0 0 0 0 0 0 0 0 0 0 0 0 0 0 0 0 0 0 0 0 0 0 0 0 0 0 0 0 0 0 0 0 7 4 7 6 4 0 9 6 10 9 8 6 4 9 0 0 0 0 0 0 0 0 0 0 0 0 0 0 0 0 0 0
0 0 7 9 9 0 14 13 12 11 9 14 13 0 3 5 5 10 9 8 7 0 7 7 11 10 9 0 0 4 6 1 3 4 3 3 5 6 0 4 3 0 0 3 5 3 3 0 8 7 6 5 6 0 8 7 5 8 0 6 6 10 9 0 0 0 0 0 0 0 0 0 0 0 0 0 0 0 0 0 0 0 0 0 0 0 0 0 0 0 0 0 0 0 0 0 0 0 0 0 0 0 0 0 0 0 5 4 5 4 3 0 7 6 8 7 6 5 3 7 0 0 0 0 0 0 0 0 0 0 0 0 0 0 0 0 0 0
0 0 0 0 0 0 0 0 0 0 0 0 0 9 4 0 4 0 0 0 0 7 0 5 0 0 0 12 13 8 10 0 6 0 0 0 0 8 0 0 0 10 11 6 8 0 4 0 0 0 0 0 6 0 0 0 4 0 0 0 0 0 0 15 16 0 9 0 0 0 0 7 0 14 15 10 12 0 8 0 0 0 0 0 6 0 0 0 13 14 9 11 0 0 7 0 0 0 0 0 6 0 0 0 0 11 0 4 0 0 0 9 0 5 0 0 0 0 2 0 0 0 0 16 0 9 0 0 0 15 0 8 0 0 0 0 5 0
0 0 0 0 0 0 0 0 0 0 0 0 0 11 5 0 0 0 0 0 0 9 0 0 0 0 0 13 15 9 11 0 0 0 0 0 0 0 0 0 0 11 13 7 9 0 0 9 0 0 0 0 0 0 0 0 0 0 0 0 0 0 0 16 18 0 0 0 0 0 0 0 0 15 17 11 13 0 0 13 0 0 0 0 0 0 0 0 14 16 10 12 0 0 0 12 0 0 0 0 0 0 0 0 0 13 0 0 0 0 0 11 0 0 0 0 0 0 0 0 0 0 0 18 0 0 0 0 0 17 0 0 0 0 0 0 0 0
0 0 0 0 0 0 0 0 0 0 0 0 0 5 2 4 3 0 0 5 4 1 5 3 0 5 4 8 9 6 7 2 4 0 0 2 4 5 0 0 0 6 7 4 5 3 2 0 0 0 3 2 3 0 0 0 2 4 0 0 0 0 0 11 12 5 7 0 0 1 3 4 0 10 11 8 9 4 6 0 0 0 0 2 3 0 0 0 9 10 7 8 3 3 5 0 0 0 0 2 2 0 0 0 2 7 4 2 0 0 0 4 5 3 0 0 1 0 0 0 0 0 0 12 5 7 0 1 3 11 4 6 0 0 2 5 3 1
0 0 0 0 0 0 0 0 0 0 0 0 0 7 3 5 3 0 0 0 4 5 6 5 0 0 6 10 11 7 9 3 5 0 0 0 5 7 0 0 0 8 9 5 7 4 3 6 0 0 0 3 5 0 0 0 3 0 0 0 0 0 0 13 14 6 8 0 0 0 4 6 0 12 13 9 11 5 7 10 0 0 0 3 5 0 0 0 11 12 8 10 0 4 6 9 0 0 0 3 5 0 0 0 0 9 5 3 0 0 1 7 6 4 0 0 0 1 1 0 0 0 0 14 6 8 0 0 4 13 5 7 0 0 3 6 4 0
0 0 0 0 0 0 0 0 0 0 0 0 0 0 0 2 0 5 4 3 0 0 3 0 5 4 1 0 0 2 3 0 1 3 2 1 2 3 0 3 2 0 0 0 0 1 0 0 4 3 2 0 0 0 4 3 0 3 0 0 0 0 0 0 0 3 4 0 0 0 1 2 0 0 0 4 5 2 3 0 0 0 0 0 1 0 0 0 0 0 3 4 2 1 2 0 0 0 0 0 0 0 0 0 0 0 2 0 0 0 0 0 3 0 2 1 0 0 0 1 0 0 0 0 3 4 0 0 1 0 2 3 0 0 0 3 0 0
0 0 0 0 0 0 0 0 0 0 0 0 0 0 0 3 1 0 4 3 2 0 4 2 5 4 3 6 0 4 5 1 3 0 2 1 4 5 0 0 2 4 0 2 3 2 1 4 0 4 3 2 3 0 0 4 1 3 0 0 0 0 0 9 0 4 6 0 0 0 3 4 0 8 0 6 7 3 5 8 0 0 0 2 3 0 0 0 7 0 5 6 2 2 4 7 0 0 0 1 2 0 0 0 2 0 3 1 0 0 0 0 4 2 0 1 0 0 0 1 0 0 0 0 4 6 0 0 3 0 3 5 0 0 2 4 2 0
0 0 0 0 0 0 0 0 0 0 0 0 0 0 0 5 0 11 9 7 3 0 6 0 10 8 4 0 0 0 0 3 0 9 7 5 5 0 10 7 5 0 0 0 0 4 0 0 10 8 6 3 0 11 8 6 0 7 0 0 0 0 0 0 0 6 0 3 4 5 6 0 5 0 0 0 0 5 0 0 5 3 3 4 0 6 3 4 0 0 0 0 6 4 0 0 7 5 3 3 0 8 5 3 0 0 5 0 5 3 1 0 6 0 8 6 4 1 0 4 0 0 0 0 6 0 3 4 4 0 5 0 5 3 3 6 0 4
0 0 0 0 0 0 0 0 0 0 0 0 0 0 0 4 0 9 8 6 2 0 5 1 9 7 3 0 0 0 0 2 2 7 6 4 4 5 8 7 4 0 0 0 0 3 0 0 8 7 5 2 2 9 8 5 0 6 0 0 0 0 0 0 0 5 5 0 2 3 4 5 3 0 0 0 0 4 5 0 3 2 3 4 5 4 3 4 0 0 0 0 5 3 3 0 5 4 2 2 3 6 5 2 3 0 4 0 4 2 0 0 5 1 6 5 3 0 0 3 0 0 0 0 5 5 2 3 4 0 4 4 4 2 2 5 1 3
0 0 0 0 0 0 0 0 0 0 0 0 0 0 0 3 0 7 6 5 2 0 4 0 7 6 3 0 0 2 0 1 1 5 4 3 4 5 6 5 4 0 0 0 0 2 0 0 6 5 4 1 2 7 6 5 0 5 0 0 0 0 0 0 0 4 4 0 0 2 3 4 0 0 0 4 0 3 3 0 0 0 1 2 3 0 0 2 0 0 4 0 3 2 3 0 3 2 1 2 3 4 3 2 3 0 3 0 2 1 0 0 4 0 4 3 2 0 0 3 0 0 0 0 4 4 0 2 3 0 3 3 2 1 2 4 0 2
0 0 0 0 0 0 0 0 0 0 0 0 0 0 0 4 2 7 6 6 4 0 5 3 7 7 5 0 0 4 5 2 4 5 4 4 6 7 0 5 4 0 0 2 3 3 2 0 7 6 5 4 5 0 7 6 2 6 0 0 0 0 0 0 0 5 7 0 0 3 5 6 0 0 0 6 7 4 6 0 0 0 2 4 5 0 0 2 0 0 6 7 3 3 5 0 3 2 2 4 5 0 3 2 5 0 4 3 4 3 2 0 5 3 5 4 3 2 0 4 0 0 0 0 5 7 0 3 5 0 4 6 2 2 4 5 3 3
0 0 0 0 0 0 0 0 0 0 0 0 0 0 1 5 3 0 7 7 5 0 6 4 8 8 6 8 0 5 7 3 5 0 5 5 7 9 0 0 5 6 0 3 5 4 3 6 0 6 6 5 7 0 0 6 3 7 0 0 0 0 0 11 0 6 8 0 1 4 6 8 0 10 0 7 9 5 7 10 0 1 3 5 7 0 0 3 10 0 6 9 0 4 6 10 0 3 3 5 7 0 0 3 5 0 5 3 4 3 3 0 6 5 0 6 5 4 3 6 0 0 0 0 6 8 1 4 6 0 5 7 3 3 5 6 4 4
0 0 0 0 0 0 0 0 0 0 0 0 0 0 0 0 0 12 10 8 0 0 0 0 11 9 0 0 0 0 0 0 0 10 8 6 0 0 12 10 8 0 0 0 0 0 0 0 11 9 7 0 0 13 11 9 0 8 0 0 0 0 0 0 0 0 0 4 4 5 0 0 7 0 0 0 0 0 0 0 6 4 4 0 0 8 6 6 0 0 0 0 7 0 0 0 8 6 4 0 0 10 8 6 6 0 0 0 6 4 0 0 0 0 9 7 5 0 0 7 0 0 0 0 0 0 4 5 0 0 0 0 6 4 0 0 0 5
0 0 0 0 0 0 0 0 0 0 0 0 0 0 0 5 0 9 9 7 3 0 6 0 10 8 4 0 0 0 0 3 0 7 7 5 5 0 10 9 7 0 0 0 0 4 0 0 8 8 6 3 0 11 10 8 0 7 0 0 0 0 0 0 0 6 0 1 3 4 4 0 5 0 0 0 0 5 0 0 3 3 3 4 0 6 5 6 0 0 0 0 6 4 0 0 5 5 3 3 0 8 7 5 5 0 5 0 5 3 1 0 6 0 6 6 4 1 0 6 0 0 0 0 6 0 4 5 6 0 5 0 6 3 4 6 0 4
0 0 0 0 0 0 0 0 0 0 0 0 0 0 0 4 0 7 6 6 2 0 5 1 7 7 3 0 0 0 0 2 2 5 4 4 4 5 8 7 6 0 0 0 0 3 0 0 6 5 5 2 2 9 8 7 0 6 0 0 0 0 0 0 0 5 5 0 0 3 3 4 2 0 0 0 0 4 4 0 0 0 2 2 3 2 2 4 0 0 0 0 3 3 3 0 3 2 2 2 3 6 5 4 5 0 4 0 2 2 0 0 5 1 4 3 3 0 0 5 0 0 0 0 5 5 0 3 4 0 4 5 4 3 4 5 1 3
0 0 0 0 0 0 0 0 0 0 0 0 0 8 3 0 4 0 0 0 0 6 0 5 0 0 0 10 11 6 8 0 4 0 0 0 0 6 0 0 0 9 10 5 7 0 3 0 0 0 0 0 5 0 0 0 4 0 5 0 6 0 0 0 0 0 0 0 0 0 0 0 0 12 13 8 10 0 6 0 0 0 0 0 4 0 0 0 11 12 7 9 0 0 5 0 0 0 0 0 3 0 0 0 0 11 0 4 0 0 0 8 0 5 0 0 0 0 1 0 0 0 0 0 0 0 0 0 0 13 0 6 0 0 0 0 5 0
0 0 0 0 0 0 0 0 0 0 0 0 0 10 4 0 0 0 0 0 0 8 0 0 0 0 0 11 13 7 9 0 0 0 0 0 0 0 0 0 0 10 12 6 8 0 0 8 0 0 0 0 0 0 0 0 0 0 8 0 0 0 0 0 0 0 0 0 0 0 0 0 0 13 15 9 11 0 0 11 0 0 0 0 0 0 0 0 12 14 8 10 0 0 0 10 0 0 0 0 0 0 0 0 0 13 0 0 0 0 0 10 0 0 0 0 0 0 0 0 0 0 0 0 0 0 0 0 0 15 0 0 0 0 0 0 0 0
0 0 0 0 0 0 0 0 0 0 0 0 0 4 1 3 2 0 0 4 3 0 3 3 0 4 3 6 7 4 5 0 2 0 0 0 2 3 0 0 0 5 6 3 4 1 1 0 0 0 2 1 2 0 0 0 2 3 1 4 4 0 5 0 0 0 0 0 0 0 0 0 0 8 9 6 7 0 4 0 0 0 0 0 1 0 0 0 7 8 5 6 0 0 3 0 0 0 0 0 0 0 0 0 0 7 2 2 0 0 0 4 3 3 0 0 0 0 0 0 0 0 0 0 0 0 0 0 0 9 0 4 0 0 0 3 3 0
0 0 0 0 0 0 0 0 0 0 0 0 0 6 2 3 3 0 0 0 3 4 5 4 0 0 5 8 9 5 7 0 3 0 0 0 3 5 0 0 0 7 8 4 6 2 2 5 0 0 0 2 4 0 0 0 3 0 3 5 5 0 0 0 0 0 0 0 0 0 0 0 0 10 11 7 9 1 5 8 0 0 0 1 3 0 0 0 9 10 6 8 0 0 4 7 0 0 0 0 2 0 0 0 0 9 3 3 0 0 0 6 4 4 0 0 0 0 0 0 0 0 0 0 0 0 0 0 0 11 1 5 0 0 1 4 4 0
0 0 0 0 0 0 0 0 0 0 0 0 0 0 0 4 2 7 6 5 2 0 5 3 7 6 3 0 0 3 4 1 2 4 3 2 3 4 0 4 3 0 0 1 2 3 1 0 6 5 4 1 2 0 6 5 2 5 0 6 4 8 7 0 0 0 0 0 0 0 0 0 0 0 0 4 5 2 4 0 0 0 0 0 1 0 0 0 0 0 3 4 2 1 3 0 0 0 0 0 0 0 0 0 0 0 4 2 2 1 0 0 5 3 4 3 2 0 0 3 0 0 0 0 0 0 0 0 0 0 2 4 0 0 0 5 3 2
0 0 0 0 0 0 0 0 0 0 0 0 0 0 0 2 1 0 4 3 2 0 3 2 5 4 3 4 0 2 3 0 1 0 0 0 2 3 0 0 0 3 0 1 2 1 0 3 0 3 2 1 2 0 0 3 1 3 0 4 3 6 5 0 0 0 0 0 0 0 0 0 0 6 0 4 5 0 3 6 0 0 0 0 1 0 0 0 5 0 3 4 0 0 2 5 0 0 0 0 0 0 0 0 0 0 2 1 0 0 0 0 3 2 0 1 0 0 0 1 0 0 0 0 0 0 0 0 0 0 0 3 0 0 0 3 2 0
0 0 0 0 0 0 0 0 0 0 0 0 0 5 0 0 4 0 0 0 0 3 0 5 0 0 0 0 9 0 6 0 4 0 0 0 0 6 0 0 0 0 8 0 5 0 3 9 0 0 0 0 5 0 0 0 4 0 6 0 6 0 0 0 0 0 0 0 0 0 0 0 0 0 11 0 8 0 6 12 0 0 0 0 4 0 0 0 0 10 0 7 0 0 5 11 0 0 0 0 3 0 0 0 0 9 0 4 0 0 0 6 0 5 0 0 0 0 1 0 0 0 0 0 0 0 0 0 0 11 0 6 0 0 0 0 5 0
0 0 0 0 0 0 0 0 0 0 0 0 0 0 0 7 0 13 11 9 7 0 8 0 12 10 8 0 0 0 0 4 0 10 8 6 7 0 11 8 6 0 0 0 0 6 0 0 12 10 8 6 0 13 10 8 0 9 0 9 0 13 11 0 0 0 0 0 0 0 0 0 0 0 0 0 0 5 0 0 6 4 4 5 0 7 4 5 0 0 0 0 6 4 0 0 8 6 4 4 0 9 6 4 0 0 7 0 8 6 4 0 8 0 10 8 6 4 0 6 0 0 0 0 0 0 0 0 0 0 5 0 6 4 5 8 0 6
0 0 0 0 0 0 0 0 0 0 0 0 0 0 0 6 4 11 10 8 6 0 7 5 11 9 7 0 0 0 0 3 4 8 7 5 6 6 9 8 5 0 0 0 0 5 3 0 10 9 7 5 5 11 10 7 4 8 0 8 6 12 10 0 0 0 0 0 0 0 0 0 0 0 0 0 0 5 6 0 4 3 4 5 6 5 4 5 0 0 0 0 6 3 5 0 6 5 3 3 4 7 6 3 4 0 6 4 7 5 3 0 7 5 8 7 5 3 1 5 0 0 0 0 0 0 0 0 0 0 4 6 5 3 4 7 5 5
0 0 0 0 0 0 0 0 0 0 0 0 0 0 0 5 3 9 8 7 5 0 6 4 9 8 6 0 0 3 0 2 3 6 5 4 5 6 7 6 5 0 0 2 0 4 2 0 8 7 6 4 4 9 8 7 3 7 0 7 5 10 9 0 0 0 0 0 0 0 0 0 0 0 0 5 0 3 5 0 0 0 2 3 4 1 0 3 0 0 5 0 4 3 4 0 4 3 2 3 4 5 4 3 4 0 5 3 5 4 2 0 6 4 6 5 4 2 0 5 0 0 0 0 0 0 0 0 0 0 3 5 3 2 3 6 4 4
0 0 0 0 0 0 0 0 0 0 0 0 0 0 0 2 2 7 6 5 4 0 3 3 7 6 5 0 0 2 3 0 2 3 2 1 4 5 0 3 2 0 0 1 2 1 1 0 6 5 4 3 4 0 6 5 2 5 0 4 4 8 7 0 0 0 0 0 0 0 0 0 0 0 0 4 5 0 4 0 0 0 0 2 3 0 0 0 0 0 3 4 0 0 3 0 0 0 0 1 2 0 0 0 2 0 3 2 3 2 1 0 3 3 4 3 2 1 0 3 0 0 0 0 0 0 0 0 0 0 0 4 0 0 2 3 3 2
0 0 0 0 0 0 0 0 0 0 0 0 0 0 0 3 3 0 6 5 5 0 4 4 7 6 6 6 0 3 5 0 3 0 2 2 5 7 0 0 2 5 0 2 4 2 2 5 0 5 4 4 6 0 0 5 3 6 0 5 5 8 7 0 0 0 0 0 0 0 0 0 0 8 0 5 7 1 5 8 0 0 0 3 5 0 0 0 7 0 4 6 0 0 4 7 0 0 0 2 4 0 0 0 2 0 3 3 3 2 2 0 5 4 0 5 4 3 2 5 0 0 0 0 0 0 0 0 0 0 1 5 0 0 3 4 4 2
0 0 0 0 0 0 0 0 0 0 0 0 0 0 0 0 0 14 12 10 0 0 0 0 13 11 0 0 0 0 0 0 0 11 9 7 0 0 13 11 9 0 0 0 0 0 0 0 13 11 9 0 0 15 13 11 0 10 0 0 0 14 12 0 0 0 0 0 0 0 0 0 0 0 0 0 0 0 0 0 7 5 5 0 0 9 7 7 0 0 0 0 7 0 0 0 9 7 5 0 0 11 9 7 7 0 0 0 9 7 0 0 0 0 11 9 7 0 0 9 0 0 0 0 0 0 0 0 0 0 0 0 7 5 0 0 0 7
0 0 0 0 0 0 0 0 0 0 0 0 0 0 0 7 0 11 11 9 7 0 8 0 12 10 8 0 0 0 0 4 0 8 8 6 7 0 11 10 8 0 0 0 0 6 0 0 10 10 8 6 0 13 12 10 0 9 0 9 0 13 11 0 0 0 0 0 0 0 0 0 0 0 0 0 0 5 0 0 4 4 4 5 0 7 6 7 0 0 0 0 6 4 0 0 6 6 4 4 0 9 8 6 6 0 7 0 8 6 4 0 8 0 8 8 6 4 0 8 0 0 0 0 0 0 0 0 0 0 5 0 7 4 5 8 0 6
0 0 0 0 0 0 0 0 0 0 0 0 0 0 0 6 4 9 8 8 6 0 7 5 9 9 7 0 0 0 0 3 4 6 5 5 6 6 9 8 7 0 0 0 0 5 3 0 8 7 7 5 5 11 10 9 4 8 0 8 6 10 10 0 0 0 0 0 0 0 0 0 0 0 0 0 0 4 6 0 1 1 3 4 4 3 3 5 0 0 0 0 4 3 5 0 4 3 3 3 4 7 6 5 6 0 6 4 5 5 3 0 7 5 6 5 5 3 1 7 0 0 0 0 0 0 0 0 0 0 5 6 5 4 5 7 5 6
0 0 3 7 6 1 0 9 8 7 4 0 9 0 0 2 1 0 4 3 2 0 5 4 7 6 5 4 0 2 3 0 1 0 0 0 2 3 0 0 0 4 0 2 3 2 1 4 0 4 3 2 3 0 0 4 3 5 0 6 5 8 7 0 0 0 0 0 0 0 0 0 0 0 0 0 0 0 0 0 0 0 0 0 0 0 0 0 5 0 3 4 0 0 2 5 0 0 0 0 0 0 0 0 0 0 2 1 0 0 0 0 5 4 0 3 2 1 0 3 0 0 0 0 0 0 0 0 0 0 0 0 0 0 0 3 2 0
0 0 4 10 8 0 14 13 12 10 8 14 13 0 1 5 3 9 8 7 5 0 8 6 11 10 8 0 0 4 0 3 3 7 6 5 6 7 8 7 6 0 0 3 0 5 3 0 9 8 7 5 6 10 9 8 5 9 0 9 7 12 11 0 0 0 0 0 0 0 0 0 0 0 0 0 0 0 0 0 0 0 0 0 0 0 0 0 0 0 6 0 5 4 5 0 5 4 3 4 5 6 5 4 5 0 6 3 6 5 3 0 8 6 9 8 7 5 3 8 0 0 0 0 0 0 0 0 0 0 0 0 0 0 0 6 4 5
4 3 6 0 0 6 0 0 0 0 0 0 0 0 0 0 0 0 0 0 0 5 0 0 0 0 0 0 0 0 0 0 0 0 0 0 0 0 0 0 0 5 8 1 3 0 0 6 0 0 0 0 0 0 0 0 0 0 9 0 0 0 0 0 0 0 0 0 0 0 0 0 0 0 0 0 0 0 0 0 0 0 0 0 0 0 0 0 0 0 0 0 0 0 0 0 0 0 0 0 0 0 0 0 0 0 0 0 0 0 0 8 0 0 0 0 0 0 0 0 0 0 0 0 0 0 0 0 0 0 0 0 0 0 0 0 0 0
0 0 6 11 9 0 14 13 12 9 7 14 13 0 0 0 0 0 0 0 0 0 8 6 10 9 6 0 0 0 0 0 0 0 0 0 0 0 0 0 0 0 0 4 5 6 4 0 9 8 7 4 5 0 9 8 6 9 0 12 10 14 13 0 0 0 0 0 0 0 0 0 0 0 0 0 0 0 0 0 0 0 0 0 0 0 0 0 0 0 0 0 0 0 0 0 0 0 0 0 0 0 0 0 0 0 0 0 0 0 0 0 8 6 7 6 6 4 2 6 0 0 0 0 0 0 0 0 0 0 0 0 0 0 0 0 0 0
1 0 5 9 8 6 0 11 10 9 6 0 11 0 0 0 0 0 0 0 0 0 6 5 8 7 6 0 0 0 0 0 0 0 0 0 0 0 0 0 0 6 0 4 5 4 3 6 0 6 5 4 5 0 0 6 5 7 0 10 9 12 11 0 0 0 0 0 0 0 0 0 0 0 0 0 0 0 0 0 0 0 0 0 0 0 0 0 0 0 0 0 0 0 0 0 0 0 0 0 0 0 0 0 0 0 0 0 0 0 0 0 6 5 0 4 3 3 1 4 0 0 0 0 0 0 0 0 0 0 0 0 0 0 0 0 0 0
0 0 0 13 11 0 18 17 15 13 11 18 15 0 0 0 0 0 0 0 0 0 10 8 14 12 10 0 0 0 0 0 0 0 0 0 0 0 0 0 0 0 0 0 0 8 6 0 13 12 10 8 8 14 13 10 8 12 0 14 12 18 16 0 0 0 0 0 0 0 0 0 0 0 0 0 0 0 0 0 0 0 0 0 0 0 0 0 0 0 0 0 0 0 0 0 0 0 0 0 0 0 0 0 0 0 0 0 0 0 0 0 10 8 13 12 10 8 6 10 0 0 0 0 0 0 0 0 0 0 0 0 0 0 0 0 0 0
0 0 7 12 10 0 16 15 14 12 10 16 15 0 0 0 0 0 0 0 0 0 9 7 12 11 9 0 0 0 0 0 0 0 0 0 0 0 0 0 0 0 0 5 0 7 5 0 11 10 9 7 7 12 11 10 7 11 0 13 11 16 15 0 0 0 0 0 0 0 0 0 0 0 0 0 0 0 0 0 0 0 0 0 0 0 0 0 0 0 0 0 0 0 0 0 0 0 0 0 0 0 0 0 0 0 0 0 0 0 0 0 10 7 11 10 9 7 5 10 0 0 0 0 0 0 0 0 0 0 0 0 0 0 0 0 0 0
0 0 0 0 0 0 0 0 0 0 0 0 0 0 0 0 0 0 0 0 0 0 0 0 0 0 0 15 16 11 13 0 9 0 0 0 0 11 0 0 0 0 0 0 0 0 0 0 0 0 0 0 0 0 0 0 0 0 0 0 0 0 0 21 22 0 15 0 0 0 0 15 0 19 20 15 17 0 13 0 0 0 0 0 13 0 0 0 17 18 13 15 0 0 11 0 0 0 0 0 11 0 0 0 0 16 0 9 0 0 0 0 0 0 0 0 0 0 0 0 23 0 0 20 0 13 0 0 0 18 0 11 0 0 0 0 0 0
0 0 0 0 0 0 0 0 0 0 0 0 0 0 0 0 0 0 0 0 0 0 0 0 0 0 0 16 18 12 14 0 0 0 0 0 0 0 0 0 0 0 0 0 0 0 0 0 0 0 0 0 0 0 0 0 0 0 0 0 0 0 0 22 24 0 0 0 0 0 0 0 0 20 22 16 18 0 0 18 0 0 0 0 0 0 0 0 18 20 14 16 0 0 0 16 0 0 0 0 0 0 0 0 0 18 0 0 0 0 0 0 0 0 0 0 0 0 0 0 25 0 0 22 0 0 0 0 0 20 0 0 0 0 0 0 0 0
0 0 0 0 0 0 0 0 0 0 0 0 0 0 0 0 0 0 0 0 0 0 0 0 0 0 0 0 0 5 6 3 4 6 5 4 5 6 0 6 5 0 0 0 0 0 0 0 0 0 0 0 0 0 0 0 0 0 0 0 0 0 0 0 0 9 10 3 5 7 7 8 5 0 0 9 10 7 8 0 4 3 5 5 6 0 3 5 0 0 7 8 6 5 6 0 5 3 3 3 4 0 4 3 4 0 5 3 4 3 1 0 0 0 0 0 0 0 0 0 0 10 8 0 7 8 3 5 5 0 5 6 4 3 3 0 0 0
0 0 0 0 0 0 0 0 0 0 0 0 0 0 0 0 0 0 0 0 0 0 0 0 0 0 0 9 0 7 8 4 6 0 5 4 7 8 0 0 5 0 0 0 0 0 0 0 0 0 0 0 0 0 0 0 0 0 0 0 0 0 0 15 0 10 12 0 6 8 10 10 0 13 0 11 12 8 10 13 0 4 6 8 8 0 0 6 11 0 9 10 6 6 8 11 0 4 4 6 6 0 0 4 6 0 7 6 5 4 4 0 0 0 0 0 0 0 0 0 0 11 9 0 8 10 4 6 8 0 6 8 5 4 6 0 0 0
0 0 0 0 0 0 0 0 0 0 0 0 0 0 0 0 0 0 0 0 0 0 0 0 0 0 0 0 0 0 0 0 0 3 0 0 0 0 4 1 0 0 0 0 0 0 0 0 0 0 0 0 0 0 0 0 0 0 0 0 0 0 0 0 0 3 0 0 1 2 3 0 2 0 0 0 0 0 0 0 1 0 0 0 0 2 0 0 0 0 0 0 0 0 0 0 2 0 0 0 0 3 0 0 0 0 0 0 0 0 0 0 0 0 0 0 0 0 0 0 0 4 3 0 1 0 0 0 1 0 0 0 0 0 0 0 0 0
0 0 0 0 0 0 0 0 0 0 0 0 0 0 0 0 0 0 0 0 0 0 0 0 0 0 0 0 0 0 0 0 0 4 2 0 0 1 4 3 0 0 0 0 0 0 0 0 0 0 0 0 0 0 0 0 0 0 0 0 0 0 0 0 0 5 6 1 3 4 5 6 4 0 0 0 0 3 4 0 2 1 2 3 4 3 2 3 0 0 0 0 2 0 0 0 3 1 0 0 0 3 2 0 0 0 0 0 2 0 0 0 0 0 0 0 0 0 0 0 0 6 5 0 3 4 1 2 3 0 0 1 2 0 0 0 0 0
0 0 0 0 0 0 0 0 0 0 0 0 0 0 0 0 0 0 0 0 0 0 0 0 0 0 0 0 0 1 0 0 0 5 3 2 3 4 5 4 3 0 0 0 0 0 0 0 0 0 0 0 0 0 0 0 0 0 0 0 0 0 0 0 0 7 8 2 4 6 7 8 4 0 0 7 0 5 6 0 3 2 4 5 6 3 2 5 0 0 5 0 4 3 4 0 4 3 2 3 4 5 4 3 4 0 3 0 3 2 0 0 0 0 0 0 0 0 0 0 0 8 7 0 5 6 2 4 5 0 3 4 3 2 3 0 0 0
0 0 0 0 0 0 0 0 0 0 0 0 0 0 0 0 0 0 0 0 0 0 0 0 0 0 0 0 0 3 4 1 3 6 4 3 5 6 0 4 3 0 0 0 0 0 0 0 0 0 0 0 0 0 0 0 0 0 0 0 0 0 0 0 0 7 10 3 5 7 9 10 5 0 0 9 10 5 8 0 4 3 5 7 8 0 3 5 0 0 7 8 4 3 6 0 5 3 3 5 6 0 4 3 6 0 5 4 5 4 3 0 0 0 0 0 0 0 0 0 0 8 8 0 5 8 3 5 7 0 3 6 4 3 5 0 0 0
0 0 0 0 0 0 0 0 0 0 0 0 0 0 0 0 0 0 0 0 0 0 0 0 0 0 0 7 0 4 6 2 4 0 5 4 6 8 0 0 4 0 0 0 0 0 0 0 0 0 0 0 0 0 0 0 0 0 0 0 0 0 0 15 0 8 10 0 6 8 10 12 0 13 0 9 12 6 8 13 0 4 6 8 10 0 0 6 11 0 7 10 0 4 6 11 0 4 4 6 8 0 0 4 6 0 5 4 5 4 4 0 0 0 0 0 0 0 0 0 0 9 9 0 6 8 4 6 8 0 4 6 5 4 6 0 0 0
0 0 0 0 0 0 0 0 0 0 0 0 0 0 0 0 0 0 0 0 0 0 0 0 0 0 0 0 0 0 0 0 0 5 3 0 0 0 7 5 2 0 0 0 0 0 0 0 0 0 0 0 0 0 0 0 0 0 0 0 0 0 0 0 0 5 0 2 4 4 5 0 6 0 0 0 0 3 0 0 3 2 2 3 0 5 4 5 0 0 0 0 2 0 0 0 4 2 0 0 0 6 4 2 2 0 0 0 3 0 0 0 0 0 0 0 0 0 0 0 0 7 6 0 5 0 3 4 5 0 1 0 3 0 1 0 0 0
0 0 0 0 0 0 0 0 0 0 0 0 0 0 0 0 0 0 0 0 0 0 0 0 0 0 0 14 15 10 12 0 8 0 0 0 0 10 0 0 0 12 13 8 10 0 6 0 0 0 0 0 8 0 0 0 0 0 0 0 0 0 0 19 20 0 13 0 0 0 0 13 0 18 19 14 16 0 12 0 0 0 0 0 12 0 0 0 16 17 12 14 0 0 10 0 0 0 0 0 10 0 0 0 0 15 0 8 0 0 0 13 0 8 0 0 0 0 6 0 21 0 0 20 0 13 0 0 0 17 0 10 0 0 0 0 8 0
0 0 0 0 0 0 0 0 0 0 0 0 0 0 0 0 0 0 0 0 0 0 0 0 0 0 0 15 17 11 13 0 0 0 0 0 0 0 0 0 0 13 15 9 11 0 0 11 0 0 0 0 0 0 0 0 0 0 0 0 0 0 0 20 22 0 0 0 0 0 0 0 0 19 21 15 17 0 0 17 0 0 0 0 0 0 0 0 17 19 13 15 0 0 0 15 0 0 0 0 0 0 0 0 0 17 0 0 0 0 0 15 0 0 0 0 0 0 0 0 23 0 0 22 0 0 0 0 0 19 0 0 0 0 0 0 0 0
0 0 0 0 0 0 0 0 0 0 0 0 0 0 0 0 0 0 0 0 0 0 0 0 0 0 0 10 11 8 9 4 6 0 0 4 6 7 0 0 0 8 9 6 7 4 4 0 0 0 5 4 5 0 0 0 0 0 0 0 0 0 0 15 16 9 11 0 0 7 9 9 0 14 15 12 13 8 10 0 0 0 6 8 8 0 0 0 12 13 10 11 7 6 8 0 0 0 4 6 6 0 0 0 6 11 6 6 0 4 4 7 7 6 0 0 5 4 2 0 17 10 8 16 9 11 0 7 9 13 6 8 0 4 6 7 6 5
0 0 0 0 0 0 0 0 0 0 0 0 0 0 0 0 0 0 0 0 0 0 0 0 0 0 0 12 13 9 11 5 7 0 0 0 7 9 0 0 0 10 11 7 9 5 5 8 0 0 0 5 7 0 0 0 0 0 0 0 0 0 0 17 18 10 12 0 0 0 10 12 0 16 17 13 15 9 11 14 0 0 0 9 11 0 0 0 14 15 11 13 0 7 9 12 0 0 0 7 9 0 0 0 0 13 7 7 0 0 5 11 8 7 0 0 0 5 5 0 19 11 0 18 10 12 0 0 10 15 7 9 0 0 7 8 7 0
0 0 0 0 0 0 0 0 0 0 0 0 0 0 0 0 0 0 0 0 0 0 0 0 0 0 0 0 0 4 5 2 3 5 4 3 4 5 0 5 4 0 0 0 1 2 0 0 5 5 3 0 1 0 5 4 0 0 0 0 0 0 0 0 0 7 8 0 3 5 5 6 3 0 0 8 9 6 7 0 2 2 4 4 5 0 2 4 0 0 6 7 5 4 5 0 3 3 2 2 3 0 3 2 3 0 4 2 4 2 0 0 5 2 5 5 3 0 0 3 0 8 6 0 7 8 3 5 5 0 4 5 4 2 2 5 2 3
0 0 0 0 0 0 0 0 0 0 0 0 0 0 0 0 0 0 0 0 0 0 0 0 0 0 0 8 0 6 7 3 5 0 5 3 6 7 0 0 4 6 0 4 5 4 3 6 0 6 5 4 5 0 0 6 0 0 0 0 0 0 0 13 0 8 10 0 4 6 8 8 0 12 0 10 11 7 9 12 0 3 5 7 7 0 0 5 10 0 8 9 6 5 7 10 0 4 3 5 5 0 0 3 5 0 6 5 5 3 3 0 6 5 0 6 4 3 1 4 0 9 7 0 8 10 4 6 8 0 5 7 5 3 5 6 5 4
0 0 0 0 0 0 0 0 0 0 0 0 0 0 0 0 0 0 0 0 0 0 0 0 0 0 0 0 13 0 10 0 8 0 0 0 0 10 0 0 0 0 11 0 8 0 6 12 0 0 0 0 8 0 0 0 0 0 0 0 0 0 0 0 18 0 13 0 0 0 0 13 0 0 17 0 14 0 12 18 0 0 0 0 12 0 0 0 0 15 0 12 0 0 10 16 0 0 0 0 10 0 0 0 0 13 0 8 0 0 0 11 0 8 0 0 0 0 6 0 19 0 0 18 0 13 0 0 0 15 0 10 0 0 0 0 8 0
0 0 0 0 0 0 0 0 0 0 0 0 0 0 0 0 0 0 0 0 0 0 0 0 0 0 0 0 0 0 0 0 0 5 3 0 0 0 6 3 0 0 0 0 0 0 0 0 6 4 0 0 0 7 4 1 0 0 0 0 0 0 0 0 0 4 0 1 2 3 4 0 3 0 0 0 0 2 0 0 3 1 1 2 0 4 1 2 0 0 0 0 2 0 0 0 4 2 0 0 0 5 2 0 0 0 0 0 3 0 0 0 1 0 6 4 0 0 0 1 0 4 3 0 3 0 2 2 3 0 0 0 3 0 0 1 0 0
0 0 0 0 0 0 0 0 0 0 0 0 0 0 0 0 0 0 0 0 0 0 0 0 0 0 0 0 0 0 0 0 0 3 2 0 0 1 4 3 0 0 0 0 0 0 0 0 4 3 0 0 0 5 4 1 0 0 0 0 0 0 0 0 0 3 4 0 1 2 3 4 2 0 0 0 0 2 3 0 1 0 1 2 3 2 1 2 0 0 0 0 2 0 0 0 2 1 0 0 0 3 2 0 0 0 0 0 2 0 0 0 1 0 4 3 0 0 0 1 0 4 3 0 3 4 1 2 3 0 0 1 2 0 0 1 0 0
0 0 0 0 0 0 0 0 0 0 0 0 0 0 0 0 0 0 0 0 0 0 0 0 0 0 0 0 0 0 0 0 0 3 3 1 2 3 4 3 2 0 0 0 0 0 0 0 4 4 2 0 0 5 4 3 0 0 0 0 0 0 0 0 0 5 6 0 2 4 5 6 2 0 0 6 0 4 5 0 1 1 3 4 5 2 1 4 0 0 4 0 3 2 3 0 3 2 1 2 3 4 3 2 3 0 2 0 3 1 0 0 3 0 4 4 2 0 0 3 0 6 5 0 5 6 2 4 5 0 2 3 3 1 2 3 0 2
0 0 0 0 0 0 0 0 0 0 0 0 0 0 0 0 0 0 0 0 0 0 0 0 0 0 0 0 0 2 3 0 2 4 4 2 4 5 0 4 2 0 0 0 1 0 0 0 5 5 3 2 3 0 5 4 0 0 0 0 0 0 0 0 0 5 8 0 3 5 7 8 3 0 0 8 9 4 7 0 2 2 4 6 7 0 2 4 0 0 6 7 3 2 5 0 3 3 2 4 5 0 3 2 5 0 4 3 4 3 2 0 4 3 5 5 3 2 0 4 0 6 6 0 5 8 3 5 7 0 2 5 4 2 4 4 3 3
0 0 0 0 0 0 0 0 0 0 0 0 0 0 0 0 0 0 0 0 0 0 0 0 0 0 0 6 0 3 5 1 3 0 5 3 5 7 0 0 3 4 0 1 3 1 1 4 0 6 4 3 5 0 0 4 0 0 0 0 0 0 0 13 0 6 8 0 4 6 8 10 0 12 0 8 11 5 7 12 0 3 5 7 9 0 0 5 10 0 6 9 0 3 5 10 0 4 3 5 7 0 0 3 5 0 4 3 5 3 3 0 6 5 0 6 5 4 3 6 0 7 7 0 6 8 4 6 8 0 3 5 5 3 5 4 3 4
0 0 0 0 0 0 0 0 0 0 0 0 0 0 0 0 0 0 0 0 0 0 0 0 0 0 0 0 0 0 0 0 0 6 4 0 0 0 8 6 2 0 0 0 0 0 0 0 7 5 1 0 0 9 7 3 0 0 0 0 0 0 0 0 0 0 0 2 3 3 0 0 5 0 0 0 0 0 0 0 4 2 2 0 0 6 4 4 0 0 0 0 3 0 0 0 5 3 0 0 0 7 5 2 2 0 0 0 4 0 0 0 0 0 7 5 1 0 0 3 0 0 5 0 0 0 3 3 0 0 0 0 4 0 0 0 0 1
0 0 0 0 0 0 0 0 0 0 0 0 0 0 0 0 0 0 0 0 0 0 0 0 0 0 0 0 0 0 0 0 0 3 3 0 0 0 6 5 2 0 0 0 0 0 0 0 4 4 0 0 0 7 6 3 0 0 0 0 0 0 0 0 0 3 0 0 2 2 3 0 4 0 0 0 0 2 0 0 1 1 1 2 0 4 3 4 0 0 0 0 2 0 0 0 2 2 0 0 0 5 4 1 2 0 0 0 3 0 0 0 1 0 4 4 0 0 0 3 0 4 3 0 4 0 2 3 4 0 0 0 3 0 0 1 0 0
0 0 0 0 0 0 0 0 0 0 0 0 0 0 0 0 0 0 0 0 0 0 0 0 0 0 0 0 0 0 0 0 0 4 4 2 2 3 6 6 4 0 0 0 0 0 0 0 5 5 3 0 0 7 7 5 0 0 0 0 0 0 0 0 0 5 6 0 3 5 5 6 5 0 0 0 0 4 5 0 2 2 4 4 5 4 4 6 0 0 0 0 3 2 3 0 3 3 2 2 3 6 5 4 5 0 2 0 4 2 0 0 3 0 5 5 3 0 0 5 0 6 6 0 6 7 3 5 6 0 4 5 4 3 4 4 1 3
0 0 0 0 0 0 0 0 0 0 0 0 0 10 5 0 5 0 0 0 0 0 0 0 0 0 0 13 14 9 11 0 7 0 0 0 0 10 0 0 0 11 12 7 9 0 5 0 0 0 0 0 7 0 0 0 5 0 0 0 0 0 0 17 18 0 11 0 0 0 0 11 0 16 17 12 14 0 10 0 0 0 0 0 10 0 0 0 15 16 11 13 0 0 9 0 0 0 0 0 9 0 0 0 0 14 0 7 0 0 0 12 0 7 0 0 0 0 5 0 19 0 0 18 0 11 0 0 0 17 0 10 0 0 0 0 7 0
0 0 0 0 0 0 0 0 0 0 0 0 0 12 6 0 0 0 0 0 0 0 0 0 0 0 0 14 16 10 12 0 0 0 0 0 0 0 0 0 0 12 14 8 10 0 0 10 0 0 0 0 0 0 0 0 0 0 0 0 0 0 0 18 20 0 0 0 0 0 0 0 0 17 19 13 15 0 0 15 0 0 0 0 0 0 0 0 16 18 12 14 0 0 0 14 0 0 0 0 0 0 0 0 0 16 0 0 0 0 0 14 0 0 0 0 0 0 0 0 21 0 0 20 0 0 0 0 0 19 0 0 0 0 0 0 0 0
0 0 0 0 0 0 0 0 0 0 0 0 0 6 3 5 4 0 0 6 5 0 0 0 0 0 0 9 10 7 8 3 5 0 0 4 6 6 0 0 0 7 8 5 6 3 3 0 0 0 5 3 4 0 0 0 3 6 0 0 0 0 0 13 14 7 9 0 0 5 7 7 0 12 13 10 11 6 8 0 0 0 4 6 6 0 0 0 11 12 9 10 5 5 7 0 0 0 3 5 5 0 0 0 5 10 6 5 0 4 3 6 7 5 0 0 5 3 1 0 15 8 6 14 7 9 0 5 7 13 6 8 0 4 6 7 5 5
0 0 0 0 0 0 0 0 0 0 0 0 0 8 4 5 4 0 0 0 5 0 0 0 0 0 0 11 12 8 10 4 6 0 0 0 7 9 0 0 0 9 10 6 8 4 4 7 0 0 0 4 6 0 0 0 4 0 0 0 0 0 0 15 16 8 10 0 0 0 8 10 0 14 15 11 13 7 9 12 0 0 0 7 9 0 0 0 13 14 10 12 0 6 8 11 0 0 0 6 8 0 0 0 0 12 7 6 0 0 4 10 8 6 0 0 0 4 4 0 17 9 0 16 8 10 0 0 8 15 7 9 0 0 7 8 6 0
0 0 0 0 0 0 0 0 0 0 0 0 0 0 0 3 0 7 7 5 1 0 0 0 0 0 0 0 0 3 0 2 2 6 5 3 3 0 7 6 3 0 0 0 0 2 0 0 6 6 4 0 0 7 6 4 0 5 0 0 0 0 0 0 0 6 6 0 2 4 4 0 2 0 0 7 0 5 6 0 2 2 3 3 0 3 2 3 0 0 5 0 6 4 4 0 4 4 2 2 0 5 4 2 0 0 5 2 5 3 0 0 6 2 6 6 4 0 0 4 0 7 5 0 6 6 2 4 4 0 5 5 5 3 3 6 2 4
0 0 0 0 0 0 0 0 0 0 0 0 0 0 0 2 0 5 4 4 0 0 0 0 0 0 0 0 0 3 4 1 2 4 3 2 3 4 0 4 3 0 0 0 0 1 0 0 4 3 3 0 0 0 4 3 0 4 0 0 0 0 0 0 0 5 6 0 0 3 3 4 0 0 0 6 7 4 5 0 0 0 2 2 3 0 0 2 0 0 5 6 4 3 4 0 2 1 1 1 2 0 2 1 2 0 4 1 2 2 0 0 5 2 4 3 3 0 0 3 0 6 4 0 5 6 0 3 3 0 4 5 2 2 2 5 2 3
0 0 0 0 0 0 0 0 0 0 0 0 0 0 0 3 2 0 5 5 3 0 0 0 0 0 0 7 0 5 6 2 4 0 3 3 5 6 0 0 3 5 0 3 4 3 2 5 0 5 4 3 4 0 0 5 2 5 0 0 0 0 0 11 0 6 8 0 0 4 6 6 0 10 0 8 9 5 7 10 0 0 3 5 5 0 0 3 9 0 7 8 4 4 6 9 0 2 2 4 4 0 0 2 4 0 5 4 3 3 2 0 6 4 0 4 4 2 0 4 0 7 5 0 6 8 0 4 6 0 5 7 3 3 5 6 4 4
0 0 0 0 0 0 0 0 0 0 0 0 0 7 0 0 5 0 0 0 0 0 0 0 0 0 0 0 12 0 9 0 7 0 0 0 0 10 0 0 0 0 10 0 7 0 5 11 0 0 0 0 7 0 0 0 5 0 0 0 0 0 0 0 16 0 11 0 0 0 0 11 0 0 15 0 12 0 10 16 0 0 0 0 10 0 0 0 0 14 0 11 0 0 9 15 0 0 0 0 9 0 0 0 0 12 0 7 0 0 0 10 0 7 0 0 0 0 5 0 17 0 0 16 0 11 0 0 0 15 0 10 0 0 0 0 7 0
0 0 0 0 0 0 0 0 0 0 0 0 0 0 0 1 0 9 7 5 1 0 0 0 0 0 0 0 0 0 0 0 0 7 5 3 3 0 8 5 3 0 0 0 0 0 0 0 8 6 4 0 0 9 6 4 0 5 0 0 0 0 0 0 0 5 0 2 3 4 5 0 4 0 0 0 0 3 0 0 4 2 3 3 0 5 2 3 0 0 0 0 4 2 0 0 6 4 2 2 0 7 4 2 0 0 3 0 5 3 0 0 4 0 8 6 4 0 0 4 0 5 5 0 4 0 2 4 4 0 3 0 5 3 3 4 0 4
0 0 0 0 0 0 0 0 0 0 0 0 0 0 0 0 0 7 6 4 0 0 0 0 0 0 0 0 0 0 0 0 0 5 4 2 2 3 6 5 2 0 0 0 0 0 0 0 6 5 3 0 0 7 6 3 0 4 0 0 0 0 0 0 0 3 4 0 1 3 3 4 2 0 0 0 0 3 4 0 2 1 2 3 4 3 2 3 0 0 0 0 4 1 2 0 4 3 1 1 2 5 4 1 2 0 2 0 4 2 0 0 3 0 6 5 3 0 0 3 0 4 4 0 3 4 1 3 3 0 2 3 4 2 2 3 0 3
0 0 0 0 0 0 0 0 0 0 0 0 0 0 0 0 0 5 4 3 0 0 0 0 0 0 0 0 0 0 0 0 0 3 2 1 2 3 4 3 2 0 0 0 0 0 0 0 4 3 2 0 0 5 4 3 0 3 0 0 0 0 0 0 0 3 4 0 0 2 3 4 0 0 0 4 0 2 3 0 0 0 1 2 3 0 0 2 0 0 3 0 2 1 2 0 2 1 0 1 2 3 2 1 2 0 2 0 2 1 0 0 3 0 4 3 2 0 0 3 0 4 3 0 3 4 0 2 3 0 2 3 2 1 2 3 0 2
0 0 0 0 0 0 0 0 0 0 0 0 0 0 0 0 0 5 4 4 2 0 0 0 0 0 0 0 0 2 3 0 1 3 2 2 4 5 0 3 2 0 0 0 0 0 0 0 4 3 3 1 2 0 4 3 0 4 0 0 0 0 0 0 0 3 6 0 0 3 5 6 0 0 0 6 7 2 5 0 0 0 2 4 5 0 0 2 0 0 5 6 2 1 4 0 2 1 1 3 4 0 2 1 4 0 3 2 3 2 1 0 3 2 4 3 3 1 0 3 0 4 4 0 3 6 0 3 5 0 2 5 2 2 4 3 2 3
0 0 0 0 0 0 0 0 0 0 0 0 0 0 0 1 0 0 5 5 3 0 0 0 0 0 0 6 0 2 5 0 2 0 3 3 5 7 0 0 3 3 0 0 2 0 0 3 0 4 4 2 4 0 0 4 0 5 0 0 0 0 0 11 0 4 6 0 0 4 6 8 0 10 0 6 9 3 5 10 0 0 3 5 7 0 0 3 9 0 5 8 0 2 4 9 0 2 2 4 6 0 0 2 4 0 3 2 3 3 2 0 5 4 0 5 4 3 2 5 0 5 5 0 4 6 0 4 6 0 3 5 3 3 5 4 2 4
0 0 0 0 0 0 0 0 0 0 0 0 0 0 0 0 0 10 8 6 0 0 0 0 0 0 0 0 0 0 0 0 0 8 6 4 0 0 10 8 6 0 0 0 0 0 0 0 9 7 5 0 0 11 9 7 0 6 0 0 0 0 0 0 0 0 0 3 3 5 0 0 6 0 0 0 0 0 0 0 5 3 4 0 0 7 5 6 0 0 0 0 5 0 0 0 7 5 3 0 0 9 7 5 5 0 0 0 6 4 0 0 0 0 9 7 5 0 0 7 0 0 6 0 0 0 3 5 0 0 0 0 6 4 0 0 0 5
0 0 0 0 0 0 0 0 0 0 0 0 0 0 0 1 0 7 7 5 1 0 0 0 0 0 0 0 0 0 0 0 0 5 5 3 3 0 8 7 5 0 0 0 0 0 0 0 6 6 4 0 0 9 8 6 0 5 0 0 0 0 0 0 0 4 0 0 2 4 4 0 4 0 0 0 0 3 0 0 2 2 3 3 0 5 4 5 0 0 0 0 4 2 0 0 4 4 2 2 0 7 6 4 4 0 3 0 5 3 0 0 4 0 6 6 4 0 0 6 0 5 5 0 5 0 3 4 5 0 3 0 5 3 3 4 0 4
0 0 0 0 0 0 0 0 0 0 0 0 0 0 0 0 0 5 4 4 0 0 0 0 0 0 0 0 0 0 0 0 0 3 2 2 2 3 6 5 4 0 0 0 0 0 0 0 4 3 3 0 0 7 6 5 0 4 0 0 0 0 0 0 0 3 4 0 0 3 3 4 2 0 0 0 0 2 3 0 0 0 2 2 3 2 1 4 0 0 0 0 2 1 2 0 2 1 1 1 2 5 4 3 4 0 2 0 2 2 0 0 3 0 4 3 3 0 0 5 0 4 4 0 3 4 0 3 3 0 3 4 3 2 3 3 0 3
0 0 0 0 0 0 0 0 0 0 0 0 0 0 0 1 0 0 5 5 3 0 0 0 0 0 0 0 0 2 0 0 2 0 3 3 5 5 6 5 5 0 0 0 0 0 0 0 0 4 4 2 2 7 6 6 0 5 0 0 0 0 0 0 0 4 6 0 0 4 6 6 2 0 0 6 0 3 5 0 0 0 3 5 5 2 2 5 0 0 5 0 0 2 4 0 0 2 2 4 4 5 4 4 6 0 3 2 3 3 2 0 4 2 0 4 4 2 0 6 0 5 5 0 4 6 0 4 6 0 3 6 3 3 5 5 4 4
0 0 0 0 0 0 0 0 0 0 0 0 0 11 5 0 0 0 0 0 0 9 0 0 0 0 0 11 13 7 9 0 0 0 0 0 0 0 0 0 0 11 13 7 9 0 0 9 0 0 0 0 0 0 0 0 0 0 0 0 0 0 0 16 18 0 0 0 0 0 0 0 0 15 17 11 13 0 0 13 0 0 0 0 0 0 0 0 14 16 10 12 0 0 0 12 0 0 0 0 0 0 0 0 0 15 0 0 0 0 0 13 0 0 0 0 0 0 0 0 0 0 0 18 0 0 0 0 0 17 0 0 0 0 0 0 0 0
0 0 0 0 0 0 0 0 0 0 0 0 0 0 0 4 2 7 6 6 4 0 5 3 7 7 5 0 0 4 5 2 3 5 4 3 4 5 0 5 4 0 0 2 3 4 2 0 7 6 5 3 3 0 7 6 2 6 0 0 0 0 0 0 0 5 7 0 0 3 5 5 0 0 0 6 7 4 6 0 0 0 2 4 4 0 0 2 0 0 6 7 5 4 5 0 3 2 2 3 3 0 3 2 3 0 6 4 4 4 2 0 7 5 6 5 5 3 0 5 0 0 0 0 5 7 0 3 5 0 4 6 2 2 4 7 5 5
0 0 0 0 0 0 0 0 0 0 0 0 0 0 0 2 1 0 4 3 3 0 3 2 5 4 4 4 0 2 3 0 1 0 0 0 3 3 0 0 0 4 0 2 3 2 1 4 0 4 3 2 3 0 0 4 1 3 0 0 0 0 0 9 0 3 6 0 0 0 4 4 0 8 0 6 7 2 5 8 0 0 0 3 3 0 0 0 7 0 5 6 2 1 4 7 0 0 0 2 2 0 0 0 2 0 4 3 2 1 1 0 5 4 0 3 2 2 0 3 0 0 0 0 3 6 0 0 4 0 2 5 0 0 3 5 4 2
0 0 0 0 0 0 0 0 0 0 0 0 0 0 0 2 0 9 8 6 4 0 3 1 9 7 5 0 0 0 0 0 0 5 4 2 4 4 6 5 2 0 0 0 0 2 0 0 8 7 5 3 3 9 8 5 0 6 0 0 0 0 0 0 0 4 5 0 2 3 5 5 3 0 0 0 0 4 5 0 3 2 3 4 5 4 3 4 0 0 0 0 5 2 3 0 5 4 2 3 3 6 5 2 3 0 4 2 6 4 2 0 5 3 8 7 5 3 0 5 0 0 0 0 4 5 2 3 5 0 2 4 4 2 4 5 3 5
0 0 0 0 0 0 0 0 0 0 0 0 0 0 0 2 0 7 6 5 3 0 3 0 7 6 4 0 0 0 0 0 0 3 2 1 3 3 4 3 2 0 0 0 0 1 0 0 6 5 4 2 2 7 6 5 0 5 0 0 0 0 0 0 0 3 4 0 0 2 4 4 0 0 0 4 0 2 3 0 0 0 1 3 3 0 0 2 0 0 4 0 3 2 3 0 3 2 1 2 3 4 3 2 3 0 4 1 4 3 1 0 5 2 6 5 4 2 0 5 0 0 0 0 3 4 0 2 4 0 2 3 2 1 3 5 2 4
0 0 0 0 0 0 0 0 0 0 0 0 0 0 0 0 0 5 4 3 2 0 1 0 5 4 3 0 0 0 1 0 0 1 0 0 2 3 0 1 0 0 0 0 0 0 0 0 4 3 2 1 2 0 4 3 0 3 0 0 0 0 0 0 0 1 4 0 0 0 3 4 0 0 0 4 5 0 3 0 0 0 0 2 3 0 0 0 0 0 3 4 0 0 2 0 0 0 0 1 2 0 0 0 2 0 2 1 2 1 0 0 3 2 4 3 2 1 0 3 0 0 0 0 1 4 0 0 3 0 0 3 0 0 2 3 2 2
0 0 0 0 0 0 0 0 0 0 0 0 0 8 2 0 0 0 0 0 0 8 0 0 0 0 0 9 11 4 7 0 0 0 0 0 0 0 0 0 0 8 10 4 6 0 0 6 0 0 0 0 0 0 0 0 0 0 8 0 0 0 0 0 0 0 0 0 0 0 0 0 0 13 15 7 11 0 0 11 0 0 0 0 0 0 0 0 12 14 6 10 0 0 0 10 0 0 0 0 0 0 0 0 0 13 0 0 0 0 0 12 0 0 0 0 0 0 0 0 0 0 0 0 0 0 0 0 0 15 0 0 0 0 0 0 0 0
0 0 0 0 0 0 0 0 0 0 0 0 0 0 1 5 3 8 7 6 4 0 7 5 9 9 7 0 0 5 6 3 4 6 5 4 5 6 0 6 5 0 0 3 4 5 3 0 8 7 6 3 5 0 8 7 5 8 0 8 6 10 10 0 0 0 0 0 0 0 0 0 0 0 0 7 8 5 6 0 1 1 3 4 6 0 1 3 0 0 7 8 6 5 6 0 4 3 3 3 5 0 4 3 4 0 7 5 5 5 3 0 9 7 8 7 7 5 3 7 0 0 0 0 0 0 0 0 0 0 5 6 3 3 4 7 5 5
0 0 0 0 0 0 0 0 0 0 0 0 0 0 0 3 2 0 5 4 3 0 5 4 7 6 6 5 0 3 4 0 2 0 1 0 3 5 0 0 1 5 0 3 4 3 2 5 0 5 4 3 4 0 0 5 4 6 0 6 5 8 7 0 0 0 0 0 0 0 0 0 0 8 0 6 7 2 5 8 0 0 0 3 5 0 0 0 7 0 5 6 2 2 4 7 0 0 0 2 4 0 0 0 2 0 5 4 3 2 2 0 7 6 0 5 4 4 2 5 0 0 0 0 0 0 0 0 0 0 2 5 0 0 3 5 4 2
0 0 0 0 0 0 0 0 0 0 0 0 0 0 0 4 0 11 9 7 5 0 6 0 12 10 8 0 0 0 0 2 0 8 6 4 5 0 9 6 4 0 0 0 0 4 0 0 10 8 6 4 0 11 8 6 0 9 0 7 0 13 11 0 0 0 0 0 0 0 0 0 0 0 0 0 0 5 0 0 6 4 4 5 0 7 4 5 0 0 0 0 6 4 0 0 8 6 4 4 0 9 6 4 0 0 6 0 8 6 4 0 8 0 12 10 8 6 0 8 0 0 0 0 0 0 0 0 0 0 4 0 6 4 5 6 0 6
0 0 0 0 0 0 0 0 0 0 0 0 0 0 0 3 1 9 8 6 4 0 5 3 11 9 7 0 0 0 0 1 1 6 5 3 4 6 7 6 3 0 0 0 0 3 1 0 8 7 5 3 5 9 8 5 3 8 0 6 4 12 10 0 0 0 0 0 0 0 0 0 0 0 0 0 0 5 6 0 4 3 4 5 6 5 4 5 0 0 0 0 6 3 4 0 6 5 3 3 5 7 6 3 4 0 5 3 7 5 3 0 7 5 10 9 7 5 3 7 0 0 0 0 0 0 0 0 0 0 3 4 5 3 4 5 3 5
0 0 0 0 0 0 0 0 0 0 0 0 0 0 0 2 0 7 6 5 3 0 5 2 9 8 6 0 0 1 0 0 0 4 3 2 3 5 5 4 3 0 0 0 0 2 0 0 6 5 4 2 4 7 6 5 2 7 0 6 3 10 9 0 0 0 0 0 0 0 0 0 0 0 0 5 0 3 4 0 0 0 2 3 5 1 0 3 0 0 5 0 4 3 4 0 4 3 2 3 4 5 4 3 4 0 5 2 5 4 2 0 7 4 8 7 6 4 2 7 0 0 0 0 0 0 0 0 0 0 3 4 3 2 3 5 2 4
0 0 0 0 0 0 0 0 0 0 0 0 0 0 0 0 0 5 4 3 2 0 3 2 7 6 5 0 0 0 1 0 0 1 0 0 2 4 0 1 0 0 0 0 0 0 0 0 4 3 2 1 3 0 4 3 1 5 0 4 3 8 7 0 0 0 0 0 0 0 0 0 0 0 0 4 5 0 3 0 0 0 0 2 4 0 0 0 0 0 3 4 0 0 2 0 0 0 0 1 3 0 0 0 2 0 3 2 3 2 1 0 5 4 6 5 4 3 1 5 0 0 0 0 0 0 0 0 0 0 0 3 0 0 2 3 2 2
0 0 0 0 0 0 0 0 0 0 0 0 0 0 0 0 0 0 2 1 0 0 1 0 5 4 3 2 0 0 1 0 0 0 0 0 0 3 0 0 0 1 0 0 0 0 0 1 0 1 0 0 2 0 0 1 0 3 0 2 1 6 5 0 0 0 0 0 0 0 0 0 0 6 0 2 5 0 1 6 0 0 0 0 3 0 0 0 5 0 1 4 0 0 0 5 0 0 0 0 2 0 0 0 0 0 0 0 0 0 0 0 3 2 0 3 2 1 0 3 0 0 0 0 0 0 0 0 0 0 0 1 0 0 0 1 0 0
0 0 0 0 0 0 0 0 0 0 0 0 0 0 0 3 1 7 6 6 4 0 5 3 9 9 7 0 0 0 0 1 1 4 3 3 4 6 7 6 5 0 0 0 0 3 1 0 6 5 5 3 5 9 8 7 3 8 0 6 4 10 10 0 0 0 0 0 0 0 0 0 0 0 0 0 0 3 4 0 1 1 3 4 6 3 3 5 0 0 0 0 4 3 4 0 4 3 3 3 5 7 6 5 6 0 5 3 5 5 3 0 7 5 8 7 7 5 3 9 0 0 0 0 0 0 0 0 0 0 5 6 5 4 5 7 4 6
0 0 0 0 0 0 0 0 0 0 0 0 0 0 0 0 0 0 0 0 0 0 0 0 0 0 0 0 0 0 0 0 0 0 0 0 0 0 0 0 0 0 0 0 0 0 0 0 0 0 0 0 0 0 0 0 0 0 0 0 0 0 0 23 25 0 0 0 0 0 0 0 0 21 23 17 19 0 0 19 0 0 0 0 0 0 0 0 19 21 15 17 0 0 0 17 0 0 0 0 0 0 0 0 0 0 0 0 0 0 0 0 0 0 0 0 0 0 0 0 27 0 0 25 0 0 0 0 0 23 0 0 0 0 0 0 0 0
0 0 0 0 0 0 0 0 0 0 0 0 0 0 0 0 0 0 0 0 0 0 0 0 0 0 0 0 0 0 0 0 0 0 0 0 0 0 0 0 0 0 0 0 0 0 0 0 0 0 0 0 0 0 0 0 0 0 0 0 0 0 0 0 0 10 11 4 6 8 8 9 7 0 0 10 11 8 9 0 4 4 6 6 7 0 4 6 0 0 8 9 7 6 7 0 5 4 4 4 5 0 5 4 5 0 0 0 0 0 0 0 0 0 0 0 0 0 0 0 0 12 10 0 10 11 6 8 8 0 8 9 6 6 6 8 6 6
0 0 0 0 0 0 0 0 0 0 0 0 0 0 0 0 0 0 0 0 0 0 0 0 0 0 0 0 0 0 0 0 0 0 0 0 0 0 0 0 0 0 0 0 0 0 0 0 0 0 0 0 0 0 0 0 0 0 0 0 0 0 0 0 0 8 9 3 5 7 8 9 6 0 0 8 0 6 7 0 3 3 5 6 7 5 3 6 0 0 6 0 5 4 5 0 5 4 3 4 5 6 5 4 5 0 0 0 0 0 0 0 0 0 0 0 0 0 0 0 0 10 9 0 8 9 5 7 8 0 6 7 6 5 6 6 3 5
0 0 0 0 0 0 0 0 0 0 0 0 0 0 0 0 0 0 0 0 0 0 0 0 0 0 0 16 18 12 14 0 0 0 0 0 0 0 0 0 0 0 0 0 0 0 0 0 0 0 0 0 0 0 0 0 0 0 0 0 0 0 0 20 22 0 0 0 0 0 0 0 0 20 22 16 18 0 0 18 0 0 0 0 0 0 0 0 18 20 14 16 0 0 0 16 0 0 0 0 0 0 0 0 0 18 0 0 0 0 0 0 0 0 0 0 0 0 0 0 25 0 0 24 0 0 0 0 0 22 0 0 0 0 0 0 0 0
0 0 0 0 0 0 0 0 0 0 0 0 0 0 0 0 0 0 0 0 0 0 0 0 0 0 0 0 0 5 6 3 4 6 5 4 5 6 0 6 5 0 0 0 0 0 0 0 0 0 0 0 0 0 0 0 0 0 0 0 0 0 0 0 0 7 8 1 3 5 5 6 5 0 0 9 10 7 8 0 3 3 5 5 6 0 4 6 0 0 7 8 6 5 6 0 4 3 3 3 4 0 5 3 4 0 5 3 4 3 1 0 0 0 0 0 0 0 0 0 0 10 8 0 9 10 5 7 7 0 7 8 6 5 5 7 5 5
0 0 0 0 0 0 0 0 0 0 0 0 0 0 0 0 0 0 0 0 0 0 0 0 0 0 0 9 0 7 8 4 6 0 5 4 7 8 0 0 5 0 0 0 0 0 0 0 0 0 0 0 0 0 0 0 0 0 0 0 0 0 0 13 0 8 10 0 4 6 8 8 0 13 0 11 12 8 10 13 0 4 6 8 8 0 0 7 11 0 9 10 6 6 8 11 0 4 4 6 6 0 0 4 6 0 7 6 5 4 4 0 0 0 0 0 0 0 0 0 0 11 9 0 10 12 6 8 10 0 8 10 7 6 8 9 8 6
0 0 0 0 0 0 0 0 0 0 0 0 0 0 0 0 0 0 0 0 0 0 0 0 0 0 0 0 0 0 0 0 0 3 2 0 0 1 4 4 0 0 0 0 0 0 0 0 0 0 0 0 0 0 0 0 0 0 0 0 0 0 0 0 0 3 4 0 1 2 3 4 3 0 0 0 0 3 4 0 2 1 2 3 4 3 2 3 0 0 0 0 2 0 0 0 2 1 0 0 0 3 3 0 0 0 0 0 2 0 0 0 0 0 0 0 0 0 0 0 0 6 5 0 5 6 3 4 5 0 2 3 4 1 2 3 0 2
0 0 0 0 0 0 0 0 0 0 0 0 0 0 0 0 0 0 0 0 0 0 0 0 0 0 0 0 0 1 0 0 0 4 3 2 3 4 5 5 3 0 0 0 0 0 0 0 0 0 0 0 0 0 0 0 0 0 0 0 0 0 0 0 0 5 6 0 2 4 5 6 4 0 0 7 0 5 6 0 2 2 4 5 6 3 3 5 0 0 5 0 4 3 4 0 4 3 2 3 4 5 4 3 4 0 3 0 3 2 0 0 0 0 0 0 0 0 0 0 0 8 7 0 7 8 4 6 7 0 5 6 5 4 5 5 2 4
0 0 0 0 0 0 0 0 0 0 0 0 0 0 0 0 0 0 0 0 0 0 0 0 0 0 0 0 0 3 4 1 3 4 4 3 5 6 0 6 4 0 0 0 0 0 0 0 0 0 0 0 0 0 0 0 0 0 0 0 0 0 0 0 0 5 8 1 3 5 7 8 5 0 0 9 10 5 8 0 3 3 5 7 8 0 4 6 0 0 7 8 4 3 6 0 4 3 3 5 6 0 5 3 6 0 5 4 5 4 3 0 0 0 0 0 0 0 0 0 0 8 8 0 7 10 5 7 9 0 5 8 6 5 7 7 6 6
0 0 0 0 0 0 0 0 0 0 0 0 0 0 0 0 0 0 0 0 0 0 0 0 0 0 0 15 17 11 13 0 0 0 0 0 0 0 0 0 0 13 15 9 11 0 0 11 0 0 0 0 0 0 0 0 0 0 0 0 0 0 0 18 20 0 0 0 0 0 0 0 0 17 19 13 15 0 0 15 0 0 0 0 0 0 0 0 17 19 13 15 0 0 0 15 0 0 0 0 0 0 0 0 0 17 0 0 0 0 0 15 0 0 0 0 0 0 0 0 23 0 0 22 0 0 0 0 0 21 0 0 0 0 0 0 0 0
0 0 0 0 0 0 0 0 0 0 0 0 0 0 0 0 0 0 0 0 0 0 0 0 0 0 0 0 0 4 5 2 3 5 4 3 4 5 0 5 4 0 0 0 1 2 0 0 5 4 3 0 1 0 5 5 0 0 0 0 0 0 0 0 0 5 6 0 0 3 3 4 1 0 0 6 7 4 5 0 0 0 2 2 3 0 0 4 0 0 6 7 5 4 5 0 3 2 2 2 3 0 3 3 3 0 4 2 2 2 0 0 5 2 4 3 3 0 0 5 0 8 6 0 7 8 2 5 5 0 6 7 4 4 4 7 4 5
0 0 0 0 0 0 0 0 0 0 0 0 0 0 0 0 0 0 0 0 0 0 0 0 0 0 0 8 0 6 7 3 5 0 4 3 6 7 0 0 5 6 0 4 5 4 3 6 0 6 5 4 5 0 0 6 0 0 0 0 0 0 0 11 0 6 8 0 1 4 6 6 0 10 0 8 9 5 7 10 0 1 3 5 5 0 0 5 10 0 8 9 5 5 7 10 0 3 3 5 5 0 0 4 6 0 6 5 4 3 3 0 6 5 0 4 4 3 1 6 0 9 7 0 8 10 3 6 8 0 7 9 5 5 7 8 7 6
0 0 0 0 0 0 0 0 0 0 0 0 0 0 0 0 0 0 0 0 0 0 0 0 0 0 0 0 0 0 0 0 0 5 4 2 2 3 6 6 4 0 0 0 0 0 0 0 6 5 3 0 0 7 7 5 0 0 0 0 0 0 0 0 0 4 5 0 2 3 4 5 3 0 0 0 0 4 5 0 3 2 3 4 5 4 3 4 0 0 0 0 5 2 3 0 5 4 2 2 3 6 5 3 3 0 2 0 4 2 0 0 3 0 6 5 3 0 0 5 0 6 6 0 6 7 4 5 6 0 4 5 6 4 4 5 2 5
0 0 0 0 0 0 0 0 0 0 0 0 0 0 0 0 0 0 0 0 0 0 0 0 0 0 0 0 0 0 0 0 0 3 2 1 2 3 4 3 3 0 0 0 0 0 0 0 4 3 2 0 0 5 4 4 0 0 0 0 0 0 0 0 0 3 4 0 0 2 3 4 0 0 0 4 0 2 3 0 0 0 1 2 3 0 0 3 0 0 4 0 3 2 3 0 3 2 1 2 3 4 3 2 3 0 2 0 2 1 0 0 3 0 4 3 2 0 0 4 0 6 5 0 5 6 1 4 5 0 4 5 4 3 4 5 2 4
0 0 0 0 0 0 0 0 0 0 0 0 0 0 0 0 0 0 0 0 0 0 0 0 0 0 0 0 0 2 3 0 2 3 2 2 4 5 0 4 4 0 0 0 1 0 0 0 5 4 3 2 3 0 5 5 0 0 0 0 0 0 0 0 0 3 6 0 0 3 5 6 1 0 0 6 7 2 5 0 0 0 2 4 5 0 0 4 0 0 6 7 3 2 5 0 3 2 2 4 5 0 3 3 5 0 4 3 4 3 2 0 4 3 5 4 3 2 0 5 0 6 6 0 5 8 2 5 7 0 4 7 4 4 6 6 5 5
0 0 0 0 0 0 0 0 0 0 0 0 0 0 1 5 3 8 7 6 4 0 0 0 0 0 0 0 0 5 6 3 4 6 5 4 5 6 0 6 5 0 0 3 4 5 3 0 8 7 6 3 4 0 8 7 3 6 0 0 0 0 0 0 0 0 0 0 0 0 0 0 0 0 0 7 8 5 6 0 1 1 3 4 4 0 1 4 0 0 7 8 6 5 6 0 4 3 3 3 4 0 4 3 5 0 7 5 5 5 3 0 7 5 6 5 5 3 1 7 0 8 6 0 7 9 3 5 7 0 7 8 5 5 6 9 7 7
0 0 0 0 0 0 0 0 0 0 0 0 0 0 0 3 2 0 5 4 3 0 0 0 0 0 0 5 0 3 4 0 2 0 1 0 3 4 0 0 1 5 0 3 4 3 2 5 0 5 4 3 4 0 0 5 2 4 0 0 0 0 0 0 0 0 0 0 0 0 0 0 0 8 0 6 7 2 5 8 0 0 0 3 3 0 0 1 7 0 5 6 2 2 4 7 0 0 0 2 2 0 0 0 4 0 5 4 3 2 2 0 5 4 0 3 2 2 0 4 0 6 3 0 5 8 0 2 6 0 4 7 2 2 5 7 6 4
0 0 0 0 0 0 0 0 0 0 0 0 0 0 0 2 0 7 6 5 3 0 0 0 0 0 0 0 0 1 0 0 0 4 3 2 3 4 5 4 3 0 0 0 0 2 0 0 6 5 4 2 2 7 6 6 0 5 0 0 0 0 0 0 0 0 0 0 0 0 0 0 0 0 0 5 0 3 4 0 0 0 2 3 4 1 0 3 0 0 5 0 4 3 4 0 4 3 2 3 4 5 4 3 4 0 5 2 5 4 2 0 5 2 6 5 4 2 0 6 0 6 5 0 5 6 2 4 6 0 5 6 5 4 5 7 4 6
