0.013765074696974338 0.061748818021219454 0.009123957152630988 0.05596912048524952 0.017063382654780503 0.020106403618948422 0.007148035821870948 0.010829274270134486 0.05161903011365377 0.05375833512034229 0.004268398533631508 0.002838791369257319 0.03925292814181703 0.0016134137997937282 0.002843897109130084 0.022608216156603255 0.0341573997487976 0.06981078128031533 0.008878881638738269 0.006805951250395695 0.08314697382797741 0.050368123844826355 0.05607634102257758 0.007770936086348273 0.029276312430434295 0.02714211316361854 0.011258156419446741 0.014296071643741895 0.016496645528903592 0.008404047830571129 0.04666646243707175 0.003507643292589529 0.04245422704204066 0.0033238366571699905 0.04012090392018707 0.009409878585505826 0.0034310571944980548 0.01695616211745244 0.016772355482032902 0.01891166048872142
0.08236162379539991 0.0 0.0 0.0 0.0 0.0 0.0 0.0 0.0 0.019004009975290614 0.0 0.0 0.002555490459897669 0.0 0.0 0.0 0.0506982674235914 0.013133578249238553 0.0 0.0 0.0 0.0 0.0 0.0 0.0 0.0 0.0 0.0 0.0 0.0 0.0 0.0 0.002789191845081973 0.0 0.0 0.0038053121212371366 0.0 0.0 0.0 0.0
0.0 0.006377852252995808 0.0 0.0 0.0 0.0 0.0 0.0 0.0 0.0 0.0 0.0 0.0 0.0 0.0 0.0 0.0 0.0 0.0 0.0 0.0 0.006377852252995808 0.0 0.0 0.0 0.0 0.0 0.0 0.0 0.0 0.0 0.0 0.0 0.0 0.0018392895472345572 0.0 0.0 0.0 0.0 0.0
0.0 0.0 0.015003862898716136 0.0 0.0 0.0 0.015003862898716136 0.0 0.0 0.0 0.0 0.0 0.0 0.0 0.0 0.0 0.0 0.0 0.0 0.007640184602344391 0.0 0.0 0.0 0.0 0.0 0.0 0.0 0.0 0.0 0.0 0.0 0.0 0.0 0.0 0.0 0.0 0.0 0.0 0.0 0.0
0.0 0.0 0.0 0.025027613150690797 0.01634642460113156 0.0 0.003935482299411319 0.025027613150690797 0.0 0.0 0.0 0.0 0.0 0.0 0.0 0.0 0.0 0.0 0.0 0.0 0.0 0.010978322453262024 0.001337823308631414 0.0 0.0 0.0 0.0 0.0 0.0 0.0 0.0 0.0 0.0 0.0 0.025027613150690797 0.0 0.0 0.0 0.0 0.0
0.0 0.0 0.0 0.01634642460113156 0.12719258168759495 0.0 0.0 0.015197351835112727 0.0008354190270907225 0.0 0.0 0.0 0.0 0.0 0.0 0.0 0.0 0.0 0.0 0.0 0.0 0.0014954483776179472 0.04882088748293256 0.0 0.01677603505405756 0.0 0.0 0.0 0.0 0.09387480288652483 0.0036980592868118833 0.0 0.0 0.0 0.05916590190751947 0.0 0.0 0.0 0.0 0.008879987503128461
0.0 0.0 0.0 0.0 0.0 0.005295282741116125 0.005295282741116125 0.0 0.0 0.0 0.0 0.0 0.0 0.0 0.0 0.0025848044359690903 0.0 0.0 0.0 0.0 0.0 0.0 0.0 0.0 0.0 0.0 0.0 0.0 0.0 0.0 0.0 0.0 0.0 0.0 0.0 0.0 0.0 0.0 0.0 0.0
0.0 0.0 0.015003862898716136 0.003935482299411319 0.0 0.005295282741116125 0.2999715607142832 0.06897467994608775 0.0 0.0 0.0 0.0 0.0065495739844436685 0.0 0.0 0.04584302456676426 0.0037455223947731042 0.0 0.0 0.17641455180180543 0.0 0.0 0.0 0.010649042874980807 0.0 0.0 0.06903068465386752 0.0 0.08403178989211568 0.0 0.0 0.0 0.0 0.04540294938649936 0.0 0.05025843484109771 0.0 0.0 0.0 0.04537125935997466
0.0 0.0 0.0 0.025027613150690797 0.015197351835112727 0.0 0.06897467994608775 0.1261720452830204 0.0 0.0 0.0 0.0 0.0 0.0 0.0 0.022847253504750142 0.0 0.0 0.0 0.06087561114086526 0.0 0.03167719814447878 0.0013933947209352482 0.0 0.0 0.0 0.0 0.0 0.05626887672445946 0.03503898504759917 0.0 0.0 0.0 0.0 0.03420460194847408 0.0 0.0 0.0 0.016695541846146966 0.05272299756953913
0.0 0.0 0.0 0.0 0.0008354190270907225 0.0 0.0 0.0 0.012810523516584738 0.0 0.0 0.0 0.0 0.0 0.0 0.0 0.0 0.0 0.0 0.0 0.0 0.0 0.0 0.0 0.0 0.0 0.0 0.0 0.0 0.0 0.0 0.0 0.0 0.0 0.012810523516584738 0.0 0.0 0.0 0.0 0.0
0.019004009975290614 0.0 0.0 0.0 0.0 0.0 0.0 0.0 0.0 0.019004009975290614 0.0 0.0 0.0 0.0 0.0 0.0 0.019004009975290614 0.0 0.0 0.0 0.0 0.0 0.0 0.015449914904024808 0.0 0.0 0.0 0.0 0.0 0.0 0.0 0.0 0.0 0.0 0.0 0.0 0.0 0.0 0.0 0.0
0.0 0.0 0.0 0.0 0.0 0.0 0.0 0.0 0.0 0.0 0.2904673265550102 0.0 0.0 0.0 0.0347887993608893 0.0 0.0 0.0 0.0 0.0 0.0 0.0 0.0 0.05714433158805576 0.0 0.0 0.0 0.015128058214287421 0.0 0.0 0.0 0.0 0.0 0.0 0.0 0.0 0.1665060004343104 0.0 0.0 0.0
0.0 0.0 0.0 0.0 0.0 0.0 0.0 0.0 0.0 0.0 0.0 0.2266804766187036 0.0 0.0 0.0 0.0 0.0 0.0 0.0 0.0 0.0 0.0 0.0 0.0 0.0 0.0 0.0 0.0 0.0 0.0 0.0 0.0 0.0 0.0 0.0 0.0 0.0 0.0 0.0 0.0
0.002555490459897669 0.0 0.0 0.0 0.0 0.0 0.0065495739844436685 0.0 0.0 0.0 0.0 0.0 0.06095156589046269 0.0 0.0 0.007422580503131826 0.028035968374204856 0.01375823495154549 0.0 0.0 0.005433974174941625 0.0 0.0 0.0 0.0 0.009165781150912267 0.013184493971643008 0.0 0.0 0.0 0.0 0.0 0.0 0.0 0.0 0.0 0.0 0.0 0.0 0.0
0.0 0.0 0.0 0.0 0.0 0.0 0.0 0.0 0.0 0.0 0.0 0.0 0.0 0.033610370253157384 0.0 0.0 0.0 0.0 0.0 0.0 0.0 0.0 0.0 0.0 0.0 0.0 0.0 0.0 0.0 0.0 0.0 0.0 0.0 0.0 0.0 0.0 0.0 0.0 0.0 0.0
0.0 0.0 0.0 0.0 0.0 0.0 0.0 0.0 0.0 0.0 0.0347887993608893 0.0 0.0 0.0 0.041034427289055486 0.0 0.0 0.0 0.0 0.0 0.0 0.0 0.0 0.0 0.0 0.0 0.0 0.0 0.0 0.0 0.0 0.0 0.0 0.0 0.0 0.0 0.03705624272783581 0.0 0.0 0.0
0.0 0.0 0.0 0.0 0.0 0.0025848044359690903 0.04584302456676426 0.022847253504750142 0.0 0.0 0.0 0.0 0.007422580503131826 0.0 0.0 0.0740931167833736 0.0 0.0 0.0 0.0 0.0 0.0 0.0 0.0 0.0 0.0 0.0 0.0 0.0 0.0 0.0 0.0 0.0 0.0 0.00028249921000877976 0.0 0.0 0.0 0.0 0.0
0.0506982674235914 0.0 0.0 0.0 0.0 0.0 0.0037455223947731042 0.0 0.0 0.019004009975290614 0.0 0.0 0.028035968374204856 0.0 0.0 0.0 0.07617874533789859 0.024336322740886374 0.0 0.0 0.004678863361000651 0.0 0.0 0.033751240155567075 0.0 0.0 0.005643318844079204 0.0 0.0 0.0 0.0 0.0 0.0 0.0 0.0 0.015345097498652649 0.0 0.0 0.0 0.0
0.013133578249238553 0.0 0.0 0.0 0.0 0.0 0.0 0.0 0.0 0.0 0.0 0.0 0.01375823495154549 0.0 0.0 0.0 0.024336322740886374 0.024336322740886374 0.0 0.0 0.0 0.0 0.0 0.0 0.0 0.0 0.0 0.0 0.0 0.0 0.0 0.0 0.0 0.0 0.0 0.0 0.0 0.0 0.0 0.0
0.0 0.0 0.0 0.0 0.0 0.0 0.0 0.0 0.0 0.0 0.0 0.0 0.0 0.0 0.0 0.0 0.0 0.0 0.0018099764232246685 0.0 0.0 0.0 0.0 0.0 0.0 0.0 0.0 0.0 0.0 0.0014038027602012448 0.0 0.0 0.0 0.0 0.0 0.0 0.0 0.0 0.0 0.0
0.0 0.0 0.007640184602344391 0.0 0.0 0.0 0.17641455180180543 0.06087561114086526 0.0 0.0 0.0 0.0 0.0 0.0 0.0 0.0 0.0 0.0 0.0 0.17641455180180543 0.0 0.0 0.0 0.005386239678905724 0.0 0.0 0.0 0.0 0.07228660147475097 0.0 0.0 0.0 0.0 0.04051123495734288 0.0 0.0 0.0 0.0 0.0 0.03397623492802637
0.0 0.0 0.0 0.0 0.0 0.0 0.0 0.0 0.0 0.0 0.0 0.0 0.005433974174941625 0.0 0.0 0.0 0.004678863361000651 0.0 0.0 0.0 0.005433974174941625 0.0 0.0 0.0 0.0 0.0 0.0 0.0 0.0 0.0 0.0 0.0 0.0 0.0 0.0 0.0 0.0 0.0 0.0 0.0
0.0 0.006377852252995808 0.0 0.010978322453262024 0.0014954483776179472 0.0 0.0 0.03167719814447878 0.0 0.0 0.0 0.0 0.0 0.0 0.0 0.0 0.0 0.0 0.0 0.0 0.0 0.047018207581601246 0.0 0.0 0.0 0.0 0.0 0.0 0.0 0.0 0.0 0.0 0.0 0.0 0.034564864519403216 0.0 0.0 0.0 0.003945549160434325 0.0
0.0 0.0 0.0 0.001337823308631414 0.04882088748293256 0.0 0.0 0.0013933947209352482 0.0 0.0 0.0 0.0 0.0 0.0 0.0 0.0 0.0 0.0 0.0 0.0 0.0 0.0 0.04882088748293256 0.0 0.0 0.0 0.0 0.0 0.002827375813815536 0.02575222409087985 0.0 0.0 0.0 0.0 0.04719601841968313 0.0 0.0 0.0 0.0 0.0
0.0 0.0 0.0 0.0 0.0 0.0 0.010649042874980807 0.0 0.0 0.015449914904024808 0.05714433158805576 0.0 0.0 0.0 0.0 0.0 0.033751240155567075 0.0 0.0 0.005386239678905724 0.0 0.0 0.0 0.12607285873850316 0.0 0.0 0.0 0.0016771525000081056 0.0 0.0 0.0 0.0 0.0 0.0 0.0 0.005534722044131968 0.0 0.0 0.0 0.0
0.0 0.0 0.0 0.0 0.01677603505405756 0.0 0.0 0.0 0.0 0.0 0.0 0.0 0.0 0.0 0.0 0.0 0.0 0.0 0.0 0.0 0.0 0.0 0.0 0.0 0.01677603505405756 0.0 0.0 0.0 0.0 0.01677603505405756 0.0 0.0 0.0 0.0 0.0 0.0 0.0 0.0 0.0 0.0
0.0 0.0 0.0 0.0 0.0 0.0 0.0 0.0 0.0 0.0 0.0 0.0 0.009165781150912267 0.0 0.0 0.0 0.0 0.0 0.0 0.0 0.0 0.0 0.0 0.0 0.0 0.017726039706438712 0.0 0.0 0.0 0.0 0.0 0.0 0.0 0.0 0.0 0.0 0.0 0.0 0.0 0.0
0.0 0.0 0.0 0.0 0.0 0.0 0.06903068465386752 0.0 0.0 0.0 0.0 0.0 0.013184493971643008 0.0 0.0 0.0 0.005643318844079204 0.0 0.0 0.0 0.0 0.0 0.0 0.0 0.0 0.0 0.10643341651541505 0.0 0.0 0.0 0.0 0.02110603168976155 0.0 0.0 0.0 0.0 0.0 0.0 0.0003697329660568016 0.0
0.0 0.0 0.0 0.0 0.0 0.0 0.0 0.0 0.0 0.0 0.015128058214287421 0.0 0.0 0.0 0.0 0.0 0.0 0.0 0.0 0.0 0.0 0.0 0.0 0.0016771525000081056 0.0 0.0 0.0 0.015128058214287421 0.0 0.0 0.0 0.0 0.0 0.0 0.0 0.0 0.0 0.0 0.0 0.0
0.0 0.0 0.0 0.0 0.0 0.0 0.08403178989211568 0.05626887672445946 0.0 0.0 0.0 0.0 0.0 0.0 0.0 0.0 0.0 0.0 0.0 0.07228660147475097 0.0 0.0 0.002827375813815536 0.0 0.0 0.0 0.0 0.0 0.10802633209532786 0.05168726067699936 0.0 0.0 0.0 0.0 0.0011066077349966008 0.0 0.0 0.0 0.0 0.047145879974017646
0.0 0.0 0.0 0.0 0.09387480288652483 0.0 0.0 0.03503898504759917 0.0 0.0 0.0 0.0 0.0 0.0 0.0 0.0 0.0 0.0 0.0014038027602012448 0.0 0.0 0.0 0.02575222409087985 0.0 0.01677603505405756 0.0 0.0 0.0 0.05168726067699936 0.18301191489361912 0.0036980592868118833 0.0 0.0 0.0 0.02584812310644935 0.0 0.0 0.0 0.0 0.026190706619694026
0.0 0.0 0.0 0.0 0.0036980592868118833 0.0 0.0 0.0 0.0 0.0 0.0 0.0 0.0 0.0 0.0 0.0 0.0 0.0 0.0 0.0 0.0 0.0 0.0 0.0 0.0 0.0 0.0 0.0 0.0 0.0036980592868118833 0.005600326186829818 0.0 0.0 0.0 0.0 0.0 0.0 0.0 0.0 0.0
0.0 0.0 0.0 0.0 0.0 0.0 0.0 0.0 0.0 0.0 0.0 0.0 0.0 0.0 0.0 0.0 0.0 0.0 0.0 0.0 0.0 0.0 0.0 0.0 0.0 0.0 0.02110603168976155 0.0 0.0 0.0 0.0 0.02963116593886639 0.0 0.0 0.0 0.0 0.0 0.0 0.0 0.0
0.002789191845081973 0.0 0.0 0.0 0.0 0.0 0.0 0.0 0.0 0.0 0.0 0.0 0.0 0.0 0.0 0.0 0.0 0.0 0.0 0.0 0.0 0.0 0.0 0.0 0.0 0.0 0.0 0.0 0.0 0.0 0.0 0.0 0.004179091532350299 0.0 0.0 0.0 0.0 0.0 0.0 0.0
0.0 0.0 0.0 0.0 0.0 0.0 0.04540294938649936 0.0 0.0 0.0 0.0 0.0 0.0 0.0 0.0 0.0 0.0 0.0 0.0 0.04051123495734288 0.0 0.0 0.0 0.0 0.0 0.0 0.0 0.0 0.0 0.0 0.0 0.0 0.0 0.04540294938649936 0.0 0.0 0.0 0.0 0.0 0.0
0.0 0.0018392895472345572 0.0 0.025027613150690797 0.05916590190751947 0.0 0.0 0.03420460194847408 0.012810523516584738 0.0 0.0 0.0 0.0 0.0 0.0 0.00028249921000877976 0.0 0.0 0.0 0.0 0.0 0.034564864519403216 0.04719601841968313 0.0 0.0 0.0 0.0 0.0 0.0011066077349966008 0.02584812310644935 0.0 0.0 0.0 0.0 0.0914336325232199 0.0 0.0 0.0 0.006699101280311481 0.0
0.0038053121212371366 0.0 0.0 0.0 0.0 0.0 0.05025843484109771 0.0 0.0 0.0 0.0 0.0 0.0 0.0 0.0 0.0 0.015345097498652649 0.0 0.0 0.0 0.0 0.0 0.0 0.005534722044131968 0.0 0.0 0.0 0.0 0.0 0.0 0.0 0.0 0.0 0.0 0.0 0.09175708572978891 0.0 0.0 0.0 0.0
0.0 0.0 0.0 0.0 0.0 0.0 0.0 0.0 0.0 0.0 0.1665060004343104 0.0 0.0 0.0 0.03705624272783581 0.0 0.0 0.0 0.0 0.0 0.0 0.0 0.0 0.0 0.0 0.0 0.0 0.0 0.0 0.0 0.0 0.0 0.0 0.0 0.0 0.0 0.22923866071428023 0.0 0.0 0.0
0.0 0.0 0.0 0.0 0.0 0.0 0.0 0.0 0.0 0.0 0.0 0.0 0.0 0.0 0.0 0.0 0.0 0.0 0.0 0.0 0.0 0.0 0.0 0.0 0.0 0.0 0.0 0.0 0.0 0.0 0.0 0.0 0.0 0.0 0.0 0.0 0.0 0.01229961024096582 0.0 0.0
0.0 0.0 0.0 0.0 0.0 0.0 0.0 0.016695541846146966 0.0 0.0 0.0 0.0 0.0 0.0 0.0 0.0 0.0 0.0 0.0 0.0 0.0 0.003945549160434325 0.0 0.0 0.0 0.0 0.0003697329660568016 0.0 0.0 0.0 0.0 0.0 0.0 0.0 0.006699101280311481 0.0 0.0 0.0 0.06250666057839283 0.0
0.0 0.0 0.0 0.0 0.008879987503128461 0.0 0.04537125935997466 0.05272299756953913 0.0 0.0 0.0 0.0 0.0 0.0 0.0 0.0 0.0 0.0 0.0 0.03397623492802637 0.0 0.0 0.0 0.0 0.0 0.0 0.0 0.0 0.047145879974017646 0.026190706619694026 0.0 0.0 0.0 0.0 0.0 0.0 0.0 0.0 0.0 0.060306449365377546
