0.029023084643693544 0.02919036467045835 0.02919036467045835 0.029441284710605555 0.02960856473737036 0.030194044831047172 0.030277684844429574 0.030361324857811976 0.030695884911341585 0.030695884911341585 0.0312813650050184 0.031448645031783205 0.03169956507193041 0.03195048511207762 0.03203412512546002 0.03270324523251924 0.033288725326196054 0.033706925393108066 0.034041485446637675 0.03437604550016728 0.03496152559384409 0.0351288056206089 0.0351288056206089 0.03646704583472733 0.036968885915021746 0.03822348611575778 0.03830712612914018 0.038892606222817 0.039561726329876215 0.04115088658414185
1.0 0.5 0.0 0.0 0.375 0.0 0.125 0.0 0.0 0.5 0.0 0.0 0.125 0.0 0.625 0.25 0.0 0.25 0.0 0.75 0.375 0.0 0.875 0.125 0.0 0.0 0.25 0.0 0.125 0.0
0.5 0.5 0.0 0.0 0.375 0.0 0.125 0.0 0.0 0.0 0.0 0.0 0.125 0.0 0.125 0.25 0.0 0.25 0.0 0.25 0.375 0.0 0.375 0.125 0.0 0.0 0.25 0.0 0.125 0.0
0.0 0.0 0.25 0.0 0.0 0.0 0.0 0.0 0.0 0.0 0.0 0.0 0.0 0.0 0.0 0.0 0.0 0.0 0.0 0.0 0.0 0.0 0.0 0.0 0.0 0.0 0.0 0.0 0.0 0.0
0.0 0.0 0.0 0.125 0.0 0.125 0.0 0.0 0.0 0.0 0.0 0.0 0.0 0.0 0.0 0.0 0.125 0.0 0.0 0.0 0.0 0.0 0.0 0.0 0.125 0.125 0.0 0.0 0.0 0.0
0.375 0.375 0.0 0.0 0.375 0.0 0.0 0.0 0.0 0.0 0.0 0.0 0.0 0.0 0.0 0.25 0.0 0.25 0.0 0.125 0.25 0.0 0.25 0.125 0.0 0.0 0.125 0.0 0.125 0.0
0.0 0.0 0.0 0.125 0.0 0.875 0.0 0.5 0.0 0.0 0.0 0.625 0.0 0.125 0.0 0.0 0.25 0.0 0.0 0.0 0.0 0.0 0.0 0.0 0.75 0.25 0.0 0.125 0.0 0.0
0.125 0.125 0.0 0.0 0.0 0.0 0.125 0.0 0.0 0.0 0.0 0.0 0.0 0.0 0.0 0.0 0.0 0.0 0.0 0.125 0.125 0.0 0.125 0.0 0.0 0.0 0.125 0.0 0.0 0.0
0.0 0.0 0.0 0.0 0.0 0.5 0.0 0.5 0.0 0.0 0.0 0.5 0.0 0.0 0.0 0.0 0.0 0.0 0.0 0.0 0.0 0.0 0.0 0.0 0.5 0.0 0.0 0.0 0.0 0.0
0.0 0.0 0.0 0.0 0.0 0.0 0.0 0.0 0.0 0.0 0.0 0.0 0.0 0.0 0.0 0.0 0.0 0.0 0.0 0.0 0.0 0.0 0.0 0.0 0.0 0.0 0.0 0.0 0.0 0.0
0.5 0.0 0.0 0.0 0.0 0.0 0.0 0.0 0.0 0.5 0.0 0.0 0.0 0.0 0.5 0.0 0.0 0.0 0.0 0.5 0.0 0.0 0.5 0.0 0.0 0.0 0.0 0.0 0.0 0.0
0.0 0.0 0.0 0.0 0.0 0.0 0.0 0.0 0.0 0.0 0.0 0.0 0.0 0.0 0.0 0.0 0.0 0.0 0.0 0.0 0.0 0.0 0.0 0.0 0.0 0.0 0.0 0.0 0.0 0.0
0.0 0.0 0.0 0.0 0.0 0.625 0.0 0.5 0.0 0.0 0.0 0.625 0.0 0.0 0.0 0.0 0.0 0.0 0.0 0.0 0.0 0.0 0.0 0.0 0.625 0.125 0.0 0.0 0.0 0.0
0.125 0.125 0.0 0.0 0.0 0.0 0.0 0.0 0.0 0.0 0.0 0.0 0.125 0.0 0.125 0.0 0.0 0.0 0.0 0.125 0.125 0.0 0.125 0.0 0.0 0.0 0.125 0.0 0.0 0.0
0.0 0.0 0.0 0.0 0.0 0.125 0.0 0.0 0.0 0.0 0.0 0.0 0.0 0.125 0.0 0.0 0.0 0.0 0.0 0.0 0.0 0.0 0.0 0.0 0.0 0.0 0.0 0.0 0.0 0.0
0.625 0.125 0.0 0.0 0.0 0.0 0.0 0.0 0.0 0.5 0.0 0.0 0.125 0.0 0.625 0.0 0.0 0.0 0.0 0.625 0.125 0.0 0.625 0.0 0.0 0.0 0.125 0.0 0.0 0.0
0.25 0.25 0.0 0.0 0.25 0.0 0.0 0.0 0.0 0.0 0.0 0.0 0.0 0.0 0.0 0.25 0.0 0.125 0.0 0.125 0.25 0.0 0.25 0.125 0.0 0.0 0.125 0.0 0.125 0.0
0.0 0.0 0.0 0.125 0.0 0.25 0.0 0.0 0.0 0.0 0.0 0.0 0.0 0.0 0.0 0.0 0.25 0.0 0.0 0.0 0.0 0.0 0.0 0.0 0.25 0.0 0.0 0.0 0.0 0.0
0.25 0.25 0.0 0.0 0.25 0.0 0.0 0.0 0.0 0.0 0.0 0.0 0.0 0.0 0.0 0.125 0.0 0.25 0.0 0.0 0.125 0.0 0.125 0.0 0.0 0.0 0.0 0.0 0.125 0.0
0.0 0.0 0.0 0.0 0.0 0.0 0.0 0.0 0.0 0.0 0.0 0.0 0.0 0.0 0.0 0.0 0.0 0.0 0.0 0.0 0.0 0.0 0.0 0.0 0.0 0.0 0.0 0.0 0.0 0.0
0.75 0.25 0.0 0.0 0.125 0.0 0.125 0.0 0.0 0.5 0.0 0.0 0.125 0.0 0.625 0.125 0.0 0.0 0.0 0.75 0.25 0.0 0.75 0.125 0.0 0.0 0.25 0.0 0.0 0.0
0.375 0.375 0.0 0.0 0.25 0.0 0.125 0.0 0.0 0.0 0.0 0.0 0.125 0.0 0.125 0.25 0.0 0.125 0.0 0.25 0.375 0.0 0.375 0.125 0.0 0.0 0.25 0.0 0.125 0.0
0.0 0.0 0.0 0.0 0.0 0.0 0.0 0.0 0.0 0.0 0.0 0.0 0.0 0.0 0.0 0.0 0.0 0.0 0.0 0.0 0.0 0.0 0.0 0.0 0.0 0.0 0.0 0.0 0.0 0.0
0.875 0.375 0.0 0.0 0.25 0.0 0.125 0.0 0.0 0.5 0.0 0.0 0.125 0.0 0.625 0.25 0.0 0.125 0.0 0.75 0.375 0.0 0.875 0.125 0.0 0.0 0.25 0.0 0.125 0.0
0.125 0.125 0.0 0.0 0.125 0.0 0.0 0.0 0.0 0.0 0.0 0.0 0.0 0.0 0.0 0.125 0.0 0.0 0.0 0.125 0.125 0.0 0.125 0.125 0.0 0.0 0.125 0.0 0.0 0.0
0.0 0.0 0.0 0.125 0.0 0.75 0.0 0.5 0.0 0.0 0.0 0.625 0.0 0.0 0.0 0.0 0.25 0.0 0.0 0.0 0.0 0.0 0.0 0.0 0.75 0.25 0.0 0.125 0.0 0.0
0.0 0.0 0.0 0.125 0.0 0.25 0.0 0.0 0.0 0.0 0.0 0.125 0.0 0.0 0.0 0.0 0.0 0.0 0.0 0.0 0.0 0.0 0.0 0.0 0.25 0.25 0.0 0.125 0.0 0.0
0.25 0.25 0.0 0.0 0.125 0.0 0.125 0.0 0.0 0.0 0.0 0.0 0.125 0.0 0.125 0.125 0.0 0.0 0.0 0.25 0.25 0.0 0.25 0.125 0.0 0.0 0.25 0.0 0.0 0.0
0.0 0.0 0.0 0.0 0.0 0.125 0.0 0.0 0.0 0.0 0.0 0.0 0.0 0.0 0.0 0.0 0.0 0.0 0.0 0.0 0.0 0.0 0.0 0.0 0.125 0.125 0.0 0.125 0.0 0.0
0.125 0.125 0.0 0.0 0.125 0.0 0.0 0.0 0.0 0.0 0.0 0.0 0.0 0.0 0.0 0.125 0.0 0.125 0.0 0.0 0.125 0.0 0.125 0.0 0.0 0.0 0.0 0.0 0.125 0.0
0.0 0.0 0.0 0.0 0.0 0.0 0.0 0.0 0.0 0.0 0.0 0.0 0.0 0.0 0.0 0.0 0.0 0.0 0.0 0.0 0.0 0.0 0.0 0.0 0.0 0.0 0.0 0.0 0.0 0.0
