0.06052854619162863 0.08157951168703857 0.01919758192159626 0.12051588395674417 0.019386494296888563 0.017951781392641607 0.00962942540003472 0.0251661918328585 0.046972806829437656 0.05924189974369186 0.007398217075636431 0.002976646345821973 0.0216687600200145 0.00885845867924721 0.004314350192486393 0.035791236508082386 0.06006392386320702 0.14897527800753607 0.0071122956427615925 0.023440451755863942 0.08471443596891626 0.022189545487036527 0.06805951250395695 0.010119576427820156 0.03414718826905207
0.006251909558763202 0.0 0.0 0.0 0.0 0.0 0.0 0.0 0.0 0.0 0.0 0.0 0.0 0.0 0.0 0.0 0.0 0.0 0.0 0.0 0.0 0.0 0.0 0.0 0.0
0.0 0.0019322522212519289 0.0 0.0 0.0 0.0 0.0 0.0 0.0 0.0 0.0 0.0 0.0 0.0 0.0 0.0 0.0 0.0 0.0 0.0 0.0 0.0 0.0 0.0 0.0
0.0 0.0 0.011084687234045987 0.0 0.0 0.0 0.006209939146231136 0.0 0.0 0.0 0.0 0.0 0.0 0.0 0.0 0.0 0.0 0.0 0.0 0.004480178723412109 0.0 0.0 0.0 0.0 0.0
0.0 0.0 0.0 0.026442979126080957 0.0 0.0 0.0 0.0 0.02228143764845214 0.0 0.0 0.0 0.0 0.0 0.0 0.0 0.0 0.0 0.0 0.0 0.0 0.0 0.0 0.0 0.0
0.0 0.0 0.0 0.0 0.12244172677019804 0.0 0.0 0.017553639100071905 0.05342093089956279 0.0 0.0 0.0 0.0 0.08902532861810641 0.0 0.0 0.0 0.0 0.0 0.0 0.0 0.0 0.046139462600336856 0.0 0.010701069687456766
0.0 0.0 0.0 0.0 0.0 0.010526904694160066 0.0 0.0 0.0 0.0 0.0 0.0 0.0032497826458097734 0.0 0.0 0.0 0.0 0.0 0.0 0.0 0.0 0.0 0.0 0.0 0.0
0.0 0.0 0.006209939146231136 0.0 0.0 0.0 0.27537780752916063 0.05015599411463967 0.0 0.0 0.0 0.0 0.056847364399210676 0.0 0.0 0.04450591448117791 0.0 0.0 0.0 0.1006204601102425 0.0 0.0 0.0 0.006993101876560104 0.0
0.0 0.0 0.0 0.0 0.017553639100071905 0.0 0.05015599411463967 0.06777693022311837 0.003249259098396351 0.0 0.0 0.0 0.0 0.01616260074998621 0.0 0.0 0.0 0.0 0.0 0.062456008681834874 0.0 0.0 0.0 0.0 0.0
0.0 0.0 0.0 0.02228143764845214 0.05342093089956279 0.0 0.0 0.003249259098396351 0.08851159067694425 0.0 0.0 0.0 0.0 0.02000453274747116 0.0 0.0 0.0 0.0 0.0 0.0003720808410321297 0.0 0.0 0.044471235069039494 0.0 0.0
0.0 0.0 0.0 0.0 0.0 0.0 0.0 0.0 0.0 0.002170896991628979 0.0 0.0 0.0 0.0 0.0 0.0 0.0 0.0 0.0 0.0 0.0 0.0 0.0 0.0 0.0
0.0 0.0 0.0 0.0 0.0 0.0 0.0 0.0 0.0 0.0 0.26603382263628816 0.0 0.0 0.0 0.034300364497042324 0.0 0.0 0.0 0.0 0.0 0.0 0.026717714607372045 0.0 0.03674791370644925 0.0
0.0 0.0 0.0 0.0 0.0 0.0 0.0 0.0 0.0 0.0 0.0 0.22226607204116533 0.0 0.0 0.0 0.0 0.0 0.0 0.0 0.0 0.0 0.0 0.0 0.0 0.0
0.0 0.0 0.0 0.0 0.0 0.0032497826458097734 0.056847364399210676 0.0 0.0 0.0 0.0 0.0 0.08868613350599475 0.0 0.0 0.0 0.0 0.0 0.0 0.0 0.0 0.0 0.0 0.0 0.0
0.0 0.0 0.0 0.0 0.08902532861810641 0.0 0.0 0.01616260074998621 0.02000453274747116 0.0 0.0 0.0 0.0 0.18176011930836466 0.0 0.0 0.0 0.0 0.01004270423547382 0.021896499484817866 0.0 0.0 0.020380119586015155 0.0 0.010701069687456766
0.0 0.0 0.0 0.0 0.0 0.0 0.0 0.0 0.0 0.0 0.034300364497042324 0.0 0.0 0.0 0.034300364497042324 0.0 0.0 0.0 0.0 0.0 0.0 0.0 0.0 0.0 0.0
0.0 0.0 0.0 0.0 0.0 0.0 0.04450591448117791 0.0 0.0 0.0 0.0 0.0 0.0 0.0 0.0 0.04450591448117791 0.0 0.0 0.0 0.0 0.0 0.0 0.0 0.0 0.0
0.0 0.0 0.0 0.0 0.0 0.0 0.0 0.0 0.0 0.0 0.0 0.0 0.0 0.0 0.0 0.0 0.07025217899030167 0.004373978565055836 0.0 0.0 0.015549662732553315 0.0 0.0 0.01910056656323178 0.0
0.0 0.0 0.0 0.0 0.0 0.0 0.0 0.0 0.0 0.0 0.0 0.0 0.0 0.0 0.0 0.0 0.004373978565055836 0.004373978565055836 0.0 0.0 0.0 0.0 0.0 0.0 0.0
0.0 0.0 0.0 0.0 0.0 0.0 0.0 0.0 0.0 0.0 0.0 0.0 0.0 0.01004270423547382 0.0 0.0 0.0 0.0 0.01004270423547382 0.0 0.0 0.0 0.0 0.0 0.0
0.0 0.0 0.004480178723412109 0.0 0.0 0.0 0.1006204601102425 0.062456008681834874 0.0003720808410321297 0.0 0.0 0.0 0.0 0.021896499484817866 0.0 0.0 0.0 0.0 0.0 0.11927169910734392 0.0 0.0 0.0 0.0 0.0
0.0 0.0 0.0 0.0 0.0 0.0 0.0 0.0 0.0 0.0 0.0 0.0 0.0 0.0 0.0 0.0 0.015549662732553315 0.0 0.0 0.0 0.042356219369615644 0.0 0.0 0.0 0.0
0.0 0.0 0.0 0.0 0.0 0.0 0.0 0.0 0.0 0.0 0.026717714607372045 0.0 0.0 0.0 0.0 0.0 0.0 0.0 0.0 0.0 0.0 0.05441170812182605 0.0 0.0 0.0
0.0 0.0 0.0 0.0 0.046139462600336856 0.0 0.0 0.0 0.044471235069039494 0.0 0.0 0.0 0.0 0.020380119586015155 0.0 0.0 0.0 0.0 0.0 0.0 0.0 0.0 0.046139462600336856 0.0 0.0
0.0 0.0 0.0 0.0 0.0 0.0 0.006993101876560104 0.0 0.0 0.0 0.03674791370644925 0.0 0.0 0.0 0.0 0.0 0.01910056656323178 0.0 0.0 0.0 0.0 0.0 0.0 0.11331287544125246 0.0
0.0 0.0 0.0 0.0 0.010701069687456766 0.0 0.0 0.0 0.0 0.0 0.0 0.0 0.0 0.010701069687456766 0.0 0.0 0.0 0.0 0.0 0.0 0.0 0.0 0.0 0.0 0.010701069687456766
