0.0694074278303669 0.12037802898017952 0.05538706613975431 0.007403322815509195 0.010696525033442596 0.025880995415045596 0.12669382920278977 0.019442657435488977 0.07624401351999918 0.06892238254245422 0.07639207997630937 0.18657394643057726 0.004242869834267683 0.003002175045185798 0.04242869834267684 0.022189545487036527 0.022786917052150028 0.018926977708339714 0.03204362344147291 0.01095691776695361
0.010649308662403458 0.0 0.016791383521606584 0.0 0.023874092437892735 0.0 0.0 0.0 0.011541194355297796 0.0 0.010232784349883423 0.0 0.0 0.0 0.0 0.0 0.0 0.05086266726899427 0.0 0.0
0.0 0.04455420732223203 0.028093855072839707 0.01652366288092505 0.07291003945397317 0.0 0.011352950824672456 0.0 0.021759565176213885 0.0 0.0 0.0 0.0 0.06463471797598186 0.0 0.0 0.027644592722770533 0.0 0.0 0.0
0.016791383521606584 0.028093855072839707 0.15461171563452752 0.10678798397878425 0.1144412052052644 0.0 0.06612389858531387 0.0 0.04794477049293244 0.028175819088962245 0.09382244801988515 0.030241434980757015 0.0 0.0 0.024901322663025027 0.0 0.005448141872060247 0.12652145718931007 0.07433435193152893 0.03519931562366385
0.0 0.01652366288092505 0.10678798397878425 0.45221169131037164 0.15950168517218166 0.0 0.046449005046355296 0.05145098169152329 0.06741033134461427 0.0179564602912603 0.026580997224246894 0.01045360708413201 0.14139391822580977 0.00012728852408872005 0.08046049844717551 0.05410069796447703 0.060246822457477534 0.05693009323832965 0.05866794346962867 0.16560895084623728
0.023874092437892735 0.07291003945397317 0.1144412052052644 0.15950168517218166 0.4527989431232101 0.0 0.04861091375802218 0.10416143443023496 0.1135983009734286 0.06059509754876058 0.08515301539468079 0.06491346371840268 0.09916878629943399 0.0 0.1321654597609676 0.07705831961590948 0.1716638136087117 0.08793783716946035 0.2179043874467539 0.13747687269286435
0.0 0.0 0.0 0.0 0.0 0.017565442733535976 0.0 0.0 0.0 0.0 0.0 0.0 0.0 0.0 0.0 0.0 0.0 0.06888348981066239 0.0 0.0
0.0 0.011352950824672456 0.06612389858531387 0.046449005046355296 0.04861091375802218 0.0 0.048825940246497626 0.0 0.011407742305641844 0.0 0.0 0.0 0.0 0.01726147494579139 0.0 0.0 0.01884180550458689 0.0 0.0 0.0
0.0 0.0 0.0 0.05145098169152329 0.10416143443023496 0.0 0.0 0.02123632944577239 0.0 0.0 0.0 0.0 0.0 0.0 0.0 0.0 0.0 0.008878489527422345 0.047875426195682635 0.03600993188379498
0.011541194355297796 0.021759565176213885 0.04794477049293244 0.06741033134461427 0.1135983009734286 0.0 0.011407742305641844 0.0 0.11289782355503988 0.009503356739870128 0.03330518847686151 0.026546784810179608 0.0 0.02443769239237209 0.0 0.0 0.05232866479210402 0.04439209562388413 0.037336094116694724 0.07870555025162143
0.0 0.0 0.028175819088962245 0.0179564602912603 0.06059509754876058 0.0 0.0 0.0 0.009503356739870128 0.008949476445726391 0.008022153842382806 0.0 0.0 0.0 0.0 0.0 0.0 0.06044765130752483 0.013537796621651332 0.01659182193336728
0.010232784349883423 0.0 0.09382244801988515 0.026580997224246894 0.08515301539468079 0.0 0.0 0.0 0.03330518847686151 0.008022153842382806 0.08662212394470217 0.009377975438205871 0.0 0.0 0.0 0.0 0.0 0.11316532498015874 0.04723908842293237 0.034775292351769266
0.0 0.0 0.030241434980757015 0.01045360708413201 0.06491346371840268 0.0 0.0 0.0 0.026546784810179608 0.0 0.009377975438205871 0.004159478468919531 0.0 0.0 0.0 0.0 0.0047643314492472055 0.02536388244605628 0.02602434890325256 0.02124370613719151
0.0 0.0 0.0 0.14139391822580977 0.09916878629943399 0.0 0.0 0.0 0.0 0.0 0.0 0.0 0.06081153261129374 0.0 0.0 0.0 0.0 0.0 0.0 0.0
0.0 0.06463471797598186 0.0 0.00012728852408872005 0.0 0.0 0.01726147494579139 0.0 0.02443769239237209 0.0 0.0 0.0 0.0 0.37796305850341705 0.0 0.0 0.06511419433033333 0.0 0.0 0.0
0.0 0.0 0.024901322663025027 0.08046049844717551 0.1321654597609676 0.0 0.0 0.0 0.0 0.0 0.0 0.0 0.0 0.0 0.049038260370756606 0.0 0.0071919191117501835 0.0 0.0 0.0
0.0 0.0 0.0 0.05410069796447703 0.07705831961590948 0.0 0.0 0.0 0.0 0.0 0.0 0.0 0.0 0.0 0.0 0.0027051905725471673 0.031792872884706835 0.0 0.0 0.0
0.0 0.027644592722770533 0.005448141872060247 0.060246822457477534 0.1716638136087117 0.0 0.01884180550458689 0.0 0.05232866479210402 0.0 0.0 0.0047643314492472055 0.0 0.06511419433033333 0.0071919191117501835 0.031792872884706835 0.14976111981195503 0.0 0.0 0.057174334828250684
0.05086266726899427 0.0 0.12652145718931007 0.05693009323832965 0.08793783716946035 0.06888348981066239 0.0 0.008878489527422345 0.04439209562388413 0.06044765130752483 0.11316532498015874 0.02536388244605628 0.0 0.0 0.0 0.0 0.0 0.26682452853672134 0.10434362850734014 0.0737787349041451
0.0 0.0 0.07433435193152893 0.05866794346962867 0.2179043874467539 0.0 0.0 0.047875426195682635 0.037336094116694724 0.013537796621651332 0.04723908842293237 0.02602434890325256 0.0 0.0 0.0 0.0 0.0 0.10434362850734014 0.17965762979911803 0.06212523499149614
0.0 0.0 0.03519931562366385 0.16560895084623728 0.13747687269286435 0.0 0.0 0.03600993188379498 0.07870555025162143 0.01659182193336728 0.034775292351769266 0.02124370613719151 0.0 0.0 0.0 0.0 0.057174334828250684 0.0737787349041451 0.06212523499149614 0.1853128791239428
