0.0694074278303669 0.12037802898017952 0.05538706613975431 0.007403322815509195 0.010696525033442596 0.025880995415045596 0.12669382920278977 0.019442657435488977 0.07624401351999918 0.06892238254245422 0.07639207997630937 0.18657394643057726 0.004242869834267683 0.003002175045185798 0.04242869834267684 0.022189545487036527 0.022786917052150028 0.018926977708339714 0.03204362344147291 0.01095691776695361
0.006890729134496355 0.0 0.0 0.0 0.0 0.0 0.0 0.0 0.0 0.0 0.0 0.0 0.0 0.0 0.0 0.0 0.0 0.0018966959985604603 0.0 0.0
0.0 0.02882919297320896 0.0 0.0 0.0 0.0 0.0 0.0 0.0 0.0 0.0 0.0 0.0 0.0 0.0 0.0 0.0 0.0 0.0 0.0
0.0 0.0 0.10004287482234134 0.0 0.0072510889538989765 0.0 0.03022313578278002 0.0 0.0007372047535970094 0.0 0.0512517704470799 0.002222988962501657 0.0 0.0 0.0 0.0 0.0 0.052150355276736726 0.015345643913826756 0.0
0.0 0.0 0.0 0.29260756496553453 0.0 0.0 0.0 0.0 0.0 0.0 0.0 0.0 0.0508604081219865 0.0 0.0 0.0 0.0 0.0 0.0 0.05310461488724061
0.0 0.0 0.0072510889538989765 0.0 0.2929875514326653 0.0 0.0 0.020508151035708633 0.013769459794913896 0.0 0.0 0.0 0.008531643522756871 0.0 0.043605953262032315 0.0 0.06532968485544721 0.0 0.10629440398987244 0.02486890406101383
0.0 0.0 0.0 0.0 0.0 0.011365874709935043 0.0 0.0 0.0 0.0 0.0 0.0 0.0 0.0 0.0 0.0 0.0 0.01869702429238168 0.0 0.0
0.0 0.0 0.03022313578278002 0.0 0.0 0.0 0.03159325545361611 0.0 0.0 0.0 0.0 0.0 0.0 0.0 0.0 0.0 0.0 0.0 0.0 0.0
0.0 0.0 0.0 0.0 0.020508151035708633 0.0 0.0 0.013741154347264486 0.0 0.0 0.0 0.0 0.0 0.0 0.0 0.0 0.0 0.0 0.012423551034819624 0.0
0.0 0.0 0.0007372047535970094 0.0 0.013769459794913896 0.0 0.0 0.0 0.07305153288855523 0.0 0.0 0.0058896138647750035 0.0 0.0 0.0 0.0 0.00597708655086962 0.0 0.0 0.026080132131800937
0.0 0.0 0.0 0.0 0.0 0.0 0.0 0.0 0.0 0.0057908377001759 0.0 0.0 0.0 0.0 0.0 0.0 0.0 0.011781650428269341 0.0 0.0
0.0 0.0 0.0512517704470799 0.0 0.0 0.0 0.0 0.0 0.0 0.0 0.056049609611277876 0.0 0.0 0.0 0.0 0.0 0.0 0.050792386306966364 0.0002485436446111322 0.0
0.0 0.0 0.002222988962501657 0.0 0.0 0.0 0.0 0.0 0.0058896138647750035 0.0 0.0 0.0026914272445949907 0.0 0.0 0.0 0.0 0.0 0.0 0.0 0.0
0.0 0.0 0.0 0.0508604081219865 0.008531643522756871 0.0 0.0 0.0 0.0 0.0 0.0 0.0 0.03934863874848418 0.0 0.0 0.0 0.0 0.0 0.0 0.0
0.0 0.0 0.0 0.0 0.0 0.0 0.0 0.0 0.0 0.0 0.0 0.0 0.0 0.24456433197279925 0.0 0.0 0.0 0.0 0.0 0.0
0.0 0.0 0.0 0.0 0.043605953262032315 0.0 0.0 0.0 0.0 0.0 0.0 0.0 0.0 0.0 0.031730639063430745 0.0 0.0 0.0 0.0 0.0
0.0 0.0 0.0 0.0 0.0 0.0 0.0 0.0 0.0 0.0 0.0 0.0 0.0 0.0 0.0 0.0017504174292952259 0.004887053405088798 0.0 0.0 0.0
0.0 0.0 0.0 0.0 0.06532968485544721 0.0 0.0 0.0 0.00597708655086962 0.0 0.0 0.0 0.0 0.0 0.0 0.004887053405088798 0.09690425399597088 0.0 0.0 0.0
0.0018966959985604603 0.0 0.052150355276736726 0.0 0.0 0.01869702429238168 0.0 0.0 0.0 0.011781650428269341 0.050792386306966364 0.0 0.0 0.0 0.0 0.0 0.0 0.17265116552376086 0.02555265938925083 0.0
0.0 0.0 0.015345643913826756 0.0 0.10629440398987244 0.0 0.0 0.012423551034819624 0.0 0.0 0.0002485436446111322 0.0 0.0 0.0 0.0 0.0 0.0 0.02555265938925083 0.1162490545758999 0.0
0.0 0.0 0.0 0.05310461488724061 0.02486890406101383 0.0 0.0 0.0 0.026080132131800937 0.0 0.0 0.0 0.0 0.0 0.0 0.0 0.0 0.0 0.0 0.1199083335507865
