2024-06-11 10:20:45
geometric OFF RCP GRD SAM1 SAMC1 BAT HG
0.1 1.0 0.13 0.133 0.669 0.695 0.331 0.124
0.2 1.0 0.13 0.162 0.785 0.78 0.349 0.152
0.3 1.0 0.039 0.201 0.88 0.887 0.37 0.216
0.4 1.0 0.0 0.308 0.92 0.926 0.41 0.279
0.5 1.0 0.0 0.3 0.927 0.927 0.447 0.319
0.6 1.0 0.0 0.346 0.924 0.92 0.447 0.367
0.7 1.0 0.0 0.381 0.94 0.94 0.502 0.405
0.8 1.0 0.0 0.438 0.943 0.943 0.448 0.414
0.9 1.0 0.0 0.526 0.931 0.931 0.469 0.497
2024-06-13 10:01:50
geometric OFF RCP GRD SAM1 SAMC1 BAT HG
0.5 1.0 0.0 0.298 0.925 0.932 0.387 0.317
