2024-06-04 07:43:28
poisson OFF RCP GRD SAM1 COL1 BATCH HG
10 1.0 0.003 0.5 0.606 0.608 0.61 0.488
20 1.0 0.021 0.533 0.54 0.533 0.674 0.505
30 1.0 0.06 0.466 0.543 0.548 0.696 0.44
40 1.0 0.095 0.446 0.559 0.554 0.744 0.464
50 1.0 0.144 0.45 0.532 0.53 0.742 0.403
2024-06-04 19:58:39
poisson OFF RCP GRD SAM1 COL1 BATCH HG
10 1.0 0.015 0.206 0.671 0.684 0.546 0.263
20 1.0 0.052 0.236 0.68 0.681 0.568 0.215
30 1.0 0.08 0.181 0.607 0.604 0.634 0.187
40 1.0 0.114 0.163 0.593 0.608 0.647 0.21
50 1.0 0.17 0.158 0.653 0.647 0.658 0.206
2024-06-05 14:20:17
poisson OFF RCP GRD SAM1 COL1 BATCH HG
10 1.0 0.014 0.267 0.731 0.735 0.52 0.255
20 1.0 0.059 0.193 0.642 0.643 0.584 0.2
30 1.0 0.093 0.198 0.643 0.638 0.605 0.205
40 1.0 0.122 0.178 0.625 0.625 0.635 0.189
50 1.0 0.151 0.171 0.618 0.615 0.638 0.186
2024-06-05 19:49:35
poisson OFF RCP GRD SAM1 COL1 BATCH HG
2 1.0 0.0 0.462 0.897 0.897 0.365 0.391
4 1.0 0.0 0.299 0.856 0.849 0.456 0.365
6 1.0 0.003 0.259 0.801 0.804 0.421 0.271
8 1.0 0.003 0.272 0.693 0.701 0.507 0.255
10 1.0 0.028 0.276 0.739 0.75 0.515 0.284
12 1.0 0.029 0.252 0.684 0.681 0.499 0.217
14 1.0 0.045 0.245 0.717 0.709 0.558 0.257
16 1.0 0.035 0.245 0.701 0.696 0.55 0.242
18 1.0 0.068 0.21 0.654 0.65 0.594 0.218
20 1.0 0.034 0.192 0.658 0.635 0.515 0.182
