2024-06-04 06:50:34
poisson OFF RCP GRD SAM1 COL1 BATCH HG
10 1.0 0.086 0.128 0.968 0.968 0.419 0.209
20 1.0 0.102 0.111 0.914 0.91 0.44 0.12
30 1.0 0.232 0.072 0.861 0.857 0.446 0.103
40 1.0 0.252 0.053 0.874 0.829 0.491 0.081
50 1.0 0.264 0.089 0.771 0.738 0.507 0.068
2024-06-04 21:42:56
poisson OFF RCP GRD SAM1 COL1 BATCH HG
10 1.0 0.07 0.122 0.967 0.972 0.392 0.139
20 1.0 0.155 0.1 0.928 0.924 0.435 0.096
30 1.0 0.175 0.073 0.896 0.899 0.464 0.096
40 1.0 0.209 0.068 0.845 0.845 0.471 0.068
50 1.0 0.268 0.043 0.806 0.805 0.489 0.059
2024-06-05 18:11:37
poisson OFF RCP GRD SAM1 COL1 BATCH HG
2 1.0 0.0 0.395 1.0 1.0 0.481 0.432
4 1.0 0.057 0.317 1.0 1.0 0.48 0.301
6 1.0 0.024 0.168 0.994 0.994 0.377 0.15
8 1.0 0.059 0.103 0.956 0.961 0.414 0.123
10 1.0 0.066 0.151 0.98 0.98 0.407 0.092
12 1.0 0.141 0.104 0.98 0.973 0.404 0.081
14 1.0 0.141 0.085 0.94 0.951 0.451 0.063
16 1.0 0.074 0.088 0.97 0.944 0.403 0.116
18 1.0 0.131 0.099 0.945 0.942 0.45 0.089
20 1.0 0.161 0.12 0.932 0.927 0.428 0.088
2024-06-05 20:11:14
poisson OFF RCP
2 1.0 0.0
4 1.0 0.0
6 1.0 0.019
8 1.0 0.065
10 1.0 0.093
12 1.0 0.065
14 1.0 0.064
16 1.0 0.113
18 1.0 0.156
20 1.0 0.088
