2024-06-05 09:59:58
poisson OFF RCP GRD SAM1 COL1 BATCH HG
10 1.0 0.016 0.243 0.737 0.741 0.507 0.245
20 1.0 0.056 0.177 0.681 0.678 0.56 0.186
30 1.0 0.078 0.165 0.64 0.649 0.611 0.182
40 1.0 0.114 0.177 0.618 0.613 0.62 0.177
50 1.0 0.153 0.165 0.611 0.613 0.645 0.184
2024-06-05 19:13:24
poisson OFF RCP GRD SAM1 COL1 BATCH HG
2 1.0 0.0 0.483 0.914 0.914 0.468 0.367
4 1.0 0.0 0.381 0.827 0.82 0.402 0.351
6 1.0 0.011 0.297 0.834 0.825 0.42 0.353
8 1.0 0.011 0.266 0.719 0.723 0.487 0.26
10 1.0 0.011 0.245 0.725 0.703 0.489 0.271
12 1.0 0.016 0.239 0.69 0.685 0.509 0.21
14 1.0 0.011 0.215 0.731 0.732 0.522 0.231
16 1.0 0.037 0.175 0.687 0.705 0.544 0.164
18 1.0 0.05 0.177 0.653 0.651 0.552 0.17
20 1.0 0.033 0.176 0.69 0.691 0.522 0.166
