2024-06-05 07:47:31
poisson OFF RCP GRD SAM1 COL1 BATCH HG
10 1.0 0.016 0.206 0.778 0.782 0.47 0.219
20 1.0 0.066 0.14 0.697 0.692 0.519 0.159
30 1.0 0.086 0.143 0.662 0.663 0.572 0.142
40 1.0 0.131 0.135 0.649 0.653 0.61 0.153
50 1.0 0.154 0.128 0.619 0.625 0.626 0.131
2024-06-05 18:46:35
poisson OFF RCP GRD SAM1 COL1 BATCH HG
2 1.0 0.0 0.391 0.947 0.94 0.373 0.408
4 1.0 0.0 0.295 0.902 0.903 0.42 0.279
6 1.0 0.004 0.274 0.87 0.87 0.478 0.213
8 1.0 0.021 0.244 0.814 0.821 0.454 0.265
10 1.0 0.024 0.194 0.767 0.76 0.455 0.194
12 1.0 0.031 0.171 0.774 0.756 0.446 0.169
14 1.0 0.037 0.237 0.733 0.722 0.518 0.162
16 1.0 0.034 0.13 0.723 0.733 0.55 0.195
18 1.0 0.033 0.186 0.715 0.728 0.506 0.159
20 1.0 0.079 0.18 0.687 0.706 0.537 0.133
